2H chemical shift (ppm),0,1,2,3,4,5,6,7,8,9,10,11,12,13,14,15,16,17,18,19,20,21,22,23,24,25,26,27,28,29,30,31,32,33,34,35,36,37,38,39,40,41,42,43,44,45,46,47,48,49,50,51,52,53,54,55,56,57,58,59,60,61,62,63,64,65,66,67,68,69,70,71,72,73,74,75,76,77,78,79,80,81,82,83,84,85,86,87,88,89,90,91,92,93,94,95,96,97,98,99,100,101,102,103,104,105,106,107,108,109,110,111,112,113,114,115,116,117,118,119,120,121,122,123,124,125,126,127,128,129
0.7374353914189955,163.4163125,205.0363125,58.1348125,149.152125,356.2916875,119.36375,30.8581875,285.767375,197.1666875,309.4009375,510.087125,-36.1338125,458.5366875,371.8966875,201.1081875,361.8510625,90.8268125,-109.4405625,138.711875,148.310625,131.947875,450.4333125,369.3389375,553.0505,315.827125,348.293875,357.070125,223.0876875,471.324875,450.036,352.668875,805.9055,485.7136875,268.531875,526.3378125,122.37575,337.776625,77.1841875,712.28625,71.7760625,224.777,28.2503125,484.1635625,589.744125,455.111125,324.8680625,339.534375,290.9349375,422.74675,455.4695,728.894125,653.13075,175.5050625,497.0871875,822.4464375,379.479125,409.045,249.837375,490.3430625,500.849375,-19.063,490.0729375,555.5901875,284.7870625,276.78625,205.5786875,288.2536875,444.4643125,345.0816875,20.392125,503.3780625,137.209375,438.1945625,366.0214375,658.5661875,930.3374375,653.4965,372.1943125,403.2610625,397.9005625,573.5895,277.017625,788.7169375,381.604875,182.2590625,145.50625,124.9038125,494.0673125,225.250125,511.9515625,259.0346875,817.4960625,201.1866875,169.3355625,345.1234375,571.379625,456.1386875,272.7843125,-18.9100625,358.945625,424.4279375,495.5436875,370.0595625,267.931625,280.6183125,338.659625,359.5266875,44.21175,341.4070625,665.550375,364.5085,297.7815625,492.008375,547.69675,452.014375,242.5124375,433.0415,413.9956875,271.0434375,448.6535,588.526375,94.74725,189.1593125,450.356375,754.8246875,660.9258125,477.3398125,128.6968125,270.78325,274.584875
0.7415079141410787,189.181875,259.33375,62.4634375,153.778875,333.1796875,124.5365,-4.1405625,327.77825,294.424125,343.8275625,510.3304375,12.4231875,492.133875,376.6391875,200.7450625,342.9341875,106.8514375,-97.9471875,78.8486875,128.0294375,140.755625,438.57025,392.889375,578.68925,288.5638125,299.455,380.652625,213.388125,465.7980625,423.42175,339.425125,810.0884375,453.566125,235.29425,556.9390625,115.877,399.4185625,62.5856875,699.676,34.33475,226.3206875,91.04425,465.3355,631.1338125,487.94825,334.1130625,393.45025,332.1433125,400.7033125,432.574625,674.29675,643.987125,110.136625,478.241625,809.7224375,389.4595625,401.8495,251.46,493.5305,563.764875,88.4063125,577.0406875,607.5063125,284.6626875,244.6490625,173.27125,288.1715625,449.3591875,373.342125,14.0040625,493.982875,139.516875,471.5600625,385.536625,627.43175,903.7909375,681.7150625,411.9048125,408.4930625,381.3936875,562.60925,240.22775,806.5035625,384.8728125,179.6095,136.93975,178.493125,520.351125,222.1975,491.6914375,304.8468125,760.925,191.555875,160.976,375.04025,594.8625,499.946125,295.20375,18.8919375,380.2924375,398.7630625,507.801375,386.0551875,259.360375,231.9049375,322.807125,320.15225,64.7065,363.908875,661.7846875,373.4168125,241.970875,463.078,574.13425,451.6759375,239.95175,434.80825,416.73675,318.267125,447.7635625,506.1175,112.61125,199.78025,489.2756875,781.70575,665.7220625,503.11625,112.0029375,303.173375,323.482375
0.7455804368631478,224.1030625,301.8181875,80.2910625,148.286125,309.744,114.18725,-18.78375,353.7524375,389.5505625,370.2211875,499.646375,60.7550625,521.699125,368.278125,218.870875,334.89525,133.044375,-83.8123125,12.36,120.116625,139.1608125,407.5529375,394.0424375,617.772375,256.979875,270.8588125,384.9629375,211.0706875,456.1313125,407.582375,324.2334375,792.4781875,441.98325,204.0106875,578.399875,107.3525,464.2280625,71.7905,672.08925,-3.4979375,237.5285625,158.2679375,429.99075,679.2536875,519.787625,344.844125,428.737375,351.4868125,387.5241875,408.6798125,621.221125,599.52825,65.483125,468.2773125,768.499,397.406375,410.52925,254.4079375,485.538875,626.2054375,196.393,656.168625,648.391875,291.688125,229.1775625,162.2326875,301.0529375,466.383375,405.716375,25.9089375,458.0999375,135.145,505.5834375,413.5209375,595.734875,861.51675,698.3546875,456.3055625,416.8374375,384.69025,528.3805,199.1306875,802.7765,400.5345625,164.4244375,116.8441875,242.2665625,523.7124375,220.327125,484.83225,329.87575,701.380375,208.093375,156.90125,415.1968125,603.8175,526.0150625,324.61225,74.668625,393.135125,375.2055625,515.8665,392.6335,256.849,180.1764375,306.5339375,285.1413125,91.108,391.7604375,633.8816875,369.25,196.7014375,428.7455,580.631125,455.4768125,259.903,425.8785625,428.0653125,375.6905,449.8498125,416.6743125,130.84175,191.3311875,522.355125,788.7088125,677.914375,517.033375,101.5398125,343.185,375.1759375
0.749652959585231,258.568875,329.4719375,108.815375,151.2353125,304.26875,77.6010625,-11.5346875,364.2414375,456.6154375,383.9128125,477.5015625,106.287875,529.290875,353.3795625,248.3185625,341.8468125,150.026625,-59.7446875,-37.6361875,126.4509375,129.3625625,355.8695625,376.682375,662.230125,231.972875,255.892875,366.979125,203.7681875,454.9843125,399.6620625,312.3055,763.388625,445.6164375,188.63,583.959375,103.8286875,503.3713125,106.10725,634.2468125,-38.57075,267.7000625,224.274125,384.8340625,724.3495625,547.6578125,366.0741875,438.1245625,340.709125,380.42125,379.3656875,574.673125,538.438,50.0781875,474.2238125,722.91975,406.3440625,426.569,262.278875,464.1478125,683.255875,285.1160625,707.9435,666.096875,305.2056875,231.352375,178.1768125,331.08475,494.372,432.5354375,64.6049375,399.45975,134.226875,527.6844375,446.025875,565.7600625,808.4486875,704.78325,505.7095625,443.354875,404.7894375,481.338375,159.526375,774.3375625,431.234875,136.6768125,91.2354375,319.3901875,512.62575,222.2050625,483.606875,348.29725,644.3735,240.2495625,175.4169375,467.4911875,600.318875,534.3471875,346.79825,143.5355625,400.966125,354.88125,514.706,392.979,256.7170625,128.3050625,299.5601875,262.2885625,106.27,413.826625,583.0741875,359.6174375,173.7126875,396.283375,574.7858125,458.53025,301.4388125,418.362375,434.746125,418.823375,454.421,339.1925625,141.4334375,178.19825,531.27075,776.3226875,685.54975,512.4589375,104.1275625,396.551375,423.58075
0.7537254823073001,291.90375,346.163375,144.67175,177.2428125,321.67425,22.054375,7.372125,366.1769375,485.0383125,384.9938125,446.2559375,148.700125,506.8575,339.303875,281.9939375,362.678875,139.702875,-24.4029375,-64.151625,144.019125,119.6580625,297.153,356.540375,699.891125,224.910625,246.533125,334.4624375,180.322625,463.9645,392.3458125,302.7919375,731.0893125,447.60725,202.1195625,566.6385,116.131,504.17025,156.486,604.414875,-71.662,312.343625,286.66875,335.0410625,759.8961875,566.0789375,400.6175,420.2495,305.747875,380.1085,349.139125,541.989375,488.2218125,60.62225,493.6375,692.929875,416.8459375,440.49175,277.501125,432.1845625,725.922,337.7966875,722.643125,645.6706875,313.3886875,236.069375,219.11,375.9048125,525.0626875,446.4239375,129.3585,323.77125,154.4771875,542.6291875,482.3496875,536.755875,750.320125,708.7271875,556.4416875,481.79825,443.1615,436.26875,120.029125,726.8406875,470.84875,108.2325625,70.327625,405.856875,497.1555,230.5106875,482.864625,365.0583125,593.443125,280.74025,221.8195,532.201,590.183125,528.826625,353.9983125,212.4855625,413.6288125,336.6705625,500.397,386.4345,255.35725,82.36575,302.2489375,261.7434375,96.2280625,419.1409375,514.3625,356.5315625,172.633875,366.695875,564.7530625,457.4308125,349.22,412.94725,437.4339375,432.3130625,459.815375,287.0421875,138.5438125,173.5191875,516.1184375,747.8684375,676.5589375,481.302625,115.612,463.354375,462.1253125
0.7577980050293833,330.0581875,354.5425625,178.510375,225.4465,349.37575,-32.001875,21.87125,366.517375,476.4579375,376.6045,412.5638125,184.9745,461.217875,331.4818125,320.5374375,399.068125,101.458,14.7274375,-71.421375,164.247125,116.195,249.4874375,349.1480625,719.5311875,240.90525,239.9106875,301.1895,142.8169375,471.6905625,379.8565625,293.21325,696.999,436.8263125,246.7918125,524.8343125,149.329125,478.201375,210.909625,601.1413125,-106.4358125,350.98225,345.01725,282.8545,780.7783125,572.145625,438.3440625,378.3470625,264.532625,390.9356875,333.4418125,526.141375,465.8674375,92.692125,515.74775,680.92925,425.802,452.058625,299.0585625,399.5436875,748.4835,348.9880625,706.9181875,589.9361875,306.7568125,227.0783125,274.0360625,425.2734375,544.8214375,445.04725,207.69875,238.001125,201.17075,560.75025,524.0849375,509.866,694.902,714.0266875,593.2305,516.2751875,504.131,399.813125,74.1756875,671.3181875,503.7964375,92.513875,66.2215,490.846875,482.1358125,245.241125,481.2221875,372.563,549.2355625,330.504625,289.7,595.56525,579.2981875,518.02525,347.505375,269.3820625,437.3781875,325.5635,480.8295,374.7196875,251.547375,54.011,309.159,285.6253125,62.99875,405.5825625,439.54575,371.66225,183.7205,336.4596875,555.271625,453.6535625,388.0463125,404.978,446.5655,417.8018125,464.31375,267.579375,121.4488125,182.0656875,488.6721875,711.377375,654.895,429.549375,132.077375,539.6600625,488.691875
0.7618705277514524,373.4568125,357.633625,201.9758125,279.2609375,368.800875,-62.809375,24.379625,368.9846875,441.11775,362.682375,385.7535625,206.67275,405.6979375,329.519625,367.0196875,452.5214375,51.862625,47.946375,-59.7150625,179.46075,119.897875,220.189625,358.24375,714.45325,274.7370625,238.8820625,281.2283125,103.7315625,464.951375,355.7823125,289.6360625,655.812625,416.1371875,312.0806875,461.901875,199.237875,446.2973125,262.0025625,625.3885,-139.3534375,361.877125,398.27475,232.079625,780.1634375,567.4925625,465.0254375,320.0581875,234.81525,414.9438125,345.5711875,523.054625,467.007125,139.5386875,530.7395,676.7261875,424.6716875,465.780875,327.9283125,376.871625,750.927875,325.1950625,675.617125,519.081375,285.7796875,207.0331875,326.5145625,469.2475,543.4,427.257125,285.25,154.3724375,260.769375,584.336875,568.3814375,485.8691875,648.963125,713.876625,599.85925,542.0601875,583.109875,373.5816875,25.1285,615.29925,515.5229375,95.5866875,86.204375,565.62,469.2456875,264.6425625,479.117625,369.15975,509.144,387.87,366.9853125,633.061375,570.6615,510.823625,335.1578125,309.5974375,468.3269375,332.5100625,467.7583125,362.1865,247.6121875,54.2664375,319.22525,318.072875,20.7683125,378.7166875,373.2669375,409.9580625,203.104625,302.537875,547.700125,450.512,412.6759375,391.5296875,470.032375,386.7555,470.72225,286.3363125,95.515875,198.160625,453.5448125,674.2279375,635.101875,377.743125,152.704125,617.7965625,509.3610625
0.7659430504735356,411.305375,359.620875,216.297125,315.926625,370.4425625,-58.516375,21.34025,370.661,400.436,346.83625,372.76875,207.0561875,350.239,326.704625,414.846375,513.770375,11.3975625,67.4189375,-28.5806875,185.723125,127.7229375,203.4139375,376.541875,686.2671875,317.6825,246.1813125,280.8539375,76.4143125,437.4024375,315.68225,303.15025,602.4935625,398.8494375,375.7240625,386.2213125,255.0988125,422.2960625,307.56925,662.6,-150.49625,338.6603125,441.86,190.7053125,757.3514375,559.257875,477.058625,260.3390625,222.439,443.825375,385.0654375,526.290375,474.1184375,185.3256875,534.9701875,670.5640625,401.2349375,482.6288125,368.0680625,363.3108125,736.487375,279.08725,641.6409375,455.263875,256.96875,195.016,363.418125,501.447,519.87575,389.7938125,351.5691875,83.9355625,316.762125,609.0314375,605.3164375,464.4018125,613.3880625,700.197375,575.6846875,566.4169375,663.6350625,360.701125,-10.76525,563.79625,505.266125,115.1088125,126.9284375,624.516875,463.058625,288.2925625,477.5395,367.0281875,473.64925,440.415875,442.34675,630.7256875,568.18425,514.542875,331.731875,332.802375,497.71125,361.72175,467.1056875,356.3891875,245.3291875,87.4844375,333.21425,337.77925,-18.809,350.728125,325.492875,463.4214375,237.556875,269.3884375,541.445625,447.2495,430.77575,373.837625,510.2123125,358.073875,486.7908125,339.1888125,69.64425,210.1540625,406.2884375,637.544,626.2298125,342.5286875,175.8208125,685.3325625,539.1275
0.7700155731956189,427.402,360.924625,229.024875,322.941,357.1064375,-20.179375,22.3015,364.766125,379.60175,331.203875,375.9951875,189.263875,301.644375,313.6030625,449.6566875,566.961375,-7.0176875,73.0960625,12.40475,182.743875,136.346125,190.4625625,394.95875,645.8394375,364.5423125,257.9618125,293.85575,65.001,394.651,264.0050625,337.5589375,539.760875,396.43325,415.0815625,316.328125,302.8373125,411.3671875,346.68675,700.3855625,-118.787,295.37825,468.53725,168.8633125,720.9085,557.9969375,482.12025,219.820125,225.9469375,461.5229375,438.85375,531.2279375,470.8593125,217.217625,528.41675,657.086625,352.80725,500.5225,417.6323125,346.5116875,705.518625,223.7359375,611.7443125,410.6508125,227.7125625,207.78125,382.412125,515.9290625,483.0689375,331.0623125,403.421625,29.53675,365.692,630.5698125,626.0598125,445.437625,584.5663125,675.9136875,535.8203125,595.261625,727.548375,364.470125,-15.3821875,525.6301875,481.868,144.662,175.326625,663.8618125,468.3838125,315.8335625,478.7770625,375.5301875,449.207375,472.925625,511.22825,595.981375,576.990375,537.5770625,351.300875,337.7304375,516.279125,401.3724375,477.675125,363.290625,242.337625,151.384375,348.2011875,339.6604375,-48.456375,335.9305625,299.0709375,517.5390625,289.6828125,245.402625,536.815625,439.98975,454.7815625,360.4001875,565.207875,349.1798125,516.807375,406.709875,53.5356875,208.5378125,344.5905625,600.3243125,626.0728125,325.7859375,197.6586875,732.79375,588.5188125
0.7740880959176879,409.87875,358.6490625,248.2013125,308.9064375,336.0794375,38.4568125,30.507125,351.4845625,389.5695625,316.642875,392.37,169.0306875,265.09525,284.4981875,462.2323125,607.2344375,-5.1654375,72.6286875,46.683625,173.3388125,148.1730625,179.176,409.6689375,607.7585625,411.2665,265.523125,313.096625,63.3639375,354.2755,213.324125,381.319,480.5635625,409.8431875,420.994875,275.0870625,328.4464375,413.26125,377.2278125,734.8981875,-45.68925,257.461625,471.6475625,170.97125,677.0965625,568.2493125,488.6200625,210.896875,247.940375,457.3811875,489.4281875,537.4570625,452.9870625,237.0990625,511.0818125,633.2361875,292.885875,518.0693125,467.757625,314.1638125,656.968125,171.4915,590.2781875,385.6376875,204.8898125,244.038875,388.4924375,506.7325625,449.1538125,257.2666875,444.1059375,-9.8725625,415.0715625,640.657875,630.937625,430.1099375,557.7793125,653.1839375,500.6449375,623.02825,762.4256875,384.2735,16.4246875,509.5495625,450.5334375,179.5874375,218.849375,686.50575,483.62775,342.68625,483.180625,391.4798125,441.1639375,481.3534375,574.653875,545.3985,596.978875,583.5149375,395.6475625,325.9829375,516.5941875,432.5324375,489.0295,380.9869375,236.970625,238.263875,361.6725,333.100125,-59.2559375,337.2865,290.7440625,558.8654375,346.4719375,232.62775,533.4293125,427.63725,488.056375,363.7234375,627.306625,362.0763125,554.0639375,464.5430625,53.9160625,189.3624375,278.9251875,562.14275,628.7590625,324.622,212.32325,761.92975,647.103875
0.7781606186397712,358.62175,352.3705,277.034375,295.05225,312.2721875,97.07625,43.8254375,337.247625,423.1681875,306.187125,410.461625,164.9155625,241.3416875,237.799,455.6369375,641.4254375,3.11075,71.6580625,64.4575,163.160375,173.324625,175.757375,421.433625,582.79775,451.1776875,266.72575,340.780375,65.272125,334.841125,178.405125,415.4578125,441.71775,435.4631875,399.7675,274.2248125,325.8455,422.415125,398.793875,764.6148125,47.2229375,245.04375,451.078125,189.69675,623.5123125,582.8754375,501.9770625,225.8563125,291.24225,433.6611875,522.120625,545.6725,429.0130625,255.2365625,485.4534375,599.8893125,241.79275,534.7510625,510.7893125,264.440375,598.565375,132.6730625,582.9400625,376.503875,192.1538125,289.314875,387.1505625,474.917625,432.5828125,183.6265625,478.286125,-36.902,468.8770625,625.9935,630.5089375,420.25175,531.08275,639.5985,483.8578125,635.06525,763.6401875,409.4845625,74.969,516.52625,412.17875,215.5300625,255.4486875,701.549375,507.381875,363.2734375,484.809,410.866625,447.758375,475.2945625,628.4165,492.213375,621.138625,645.42225,452.856375,307.0810625,500.2886875,445.6976875,486.9380625,402.443625,229.6234375,336.0684375,372.5328125,323.179375,-42.9298125,342.3173125,294.8598125,577.4975,385.0909375,225.3936875,529.7345,411.29575,520.61275,387.4424375,685.58025,380.9620625,585.0723125,497.090375,73.3435,155.3359375,228.2538125,520.7381875,631.5828125,336.0878125,215.455875,780.67325,689.357
0.7822331413618402,288.0771875,340.519125,308.004,293.80825,286.360125,142.3615625,54.8721875,326.1433125,464.0705625,306.9490625,411.954,182.9456875,229.5461875,171.3425625,441.864625,667.9530625,3.203125,71.4768125,70.5183125,158.3333125,221.2078125,190.414,430.6633125,573.573375,479.278625,271.5066875,379.76775,69.0526875,342.5338125,170.199,431.5374375,429.1530625,472.669625,366.653125,307.784125,300.009125,432.305875,413.6239375,783.1795,136.9238125,263.60725,414.760375,209.36725,557.2559375,591.4739375,527.748375,248.223625,349.5143125,400.68925,530.2139375,550.3184375,406.215125,282.346875,459.137125,565.8470625,214.0128125,551.1085,543.545125,209.70575,547.08575,113.7739375,593.2090625,380.3260625,186.3251875,330.960375,381.9085,430.4500625,436.968625,130.149875,508.4118125,-54.2370625,519.896125,581.1741875,639.8088125,414.6255625,505.5200625,633.11425,488.3845,618.56575,736.712,424.557625,144.2924375,542.6590625,371.8630625,243.278625,291.78225,716.7579375,545.43175,376.29475,475.9685625,433.810625,461.08,465.7608125,659.7840625,442.6703125,641.8113125,708.8779375,507.2283125,290.436,479.84,445.9934375,466.6929375,421.2643125,219.751,431.0191875,379.5733125,306.75425,1.721125,337.3336875,307.67,572.53625,388.6294375,214.4601875,529.324625,392.2204375,540.7864375,421.541,731.51325,384.692,602.358625,504.0844375,111.5308125,116.949375,203.205625,475.3465,632.5004375,352.598125,208.7245625,795.1715625,694.4189375
0.7863056640839234,219.0543125,318.007,327.8936875,301.5665,258.0009375,170.9753125,53.20475,319.1643125,494.980875,321.811875,382.393,219.60325,231.70225,88.4720625,434.781375,672.554625,-13.1720625,71.7705,78.957375,162.3616875,288.2036875,226.1761875,433.1324375,575.1524375,497.23675,290.5913125,423.781125,74.472625,372.5605625,190.586375,435.979625,432.6885625,520.70975,338.1505,356.89875,263.3485625,438.20325,420.7800625,781.5484375,207.1948125,309.2693125,371.9590625,217.8711875,483.623625,588.31525,569.9290625,272.0071875,410.358875,369.1973125,517.4675625,538.277125,385.0349375,324.963625,438.5666875,543.50975,216.115625,567.7681875,562.2853125,166.0715625,514.988625,117.783375,617.10525,396.820125,182.887125,361.6920625,374.55075,383.765375,454.41175,109.378125,536.728,-60.254625,560.02125,516.556625,668.5479375,408.675,476.4150625,632.230125,509.0831875,573.5109375,694.1505,423.774125,207.023875,583.1213125,337.8161875,258.284875,332.15175,731.764875,602.1914375,385.1228125,456.5756875,458.0701875,468.597,454.7229375,658.865375,399.229,658.281375,759.318625,547.350625,277.422625,470.542125,443.7746875,438.8704375,438.296,209.807,511.7318125,382.30925,282.38275,69.5820625,320.8741875,325.794625,555.743375,358.7593125,193.697875,538.216875,378.0466875,547.797375,454.671625,762.867875,367.624875,609.3664375,498.9799375,163.9925,85.0768125,202.281875,432.8664375,628.7364375,365.50325,198.489375,807.9503125,654.13475
0.7903781868059925,164.6921875,282.765375,331.0070625,311.2700625,229.991625,183.9135,33.301375,317.3731875,504.5663125,342.807875,324.1303125,268.679375,246.440875,9.091875,444.3748125,647.053125,-42.297875,69.8716875,101.658375,176.219125,357.0018125,270.1944375,425.145,580.0963125,507.16625,327.7059375,465.4486875,80.920625,419.0349375,229.5369375,440.9293125,440.1305,570.2916875,326.4391875,403.1840625,232.154,436.460625,416.081,760.043375,249.0196875,376.744375,328.560375,216.5961875,417.4070625,572.123125,625.579375,298.5395,463.601375,345.4111875,494.308375,502.564125,367.4693125,380.3953125,425.03675,537.1358125,244.1025625,581.55,563.5269375,138.329125,502.454125,145.1083125,644.5935625,430.8706875,185.123625,377.785875,365.5348125,340.8206875,471.6136875,115.15575,567.3028125,-50.399625,592.9485625,447.9640625,712.1515625,398.7085625,432.423625,638.2571875,533.0919375,515.9785,645.2354375,413.501375,252.344875,631.9184375,313.4571875,270.51275,375.0765,741.7875625,675.341625,395.5159375,435.1834375,475.22125,455.303375,438.2341875,631.907625,367.33125,679.737375,790.0169375,561.311625,267.2646875,479.945375,444.799125,419.1851875,460.9451875,208.034875,572.4815625,382.3176875,254.235875,152.9755625,301.1195,341.537625,543.6168125,311.4900625,164.190375,555.5921875,381.9796875,551.83275,482.7976875,785.2919375,343.9311875,612.944,498.139125,223.1209375,64.6653125,218.94925,405.3545625,616.4044375,373.757375,190.2586875,812.7148125,574.5728125
0.7944507095280757,127.5651875,239.79025,319.876125,320.3361875,207.336,185.243,-3.61075,323.009,489.9154375,357.0225,258.1801875,314.667125,265.8695625,-40.8770625,472.4369375,600.1584375,-68.17325,65.971625,138.6551875,200.1173125,409.14325,303.5445,411.2164375,584.7414375,506.238125,384.5053125,504.106625,87.124,476.30025,270.4275625,455.674125,446.7670625,605.681625,335.110375,443.0061875,222.877375,424.6289375,402.5328125,732.029,265.1426875,460.6249375,287.0876875,218.8056875,375.5255,543.189625,685.674625,323.964,504.9518125,332.7026875,473.7634375,456.15225,357.284125,438.3415625,417.4045625,541.103125,284.120125,585.6464375,552.941,123.5636875,503.207,191.8564375,665.0758125,483.4793125,199.013,379.933375,356.7445625,306.2230625,479.0535,129.517875,600.4745625,-22.3974375,629.31675,385.3045625,753.518875,386.7323125,370.720625,645.8430625,546.1299375,464.5689375,593.292625,402.44,282.4295,681.31525,295.15575,294.8845625,419.3013125,745.65025,758.6965625,413.39525,420.640875,473.34625,412.3616875,416.5541875,599.521,355.2005,714.92575,803.6676875,534.5456875,261.8691875,503.178375,449.370375,415.92925,490.2948125,218.91475,609.6376875,384.276875,233.89775,237.767625,282.6478125,347.351125,542.581,262.3119375,131.890875,574.2941875,410.2255625,565.1401875,503.6170625,807.37425,332.2385625,618.28675,507.002875,281.2209375,60.071625,246.35675,395.429625,591.833,384.6425625,188.26575,795.2068125,478.736875
0.798523232250159,105.258,199.8528125,297.0383125,327.3705,196.0199375,181.1630625,-51.38275,338.322375,457.7106875,356.179625,209.5343125,337.760875,285.19225,-51.35775,513.5825,545.6920625,-75.8785,67.3631875,177.8598125,229.58125,434.090125,316.5223125,395.43225,589.1368125,492.7264375,456.199375,539.1956875,92.428375,532.437,302.7960625,479.1995625,448.866,617.263125,359.5216875,483.3393125,245.3436875,403.344625,392.547375,711.634375,270.7668125,554.245125,249.848,236.381625,366.47675,500.70275,739.696,344.608375,538.0888125,333.8810625,467.4965,422.557625,352.96275,487.635,415.2636875,549.7653125,320.26775,578.408875,546.5869375,123.2843125,512.14925,248.327625,675.76575,539.889375,225.815625,372.2538125,354.7950625,290.0375625,475.28525,140.237125,630.2233125,24.7656875,676.8890625,335.3645,775.2943125,381.302625,305.5664375,643.137125,542.2799375,423.597375,545.0113125,394.056625,308.1771875,719.10275,277.1058125,339.4435625,462.53125,749.0185,844.716625,441.8936875,417.964875,449.522625,346.738625,397.675,576.662625,367.7653125,757.2453125,804.065,462.9748125,263.322,526.7669375,454.8094375,425.759125,515.557625,234.959125,618.3474375,393.1718125,239.38775,303.446375,263.6920625,347.7054375,546.6054375,220.3510625,107.146125,589.9744375,454.29825,589.9218125,512.7371875,829.9029375,344.0348125,628.24075,517.336125,331.7753125,75.87325,277.822875,393.0113125,559.81625,404.57025,199.8315,750.1084375,393.776375
0.802595754972228,93.094625,174.692625,260.5095,328.673125,203.2296875,180.7124375,-99.103625,360.020375,423.89825,343.460625,189.021,333.9403125,304.9104375,-30.3595625,558.06225,489.0425625,-59.7146875,80.796125,208.27675,253.6814375,433.4125,310.9889375,369.24825,590.7516875,474.1956875,526.1673125,563.7915,101.9425,572.79475,325.894375,498.5249375,440.198125,606.483625,393.3835625,524.3255625,295.152,377.976125,397.3171875,702.2560625,282.657375,646.2928125,222.625375,267.736125,384.7429375,447.523,778.889,364.0168125,571.66425,346.8508125,476.617375,414.934375,345.7943125,520.628875,419.8665625,563.2565,335.363625,567.4379375,560.1449375,138.7876875,527.0965625,303.5969375,684.6914375,579.3903125,260.6025625,357.194625,366.99475,305.355,462.09975,147.3199375,650.82175,92.16925,734.459,304.31975,768.3328125,387.59675,257.9163125,623.1259375,525.658,386.63825,512.256125,389.041375,340.0554375,735.0615625,257.664625,398.6160625,499.6765625,761.8910625,924.76375,476.2820625,431.2196875,417.4315625,279.8848125,389.1863125,559.84825,403.9134375,788.0065625,787.507375,365.1253125,270.9005625,536.411125,459.8613125,436.9663125,524.59625,242.910375,596.88775,409.142125,280.2180625,336.603375,239.74,358.516125,548.5255,191.61675,103.4696875,603.335375,493.258625,617.5484375,506.92675,844.371,379.3089375,637.9678125,518.63825,369.0281875,108.88725,309.589875,393.5259375,533.2349375,428.88825,226.4610625,688.708,330.6386875
0.8066682776943113,84.076375,174.443125,207.6500625,319.026625,229.2806875,193.532125,-135.7861875,378.4570625,404.673125,328.370875,193.461625,315.0634375,321.411375,7.6715,593.750375,430.1999375,-21.8019375,106.8936875,231.677875,263.9093125,423.351,295.3075,322.97425,584.384625,461.9596875,577.1825,568.5403125,125.750375,591.7699375,343.2793125,502.4255625,420.7569375,581.70575,431.175625,556.342375,353.962,354.2569375,415.5033125,698.6995625,308.1551875,721.1940625,211.838375,299.0629375,417.275125,395.6658125,797.8026875,383.3055,612.7423125,363.1404375,492.6219375,429.7005625,323.9095625,537.50025,429.40175,580.298375,314.325875,558.49675,600.5071875,164.8045,545.979625,349.380125,698.1958125,594.1618125,291.9850625,334.932125,395.1360625,355.0050625,437.023375,156.0355,660.479375,178.259625,789.982875,292.1393125,731.0899375,400.4330625,238.6060625,590.7143125,505.09275,351.827125,504.677625,392.3679375,378.5191875,731.773125,241.837375,455.8019375,530.596375,787.538125,984.2464375,504.9090625,461.1141875,393.9686875,232.562375,389.641625,538.8390625,457.974875,790.376,747.3268125,276.171875,279.357625,526.228,467.6135,438.1094375,514.5554375,233.6755,550.5785,424.7713125,346.3339375,340.3300625,206.184125,392.180375,543.6131875,181.1896875,126.7186875,614.8005625,507.21225,643.248125,491.0919375,842.350875,426.838,637.9600625,509.4943125,388.5685625,147.6256875,344.806,405.7165625,522.965125,442.7653125,253.86025,624.90075,285.301875
0.8107408004163803,70.3163125,206.4340625,148.5049375,294.9001875,261.696875,221.71175,-155.90075,388.3580625,405.657125,315.2740625,215.41625,294.584,327.369125,52.3075625,613.6039375,371.83975,28.0696875,140.7440625,254.552,260.310625,426.2236875,278.045375,263.793875,571.105125,457.000875,603.024625,552.928125,170.366125,593.765875,358.89425,496.3626875,401.458125,554.6109375,467.7945625,574.2669375,401.253375,332.924375,431.7285,696.5329375,342.7275625,768.746125,220.2109375,317.286875,455.1665,356.8634375,793.727125,394.639125,663.1701875,374.365375,508.3778125,454.86025,279.834875,547.02525,436.32,592.172,259.0229375,547.7716875,664.96875,197.181375,562.4404375,377.47025,712.175375,590.377,310.96225,309.1779375,432.8139375,424.4106875,397.5733125,171.878375,661.896,277.818875,829.3896875,292.6239375,669.5438125,415.1475,243.187875,559.86475,487.7630625,327.8055,525.4833125,409.513125,411.026125,719.18675,237.0958125,497.940125,557.3585625,817.1765,1003.9415,517.7909375,500.4073125,386.267875,216.7035,393.2621875,511.9685,520.4913125,757.2289375,685.0710625,226.2454375,279.5335625,501.192625,482.905,422.082625,492.8483125,204.9355,490.97225,429.65325,417.006,328.196625,167.5791875,446.784875,526.3535625,192.0473125,170.27525,623.7351875,491.6315,672.1818125,481.0250625,820.51425,474.2181875,628.096375,497.4628125,391.936375,185.1019375,387.6798125,435.816375,531.5968125,436.2760625,264.874375,563.6539375,252.947875
0.8148133231384636,47.2651875,269.4605625,106.9381875,256.0531875,285.89175,257.28625,-156.9783125,392.8886875,421.3505625,302.927625,243.0601875,283.54775,326.82925,100.2386875,624.576625,321.6635,79.1491875,173.692625,277.346,249.93475,452.942625,262.70275,208.5011875,558.1596875,452.0651875,607.3048125,529.3910625,234.3745,587.341,373.4256875,500.3480625,391.52925,538.49925,499.579125,587.6998125,427.08975,308.9644375,431.3461875,697.76025,376.123625,789.0989375,247.1309375,321.3375,494.9295,333.6065,774.0473125,390.6290625,719.9575,376.4596875,522.76775,480.450875,219.5368125,557.04225,434.286,591.796125,194.915,530.6454375,741.069875,237.367875,571.06725,383.9283125,718.45225,577.2486875,319.0851875,286.6825625,466.2249375,489.1063125,351.4433125,199.251875,663.433875,380.5185625,845.872625,300.143875,602.1723125,440.1480625,263.0415625,543.769875,476.2855,328.647375,569.0153125,438.8518125,420.3079375,703.5241875,250.1005,523.5759375,573.9084375,839.7981875,974.3468125,513.9065,533.028,396.1010625,237.897625,397.3485,481.62575,580.1956875,694.5998125,610.9950625,223.8358125,264.1441875,471.9451875,504.9468125,386.51,467.64075,161.22675,431.8675,420.8818125,476.0688125,313.7105625,139.0694375,508.756,498.026625,223.917,223.425625,630.127125,451.1383125,706.5119375,489.492375,778.16525,518.204375,616.8186875,491.250375,387.3645,222.88125,434.020625,477.138875,550.57625,413.813875,255.08075,507.888375,233.634875
0.8188858458605326,17.1783125,348.224875,99.6503125,204.232125,295.338625,288.776,-135.745125,394.4380625,440.1064375,290.1918125,263.2256875,286.2548125,336.61125,148.17175,642.971,285.4088125,127.332625,197.4290625,300.4816875,243.9095,495.35025,247.2468125,167.413875,548.460125,446.3386875,596.83725,510.194625,309.4711875,583.4244375,384.8081875,531.6011875,389.0528125,541.6179375,523.77,612.5913125,434.564125,279.4196875,411.833125,709.101375,397.823875,782.5146875,291.6751875,318.78925,536.46925,326.265875,754.8895,376.1823125,776.4070625,367.48975,535.857875,499.4668125,161.950375,569.32975,424.3416875,580.6669375,155.6259375,509.9355625,811.5498125,287.103625,573.812625,376.1144375,714.4075,561.4858125,323.859375,270.7999375,480.1009375,529.5601875,314.4964375,237.7491875,672.85175,470.379625,838.723625,312.7061875,553.58725,486.87175,291.924,548.1219375,467.6251875,363.56375,624.5525625,472.7213125,398.1140625,685.10975,286.8549375,535.153875,571.997,849.3808125,904.010125,499.406875,541.9208125,424.5325,293.595375,401.5855625,445.934125,630.1761875,620.025625,536.48475,257.665375,234.3444375,451.6771875,520.2398125,340.799625,438.5945625,114.3810625,386.2294375,406.691,517.6666875,306.9265625,132.8685625,564.0594375,472.6255625,274.8836875,274.6595625,637.3169375,389.956625,737.676375,511.5435625,713.8875,562.4133125,606.083125,493.7185,381.2934375,259.671,471.8593125,519.631875,562.513625,391.486375,228.5691875,465.1755,231.5046875
0.8229583685826158,-11.7420625,420.23875,124.1008125,145.986625,291.1914375,307.2745,-91.4429375,391.6245,446.218125,277.623,268.215875,295.4283125,370.2079375,187.3005,676.8735,260.6190625,169.9613125,205.903875,331.87075,253.609875,538.1864375,230.0936875,143.365875,537.738,448.759125,578.5354375,501.411625,382.88,589.516125,393.7744375,588.847375,390.375375,560.8366875,539.031875,654.2134375,427.9350625,255.122875,377.839875,733.2685625,398.21975,741.0325625,347.682,315.093,580.890375,335.800875,745.958625,367.0120625,823.142375,344.0594375,546.14775,503.4783125,125.7728125,585.71575,412.6123125,561.836125,157.957,493.2355,862.404,347.040875,574.4083125,364.5490625,702.8883125,545.3319375,330.0293125,263.49125,467.866375,540.866,299.400875,281.5485625,690.828,533.036625,810.5115,329.08275,538.1814375,552.055,321.3063125,571.2201875,455.17575,427.3213125,683.76,502.692625,353.958125,657.1748125,349.3070625,528.967375,553.5461875,844.1325,814.47375,480.9429375,526.3158125,468.3659375,373.8441875,405.503625,403.699875,668.69,551.287875,467.8430625,307.726375,199.0791875,450.032,509.004625,306.491625,400.8333125,78.4934375,361.4315,397.219625,545.6919375,315.63775,143.9648125,606.4705,464.39125,340.9943125,310.9690625,651.3328125,314.6628125,757.9529375,531.229125,632.9333125,606.723125,589.9530625,500.1351875,375.37725,289.25875,490.3008125,559.40425,552.601125,388.6184375,187.98825,440.8806875,248.808125
0.8270308913046991,-30.8053125,472.4443125,167.4593125,96.792875,280.670375,310.714,-29.8891875,384.2983125,424.41475,265.8186875,255.8728125,303.1725,429.93175,211.606,719.7269375,240.19825,199.09025,192.61625,378.7835625,284.828625,570.9298125,214.601875,134.389625,521.5866875,464.8655625,556.7076875,508.765,438.8970625,599.74325,403.0853125,650.0641875,395.1461875,585.7589375,545.1163125,703.8960625,403.1446875,255.162625,335.6309375,762.418125,373.03475,659.624375,397.0484375,308.916875,625.662625,358.0316875,745.9559375,374.8475,850.8011875,307.7133125,555.1541875,490.753875,119.5203125,605.8128125,404.0525625,536.4234375,194.513625,489.9713125,887.041,415.6241875,576.0519375,353.336375,687.315125,527.841625,335.7394375,269.7683125,433.6683125,534.72675,308.51225,323.937625,712.2810625,565.2149375,770.741625,344.4675625,551.50575,621.147125,340.73675,607.948875,435.0529375,500.3010625,741.21425,522.693625,311.7553125,609.331875,428.12275,499.5431875,527.83575,826.843125,733.4598125,463.9288125,504.894875,517.428,465.593,410.463875,362.537875,691.7044375,493.68275,406.62925,358.2441875,171.59475,462.515125,464.096,298.5078125,357.2505,65.0164375,354.527625,395.0128125,567.6589375,340.0973125,154.460125,635.868,475.8205625,412.55125,321.861625,672.332375,237.920125,768.054375,537.6905625,555.7825625,644.784,565.1705625,505.4545625,372.5693125,308.0836875,485.3629375,596.584625,518.868625,411.7334375,136.9283125,432.84825,278.8043125
0.8311034140267681,-38.6900625,504.8855,218.2394375,69.1779375,272.50375,307.947,35.48275,374.045875,371.0018125,251.885,229.4914375,313.9575,509.5643125,228.345,761.3715,215.2734375,211.3395,155.3679375,434.8004375,327.7656875,586.89975,205.48125,134.7643125,500.2311875,487.362625,529.8811875,533.0349375,462.0521875,597.9585625,408.6006875,687.895625,397.994875,607.1525,543.24975,752.6935,354.6170625,286.8305,294.3080625,784.988,329.9135625,553.010875,420.99075,293.941875,664.4795,388.2541875,746.2629375,395.8528125,854.950625,274.3111875,569.1495625,471.88525,140.1558125,620.602875,401.19125,506.6536875,247.2825,507.8225,884.7348125,483.8404375,581.432375,343.0059375,668.8631875,510.692625,336.110875,295.183875,388.2135,531.247625,336.25425,357.510625,729.2881875,576.4039375,735.2235625,353.008375,571.4440625,680.085625,345.7258125,651.195,413.06975,563.3668125,788.71225,531.7290625,297.0170625,541.20225,503.123375,452.2125,498.61525,805.719375,684.1063125,453.6158125,496.631625,559.318,553.6358125,422.5413125,337.1514375,691.8096875,439.5040625,354.4519375,403.632125,162.28525,473.6595625,397.418625,309.515,321.296,79.8465625,359.0001875,396.7741875,584.693125,369.1190625,153.7561875,652.4141875,501.0205,473.0673125,302.7358125,689.7801875,175.2501875,770.1278125,528.603375,504.573,670.6674375,534.3798125,511.821875,379.589125,314.7546875,459.2234375,628.6145,471.80325,449.6133125,87.6630625,436.836125,308.17975
0.8351759367488514,-41.6333125,520.9315,268.815375,59.89675,268.119875,314.87475,90.612875,363.8776875,298.5815625,230.184125,199.6636875,336.0515,596.76075,252.1983125,796.9840625,178.9020625,219.40025,107.5381875,480.99625,359.207,584.7763125,205.9546875,140.87725,477.5156875,503.3344375,495.488125,562.68275,448.1893125,577.6354375,402.0225,693.6430625,389.5501875,620.2649375,539.584,802.8568125,285.5260625,341.5159375,265.913375,792.4783125,288.7859375,451.8538125,416.561375,266.780625,690.8845,426.453,736.2498125,415.365125,840.4515,262.033625,594.5755,459.09175,177.93025,620.58875,406.7649375,478.5898125,301.4674375,543.23925,861.1334375,539.281125,589.0384375,338.6753125,644.2840625,503.7925,326.4085625,340.35925,348.5143125,542.124625,371.38225,374.278875,737.3206875,583.1728125,714.4024375,351.641875,572.71325,721.2388125,343.1430625,691.5241875,402.5798125,610.23725,816.244375,534.9304375,323.379,465.1810625,554.8421875,402.4624375,462.2125,796.1258125,672.22475,457.6714375,506.427125,585.94075,625.60075,449.6325625,337.8645,665.802625,379.49925,319.1503125,443.8221875,168.1915625,473.704,325.788125,320.31625,303.9684375,118.6788125,375.0121875,396.71775,589.921,389.0416875,145.0136875,653.815875,530.3709375,506.5091875,261.4246875,687.189375,139.3636875,768.95725,504.2894375,481.4739375,680.1103125,504.3286875,523.7178125,401.798625,311.1439375,418.0803125,649.298375,425.3343125,488.7150625,57.4398125,450.632125,326.81475
0.8392484594709204,-42.2924375,526.234625,312.7261875,57.1959375,266.1891875,340.72875,132.933125,357.710625,228.4040625,200.3044375,183.3126875,366.5033125,675.2153125,293.5180625,826.1623125,133.430625,240.5309375,74.2905,501.1759375,364.077,571.2793125,217.5291875,151.559,457.3024375,504.0726875,457.65175,579.7186875,411.228875,548.4621875,383.860875,681.330625,372.76525,623.6855625,543.3326875,861.1063125,207.9766875,407.1365625,261.1925,777.666375,271.18175,381.7318125,395.833125,234.68075,699.3993125,473.52425,713.152375,422.04575,818.6226875,273.577875,630.68975,456.393,224.289375,606.8608125,418.3780625,460.2775625,351.1878125,580.4198125,829.8650625,573.3391875,598.577125,349.1610625,609.6556875,522.03425,300.781125,399.5605,329.34975,563.888625,399.843625,371.1613125,742.8895,599.2345,709.14625,340.4516875,548.100125,745.68225,346.5508125,724.2428125,408.0648125,639.5498125,819.1728125,536.0798125,382.1810625,393.25875,576.6449375,362.7475625,416.6584375,814.16175,686.3684375,485.60125,531.0326875,592.968,677.19925,495.1204375,362.166375,619.0849375,316.3579375,316.147875,476.7184375,179.37975,467.398375,256.97875,322.03225,301.81425,167.506125,407.174625,386.2666875,580.3848125,393.767625,134.0569375,639.0609375,551.0526875,510.7765625,218.3823125,655.8431875,138.693125,774.4206875,465.4951875,471.973375,667.86275,481.4835,541.950125,437.687625,308.81525,373.0356875,655.814625,384.944,521.9018125,58.1280625,472.572875,337.1515
0.8433209821930037,-34.8173125,529.9771875,342.188375,54.302625,272.559125,380.3629375,170.4828125,356.8705,174.7569375,170.314625,195.8248125,393.358875,729.2163125,351.256,846.9619375,91.2971875,279.5241875,71.1054375,492.86475,349.519875,557.923,237.38975,164.513875,443.136,488.1943125,427.032375,574.775625,374.4530625,521.78775,365.0240625,667.519125,368.2253125,617.039375,556.995625,923.7298125,135.4128125,477.269,281.9105,734.9188125,283.6328125,351.526125,373.900375,212.2140625,688.017,526.8636875,681.837875,412.2563125,802.76875,300.2110625,668.4566875,462.5140625,274.412375,590.076625,425.41075,454.8599375,395.7328125,601.5164375,804.08175,583.9413125,615.5381875,375.3735,568.2875625,568.902625,259.58375,467.64275,330.868,589.818125,411.931,351.1755625,758.900125,630.83675,718.2770625,320.3655,509.554875,758.3711875,365.7065,753.936625,419.6389375,648.9501875,798.4726875,536.428375,446.3495,331.4495,579.0628125,334.8755,364.6121875,859.5109375,708.506125,538.15675,567.2149375,582.935625,710.428625,551.3218125,395.9100625,565.0113125,264.860625,357.62875,496.445,196.7225625,464.26175,193.514875,322.0085625,305.662875,212.3685,453.88625,360.9133125,566.252125,385.1744375,121.223875,613.80275,552.6331875,499.4564375,192.511,606.146875,173.2478125,791.7016875,418.1110625,463.2145,628.160375,467.730875,568.8680625,475.89375,320.788625,338.803125,650.3363125,346.8801875,544.9156875,88.4970625,500.0750625,352.303375
0.8473935049150727,-13.6655625,536.5399375,347.4560625,50.87,296.188625,423.6515,208.2620625,359.0321875,133.8334375,152.0804375,239.1474375,405.17075,750.1559375,415.616,857.6694375,65.9040625,329.9071875,95.125125,465.17625,332.3553125,555.77975,259.594125,176.335,440.4525625,461.7335,413.731,555.05425,357.5524375,502.5095625,355.38975,656.1658125,395.5903125,599.37475,571.174875,978.6411875,77.5890625,551.65875,318.7613125,663.2951875,315.657375,355.4810625,358.2364375,211.2076875,661.939,579.138875,644.1303125,385.2853125,801.4073125,334.39125,693.595375,475.453875,326.728875,581.9335,419.2395625,458.7653125,432.58525,598.990375,787.406625,580.6435,643.6498125,407.3805625,531.1078125,629.331,218.7673125,543.6759375,342.771375,617.6271875,408.99325,319.8530625,791.918625,677.4033125,741.3670625,290.1864375,471.1528125,762.4159375,400.3865,783.98175,429.2576875,641.3430625,757.2879375,543.52975,491.4260625,283.33125,582.1794375,316.14425,311.3435,909.278875,723.1265,602.3945,609.27425,569.8540625,729.245625,597.338625,424.4195,520.323875,239.9398125,438.837875,501.4655,228.2174375,465.5669375,145.21525,327.674375,312.9185,248.6306875,502.5533125,328.5489375,563.1211875,369.35525,102.9873125,588.3096875,538.73975,486.051375,191.7189375,557.27225,229.0571875,814.9254375,373.9923125,451.795125,558.58725,462.31525,609.4908125,498.7074375,346.0845625,328.4891875,634.7616875,310.58475,554.976625,134.6220625,533.111375,383.35125
0.851466027637156,16.138375,541.6058125,320.439875,48.56975,340.25275,467.350625,241.6725625,362.8136875,91.1003125,154.62325,299.8768125,397.01775,739.8480625,476.27525,862.8858125,61.392375,381.214625,137.4155,428.03575,321.6658125,565.863625,280.8715,187.0371875,453.0101875,432.4946875,420.538375,533.67225,368.84875,496.0890625,351.8773125,642.481125,453.186625,570.8574375,572.282125,1017.5145,37.636625,629.124125,360.2596875,570.922125,352.7303125,379.778625,343.7685625,235.014125,632.8116875,621.7103125,600.5705,342.3626875,811.7553125,369.4100625,693.3193125,493.0580625,381.2946875,587.1751875,402.591,465.971,458.438125,580.0433125,777.83625,580.47375,682.00125,434.7253125,507.6384375,686.3121875,201.8489375,625.4679375,354.1531875,642.6751875,401.8728125,282.0535,838.976,729.8454375,777.4885,252.3203125,440.0423125,760.9373125,441.4946875,806.9838125,441.8821875,623.7156875,702.04875,564.8705625,512.944125,249.612375,600.66275,304.62425,262.272375,933.847625,724.3783125,660.8179375,645.63975,565.679375,740.983,613.7438125,445.4975625,494.4669375,247.0686875,538.0353125,495.921875,272.5186875,465.8888125,129.6769375,337.376875,323.3218125,278.45575,539.411375,300.8808125,575.300875,351.36375,79.2989375,569.946,524.432375,476.511875,212.5934375,520.111875,286.3593125,832.489125,343.841125,441.54625,466.9141875,465.0106875,660.671,492.976625,370.261375,344.859375,609.9308125,283.702125,555.930625,183.49825,574.832875,430.7179375
0.8555385503592392,37.8089375,538.604375,259.544125,53.166875,398.7283125,512.80175,261.6715,371.254,37.7423125,176.0434375,355.477,374.6016875,710.17725,524.2151875,864.9225,72.5121875,422.9713125,192.7795,385.9138125,316.9115625,578.988625,300.63475,204.6783125,478.003625,405.8815625,442.365375,514.2499375,401.1645625,511.733375,343.820125,625.169875,520.7585,534.1215625,552.6121875,1034.6874375,8.446375,703.30775,398.8665,475.7413125,385.258875,410.8516875,321.9596875,278.9841875,614.131625,647.89225,557.0344375,290.7689375,826.9903125,398.3296875,666.78075,514.6580625,437.6270625,598.66975,386.6919375,473.25325,473.95975,557.238,777.974,595.0801875,727.9963125,455.7089375,497.71925,735.456,223.27,706.77725,358.168375,656.3141875,399.5938125,242.4923125,893.3943125,773.0380625,821.2193125,217.010625,420.09825,760.1959375,477.361,813.95425,465.319,603.3086875,640.9935625,593.194125,526.1893125,227.253,632.8564375,297.0683125,218.66075,915.0219375,719.417875,697.4051875,662.13725,565.186875,752.1215,597.3154375,465.4655625,483.3406875,279.344375,633.816375,484.5466875,316.925875,462.3341875,155.89825,353.9379375,336.67125,303.7323125,562.0031875,277.2525625,591.8531875,333.9665625,55.0184375,558.441375,516.59375,477.5724375,244.956625,493.7279375,332.977,835.8733125,332.6539375,436.20925,374.222875,479.1679375,709.388125,459.6959375,380.866625,375.583125,579.029625,273.5480625,560.3041875,233.3911875,623.8099375,485.004875
0.8596110730813082,36.4589375,522.759625,172.652875,74.2719375,457.470125,556.820625,265.254,383.2961875,-20.545625,201.411125,383.8373125,352.0309375,675.261125,552.3838125,855.226125,89.988875,452.2366875,258.3236875,346.266,315.5555,589.526625,318.174125,237.1105625,509.30175,386.419875,468.6209375,489.5993125,433.856875,552.1383125,328.747625,610.3145625,579.687125,494.842,508.9326875,1023.912,-18.2574375,767.7945625,430.4624375,396.5450625,411.8775,442.1183125,292.8216875,331.0073125,615.0145,652.9685625,520.61225,245.372,844.2590625,423.4980625,622.8405,541.5306875,493.96025,596.1120625,384.1074375,482.721375,483.2625625,535.357125,794.9714375,626.4171875,776.7124375,473.6339375,492.3489375,780.6814375,281.332125,777.9138125,358.3385625,655.590125,404.39975,205.8205,945.7916875,791.0845625,862.1299375,197.1304375,412.7551875,765.6398125,499.9555,805.0531875,495.417375,589.5176875,580.0061875,613.338875,550.076,215.754625,663.913,289.805375,177.4193125,853.990875,719.3034375,703.0321875,652.4826875,552.041875,759.366125,557.13625,485.3739375,476.976625,321.739375,717.503875,472.5296875,347.8805,458.9533125,212.59475,389.29825,358.954875,326.52925,577.1115625,243.67875,599.00325,320.3984375,31.8713125,546.667875,510.166,497.0768125,276.7181875,474.275,365.6334375,822.9338125,339.54425,433.1676875,306.81675,510.473,742.45525,412.7576875,378.67275,401.9931875,551.6163125,280.968875,578.4004375,286.8758125,670.4991875,531.563125
0.8636835958033915,12.73175,495.43325,75.4285625,114.73175,502.345,588.4801875,260.866875,388.4619375,-65.57075,213.895375,376.5900625,341.9945,640.2625625,560.2833125,825.6421875,107.4665625,476.9255625,330.5935,321.0506875,320.633,601.2435625,334.0910625,281.7886875,542.733625,375.1503125,488.0100625,451.27725,446.592375,605.1334375,313.069125,605.9878125,621.2209375,460.5566875,440.4009375,987.0708125,-40.06625,817.643375,453.170375,342.426875,435.4821875,473.5688125,262.7288125,378.7385,634.1711875,635.0098125,497.4110625,217.8819375,861.906,453.0085625,571.447625,572.6739375,544.8630625,555.36725,401.0294375,495.3855625,491.914,509.3519375,832.1011875,670.858,818.940625,487.50225,481.2333125,822.9728125,360.836125,825.82075,368.5916875,648.4983125,415.5020625,177.9536875,985.012875,772.76875,892.6726875,202.3024375,415.75475,778.42625,505.05125,787.337,521.3644375,591.788875,524.855625,617.6809375,591.5361875,219.284,680.0180625,283.85175,135.4490625,769.8498125,727.5613125,684.597375,626.8885625,515.713625,755.6418125,508.5529375,499.042125,469.0376875,363.2099375,787.3044375,467.989875,357.0753125,462.1455625,277.4251875,448.03875,397.05375,350.654875,592.3411875,188.432,590.4979375,314.5661875,5.599125,527.8645625,506.1665,536.243125,297.7345625,464.427375,385.62525,798.5389375,359.745375,426.7948125,278.5008125,562.161625,752.6290625,370.3535,372.488125,410.3999375,544.061125,304.302375,607.576125,341.452,702.162,559.5990625
0.8677561185254605,-21.5930625,467.683375,-15.8205,166.141625,529.2214375,595.864875,264.5439375,377.5855,-79.55125,208.079625,343.6863125,349.7285625,603.48675,554.23925,781.8638125,123.4065625,506.2429375,404.0085625,311.9214375,339.055625,620.3273125,351.32375,327.0975,575.488875,366.1166875,498.57575,403.858625,434.3690625,653.25675,303.68275,614.1258125,638.80525,441.061125,356.47275,938.7506875,-51.2204375,847.0011875,466.6726875,312.482375,454.8383125,504.1325625,234.942375,420.1374375,664.7940625,600.0721875,497.6140625,205.053875,872.8168125,486.5415,521.7593125,601.499625,583.2583125,469.1845625,434.4418125,504.7815,504.82425,476.397625,886.884375,722.9869375,842.4825,489.0989375,459.3446875,854.6070625,438.4040625,840.337125,400.479375,643.423,430.66475,165.0911875,1002.119875,718.66125,909.7441875,236.10475,426.0324375,793.4008125,488.3503125,770.316125,540.32175,613.13375,483.2479375,606.3885,639.704125,242.121125,680.3689375,286.574875,93.9660625,687.83725,741.2574375,659.2118125,604.3341875,461.7765,736.5485,468.1998125,503.82225,458.16125,402.3400625,841.37975,480.4605625,340.8096875,473.4413125,334.8815,517.1769375,444.3910625,378.9298125,608.448125,115.2755,571.6275625,318.9568125,-27.7065625,505.879,518.6341875,591.6626875,302.2581875,470.365625,397.6283125,771.0759375,387.9465,413.694875,285.61475,630.5594375,740.2935,344.4158125,369.869375,397.908,570.2186875,343.721,638.6874375,391.7443125,710.788125,569.7206875
0.8718286412475438,-52.853875,449.090375,-88.7028125,217.6670625,542.7110625,576.983375,291.034375,350.092625,-63.08375,192.8276875,303.1415625,375.9296875,567.098125,542.676125,739.2473125,135.1874375,540.673125,469.3463125,309.7509375,369.609125,647.047375,372.1761875,361.880125,601.265875,354.4555,509.5399375,368.34425,408.29675,687.6585625,303.9110625,622.1339375,626.847,447.962875,278.055875,895.533875,-53.1111875,852.3733125,473.4975,302.70175,464.70325,530.278,208.188,462.2511875,702.9345625,565.659375,526.59375,195.845,863.6630625,519.3589375,481.9980625,622.656125,606.0313125,361.4825625,477.6168125,504.7030625,520.792875,444.567375,956.35325,776.847125,839.6125,470.9128125,427.647,869.715625,491.7999375,824.4826875,450.259375,639.017625,449.5769375,167.3823125,990.6023125,645.8416875,910.056375,295.432625,438.1025625,799.9306875,449.7719375,762.309125,557.409125,648.718375,461.80825,584.131875,671.2569375,285.4850625,677.1659375,306.103625,62.790875,626.451875,758.9716875,639.0598125,598.9684375,403.2745625,698.5305625,444.9700625,508.7675625,447.4630625,441.5406875,875.3694375,513.4690625,301.8898125,491.3484375,385.3554375,574.39375,481.548375,411.7233125,622.776125,39.652125,555.6099375,333.682125,-65.96175,492.82525,556.385125,659.150375,288.82075,491.2600625,408.6245625,745.1629375,417.4205625,394.06725,319.029375,704.6019375,715.4660625,333.1723125,375.40975,372.2318125,628.215125,397.3086875,667.432125,434.5686875,698.601625,568.1518125
0.8759011639696128,-66.6641875,439.329875,-136.2835625,263.7488125,548.1411875,540.8389375,344.9575625,314.2546875,-35.0703125,186.0155625,274.559625,419.42725,536.4873125,532.5164375,712.415125,138.9335,574.611875,516.0781875,307.3986875,401.8214375,674.4200625,394.8355625,386.1818125,609.402625,346.446875,532.9426875,362.1305625,384.697375,704.1644375,314.0751875,608.4833125,588.4108125,485.0455,224.937375,864.222,-51.1205,839.02625,475.7386875,309.44675,464.5930625,551.0423125,182.143875,508.5865,744.7921875,551.5644375,567.297,184.008625,823.92725,555.262,456.5881875,638.17975,614.4806875,273.17325,520.5204375,501.7870625,534.18225,426.835875,1037.207125,827.0520625,814.981375,436.71575,387.921875,875.773,510.8816875,793.2036875,502.6053125,632.83075,474.8196875,181.27375,949.7704375,584.7594375,889.0719375,371.2435,446.261875,789.431875,402.252375,765.785375,576.213625,691.5949375,467.0855625,558.9216875,665.9143125,342.3381875,683.6691875,344.926625,57.039125,590.6318125,783.0358125,628.7663125,612.3201875,345.3040625,645.6635,437.4693125,525.097625,445.63,486.7960625,883.8310625,561.676875,251.8899375,515.9023125,440.6821875,603.6401875,490.7255625,446.0860625,639.6764375,-21.191625,549.917625,355.8251875,-98.249,499.4225625,609.29125,728.6156875,266.0808125,518.464,426.0093125,719.910125,439.9745,374.6669375,367.4784375,776.03125,692.6213125,330.116125,389.6799375,345.494875,698.5864375,453.622625,691.886125,467.2476875,676.43125,558.4348125
0.8799736866916961,-55.2096875,433.47375,-157.5480625,305.387875,547.2578125,502.5605625,418.469625,283.658375,-16.521875,202.9314375,274.4728125,476.9391875,511.3671875,525.0703125,708.7195625,136.153375,603.899375,537.238,302.5095625,428.3778125,695.1789375,414.6125,413.6954375,590.525125,351.2050625,575.9839375,380.14475,377.1565625,693.474375,331.6525,564.602375,534.154875,539.5260625,202.23825,843.193875,-49.275125,819.701125,468.6008125,329.20775,460.680625,564.0373125,160.2720625,551.149375,783.1498125,565.0420625,592.107625,168.871875,754.1191875,604.15475,446.8868125,650.7725625,610.9458125,229.4685625,553.8051875,510.3014375,544.8169375,429.5321875,1116.7418125,872.1118125,783.424,400.6753125,342.0883125,887.4125625,497.974,760.9828125,546.16725,630.549375,504.8105625,206.982625,889.227125,561.1259375,848.4994375,452.4768125,453.969,758.3045625,367.7746875,777.4685625,596.4453125,737.1065,507.918625,535.164875,622.3163125,400.1710625,704.10675,397.299375,82.7105,573.6414375,815.4708125,628.2521875,630.1906875,287.615375,593.692625,441.1210625,552.0570625,461.7250625,546.43325,866.55525,614.691375,202.3701875,544.9658125,513.49275,604.997,467.718625,474.4653125,664.4219375,-51.588625,550.2238125,378.74575,-108.67225,529.4369375,659.5565625,783.9954375,252.2368125,543.17675,457.216375,694.128375,451.799125,367.238875,414.2214375,847.48925,679.5875,336.2389375,408.9446875,328.5728125,756.030625,495.045375,708.2996875,486.866625,655.1771875,543.1970625
0.8840462094137651,-25.6386875,429.286,-153.33825,347.1460625,539.1573125,479.785125,498.824,267.8145625,-19.7713125,243.926875,304.8198125,542.275,488.0375625,513.1255625,724.386,130.7015625,628.2764375,533.3670625,294.6805625,450.8335,710.1844375,428.513625,459.6515,543.4960625,366.9953125,636.9435625,402.35775,392.7841875,653.113625,352.6711875,500.989875,476.872,588.318625,203.075875,828.7946875,-48.36425,802.262375,447.5700625,360.655125,456.38775,565.9245,150.618,578.937625,811.2348125,595.8335625,590.2721875,152.9681875,661.8260625,666.5815,453.257625,657.459875,594.2924375,225.8513125,579.5601875,535.8658125,558.3994375,446.4391875,1172.660875,918.1425,757.5444375,375.7595,299.7095,911.92375,458.68125,733.7186875,580.3875625,639.23075,532.92875,247.513125,823.8515625,578.4565,799.351125,529.329,469.5464375,708.048875,363.9158125,792.60325,621.2940625,785.5193125,589.682375,511.90325,560.479125,453.245625,734.588125,454.1465625,128.4685625,567.12775,854.6126875,634.03225,633.637875,235.6231875,556.6778125,452.519625,582.2400625,494.656875,619.667625,829.5945625,659.90225,155.1596875,571.7286875,604.2973125,593.75825,423.4510625,489.094375,692.9276875,-39.1233125,553.04925,394.4129375,-85.8880625,578.1273125,695.1355,813.4916875,264.29,563.080125,510.1751875,667.15425,458.701625,378.046875,442.944375,924.311625,677.4298125,354.0089375,429.018875,324.7115,782.0795,514.017625,717.0385625,491.6770625,637.2835,528.982625
0.8881187321358484,6.822625,429.1868125,-125.5121875,392.2740625,525.2833125,480.1574375,574.2575,266.7265,-42.66775,296.5299375,353.23275,605.4995625,468.0671875,487.482125,750.9763125,125.129,646.4825,515.5754375,286.6620625,470.8781875,727.1923125,436.0959375,524.72,476.009,384.721875,706.6340625,413.8121875,426.8704375,597.8708125,379.5743125,431.0216875,428.3275,616.1043125,221.1733125,820.9455,-42.528875,782.2979375,422.0520625,403.273625,445.60275,562.0870625,163.71975,590.699125,828.5005,625.3946875,570.5086875,141.39125,556.1025,727.5129375,471.639,654.64675,560.3445,244.24275,606.778875,571.645625,576.264625,464.43125,1188.77175,973.3215625,736.9166875,363.7098125,273.7231875,940.6024375,399.8771875,707.8433125,610.841125,658.1265,556.0868125,303.1470625,767.7280625,619.06,751.2730625,593.3899375,493.051625,647.56,394.0630625,805.9953125,661.6023125,842.612125,705.615875,490.1525625,509.173875,503.374875,766.9498125,513.4483125,176.5440625,570.2543125,894.469125,641.9015,618.1965625,199.9325,536.3976875,466.06125,616.402125,536.0584375,693.9474375,778.946875,687.2436875,113.199625,590.460875,694.5905,587.4746875,372.1393125,491.1205625,716.683875,20.47225,562.842625,401.847125,-28.6265625,636.0116875,708.219625,817.452125,311.2990625,579.230625,589.077,638.6239375,471.47725,399.382875,448.1906875,1002.6653125,686.28,378.5655,448.45975,329.0236875,771.275375,520.1258125,724.807625,479.2134375,618.74075,526.0821875
0.8921912548579316,28.715875,435.937875,-79.680125,439.2605,512.5480625,493.5744375,632.267375,274.92525,-67.7965,348.4410625,404.9835,652.403,460.2636875,449.2095625,784.015625,123.5535625,655.24675,500.92175,285.13175,486.9089375,752.3488125,437.422375,590.2640625,398.2148125,397.075875,776.4444375,411.269875,464.713125,545.1293125,425.8761875,362.1610625,394.6235625,626.276625,253.7921875,826.5808125,-18.8844375,752.986125,409.7620625,455.8585,418.211,565.2714375,203.74775,593.5439375,840.4068125,640.5844375,546.6015,137.703125,451.9313125,769.0609375,493.508125,645.0120625,510.45875,268.7479375,636.9274375,604.1510625,590.49175,475.2366875,1162.883625,1032.753375,710.469625,354.010625,265.9393125,954.176875,335.2543125,674.13375,644.9430625,678.21475,575.800125,369.355875,734.2281875,657.10175,706.7723125,641.0999375,515.85,590.6551875,446.0184375,809.8058125,725.8891875,912.0136875,838.459125,476.2295,486.59225,550.6353125,790.5986875,576.1809375,216.591,588.638875,925.66525,649.048125,594.1725625,188.35275,529.4045625,471.74675,662.5303125,578.2065,757.7105625,720.4509375,697.3873125,88.166375,599.6308125,757.0865,589.12375,322.1399375,491.910375,730.46175,117.444625,581.224875,408.7715625,54.2689375,689.7736875,691.773625,801.003625,389.193625,588.5069375,685.909375,611.758875,499.9121875,415.0213125,439.4266875,1070.7041875,704.8965,400.0564375,463.8345625,337.498125,729.27575,529.036,738.048375,450.289625,599.290625,539.97925
0.8962637775800006,38.12075,447.4281875,-22.7591875,479.741625,505.771875,504.721125,663.040625,287.368875,-77.891125,394.051375,449.9460625,667.2629375,475.1713125,411.4819375,819.0886875,127.868375,651.062375,498.377625,297.839,502.5211875,786.1259375,431.9151875,631.97175,320.7331875,400.5078125,840.6104375,396.3325625,493.54825,504.686,505.0141875,300.8694375,373.55975,631.1889375,298.014,848.355125,33.502625,713.9660625,416.479,516.4980625,373.127375,583.8100625,263.8293125,592.621,851.3353125,637.7879375,527.5270625,143.8405625,373.5536875,783.8941875,513.9205,633.9445625,457.852,287.717125,664.561125,619.8765,591.8944375,476.5779375,1101.7206875,1075.6141875,672.883375,332.14975,269.18575,937.766125,282.4483125,629.118375,686.8604375,688.913375,592.29725,437.8395,734.6575625,675.6891875,666.4216875,677.02025,532.5634375,548.737,501.4356875,796.319125,805.7975625,986.4613125,963.6935,477.85775,488.1610625,593.2266875,799.277125,636.782375,247.167375,625.99875,944.656875,651.649625,571.329125,202.153125,536.6083125,463.22775,725.625125,614.67,806.891875,667.33925,701.69725,86.18875,602.6014375,773.744375,587.21475,278.8475625,504.0006875,733.2466875,228.3563125,602.4444375,424.2961875,148.2351875,722.879875,646.901125,766.7379375,479.81325,588.640875,779.6903125,588.692875,550.21525,415.243625,435.841875,1116.8243125,730.936125,409.0234375,468.76075,350.980875,662.2588125,548.66,757.1194375,417.058875,586.2414375,566.6949375
0.9003363003020839,49.43325,455.89,40.536375,501.3514375,503.490625,510.1018125,662.1756875,298.5969375,-74.826625,430.969125,486.4810625,644.04775,517.4305,383.8010625,844.603625,138.166125,626.33675,504.4291875,329.5821875,520.4740625,823.13325,417.819375,640.94775,254.8130625,393.9366875,889.454625,371.761375,510.49175,483.839375,613.1371875,253.4724375,357.636875,635.4776875,348.4270625,875.22475,114.068875,670.0668125,431.5323125,575.94375,320.944875,614.9534375,333.4225,586.95225,859.5849375,622.6929375,517.2210625,164.2998125,342.0824375,771.3105625,533.8696875,623.538625,419.6846875,295.6921875,685.9601875,612.3094375,580.5491875,465.469125,1019.3174375,1083.9368125,633.355375,291.6435625,280.6003125,892.726375,251.31875,580.607875,730.5139375,684.24175,603.057125,498.340625,769.1435625,677.11075,636.1235,709.52775,550.189875,525.1001875,548.239375,769.6560625,878.7538125,1047.27775,1054.06525,498.9524375,495.301875,633.1265,795.403125,690.4180625,271.4425625,676.835625,958.50525,639.2298125,553.9575,235.298625,559.2644375,445.1061875,804.29075,642.708875,838.563875,639.8208125,709.0885625,102.982375,603.2491875,745.894125,570.6664375,251.3965625,531.14075,733.1015625,329.107625,620.39375,455.7965,239.20775,723.142,587.92475,722.777125,563.3516875,586.7279375,849.65775,567.3275,619.6310625,404.65675,452.47825,1133.4759375,762.9024375,402.704875,464.50225,369.8266875,569.3759375,577.098625,774.466875,397.9244375,585.2871875,602.1655625
0.9044088230241529,78.9815625,452.0756875,106.6564375,496.649875,505.32575,516.755,629.400125,299.2728125,-75.561,456.2068125,521.3801875,594.02025,580.3870625,361.1030625,848.957375,161.915625,573.9238125,514.7905625,378.7510625,533.9166875,851.8705625,394.188625,624.0804375,209.396875,376.8428125,913.3601875,341.393875,521.212375,487.5976875,731.9894375,219.7045,341.7538125,631.7543125,398.3315,890.642875,213.918625,631.0863125,445.6538125,617.1399375,275.42625,651.288625,403.0155,573.08725,861.8949375,612.0816875,517.4129375,201.0484375,359.99125,731.1798125,552.539125,613.4235,400.35675,299.408375,699.8563125,585.2271875,565.422625,440.0876875,936.2971875,1060.519,606.1441875,241.2185625,303.3941875,836.5335,241.540625,542.094375,762.556125,662.829,607.1108125,539.5373125,818.000625,678.26175,625.9105625,743.5714375,584.0979375,519.042375,582.6374375,747.26975,930.29125,1072.205875,1098.6986875,535.68725,496.3500625,675.149,784.7001875,740.1309375,293.19075,725.450125,971.8195625,599.1036875,546.9581875,277.1259375,591.345125,427.5755,889.56825,666.7143125,850.999875,652.5199375,716.883875,136.243375,599.9735625,691.3855625,539.176,249.2771875,568.01925,743.9244375,407.87875,630.6000625,505.4339375,318.0711875,687.6285625,533.515625,684.2281875,631.565875,597.94025,885.2569375,548.4985625,691.700625,396.7301875,489.79675,1115.8741875,799.0725,389.974375,460.511625,388.303625,455.8041875,609.3208125,782.1243125,403.63625,592.2386875,646.5360625
0.9084813457462362,131.25275,433.778875,172.3096875,470.021875,514.1685625,529.533875,571.8735625,280.1840625,-91.604625,468.1666875,559.2716875,539.2381875,645.832125,337.0199375,834.6495625,209.1159375,499.4990625,527.911875,435.3566875,537.0391875,861.3365,367.250875,589.9735625,187.730625,347.41825,912.7518125,308.44375,533.881,513.4710625,845.6838125,192.75725,327.1326875,609.835125,442.659875,882.211375,325.4635625,607.039125,460.476125,624.3794375,248.77075,688.473875,460.0390625,548.527,861.1715,622.0868125,528.8425625,248.5170625,412.665,670.52575,562.843125,604.6834375,390.871,315.0180625,707.8043125,548.8734375,554.1985625,406.2211875,870.3655,1027.5240625,597.783875,201.261625,342.51475,791.18575,250.25225,528.9161875,774.06175,627.2278125,610.2235625,551.6956875,851.2528125,691.9391875,637.6613125,777.750125,644.6149375,531.49625,603.553875,743.591875,964.6995,1049.6085625,1112.69275,580.240625,494.3976875,720.018,771.578375,791.11875,314.25425,754.8444375,977.528375,531.84375,554.567,321.074875,620.7529375,418.439,965.4846875,694.9959375,849.0135625,703.232625,718.0785625,183.9685,591.9868125,631.9043125,499.8344375,272.625375,607.4255625,769.043,466.0465,631.3765,565.729875,383.2948125,625.395,502.1414375,659.778375,683.975375,633.758375,884.47575,541.7590625,744.130125,401.6775,538.2349375,1059.3736875,836.607125,387.550875,464.1238125,398.2369375,346.27975,643.053375,782.900625,430.913125,599.494,698.6120625
0.9125538684683052,199.3015625,408.7569375,232.331125,435.418375,529.992,545.844625,506.9733125,245.078875,-119.317375,469.508875,593.7858125,501.0291875,691.9274375,315.8435625,817.130625,276.1055,418.4335,537.8506875,484.621125,535.625,849.3485625,352.6418125,545.9794375,185.70975,304.524375,898.2361875,277.510125,552.0401875,552.0996875,945.4481875,166.8863125,317.2043125,567.5519375,477.815,843.8805,441.9615625,601.2171875,474.5393125,592.5430625,246.37025,723.54575,492.261125,512.3405625,864.3620625,652.85425,551.6185625,298.8374375,482.175375,606.90375,554.5374375,600.721375,382.41025,351.6500625,713.782625,511.152375,545.559,375.6968125,829.1363125,1005.1880625,603.212875,189.732875,402.3075625,769.4473125,276.918875,550.349875,765.761,587.9786875,620.3380625,531.564625,852.1981875,715.575,660.8866875,806.05375,729.0366875,560.454125,607.0023125,754.38825,987.8158125,988.5223125,1117.2899375,628.4541875,497.143875,764.5313125,756.692375,844.8791875,336.475125,757.8606875,965.7070625,454.9155625,576.0371875,369.4155625,637.4410625,421.3520625,1015.2715,732.536625,841.21375,773.3783125,712.3233125,231.156875,586.273875,579.9940625,461.263375,313.8136875,643.017375,796.169875,511.214,630.19425,626.4160625,440.8525,556.3941875,512.4364375,643.8495625,720.481625,690.5789375,852.2848125,555.936375,763.9974375,421.067875,590.292125,967.1565,869.563875,409.345125,479.665375,393.7454375,268.743625,679.0023125,786.65625,467.6564375,606.2563125,752.533125
0.9166263911903885,268.4703125,387.9273125,276.148,409.5993125,546.5754375,559.893625,455.094875,212.2116875,-150.3123125,468.0058125,616.2611875,490.030375,707.07225,304.7665,808.452,345.1910625,345.483125,534.576375,516.97675,541.001875,822.9688125,363.5554375,499.044375,193.1015,250.8249375,884.0758125,260.7110625,572.3025625,593.881875,1023.2405625,142.680125,317.6505625,513.737625,503.4855625,776.9715,552.7125,610.3245,474.4870625,534.4665625,259.82275,753.90225,498.608875,470.082375,875.3599375,693.835375,582.156875,346.3568125,555.3573125,560.3513125,523.28575,603.567,371.4675625,402.0311875,720.0039375,475.6765625,532.8905,356.9518125,812.281875,994.8085,612.8546875,205.603375,480.7421875,769.812875,322.487875,600.401,744.5879375,561.843,637.5206875,484.9960625,824.082,739.8961875,686.6709375,820.57675,821.361625,596.365,591.428625,758.690625,992.883375,909.4701875,1117.1693125,679.13775,505.1056875,805.873,741.557875,900.36775,361.16,738.5560625,935.0964375,390.553125,608.1155625,428.852,638.8725625,436.91425,1027.5771875,777.1313125,836.0370625,837.8621875,706.7750625,256.54975,591.4374375,533.69475,432.9694375,364.626125,671.3171875,810.8911875,551.7723125,641.182375,681.3589375,498.0003125,501.2354375,568.7918125,627.289875,743.61575,751.3760625,801.1161875,584.3135625,753.4184375,452.4504375,644.4255625,857.5236875,888.338,455.3884375,513.0961875,371.342875,232.2494375,718.1249375,797.5309375,504.2791875,618.8835625,799.9405625
0.9206989139124717,322.08975,376.6194375,293.5623125,404.791375,552.166875,570.4065,424.70125,196.0275625,-181.597125,471.1136875,627.5199375,501.2455625,695.87425,306.1794375,807.89425,400.5663125,292.864875,511.3296875,533.8469375,554.84975,791.3100625,397.3530625,452.23625,199.5369375,194.7174375,876.5786875,273.397375,589.4694375,636.2015,1068.458625,128.2695625,340.2571875,462.929125,526.6709375,691.0329375,644.8596875,626.778125,449.6083125,475.963,275.1521875,779.017125,489.2585625,435.74725,894.1905,733.6016875,610.82875,388.2213125,623.0938125,542.7996875,476.1255625,610.16525,358.867625,450.7885,726.79125,446.0601875,512.78675,350.476375,813.8210625,989.300625,622.261625,232.9085,563.797125,779.0158125,384.4480625,664.2154375,717.9681875,555.901,654.5555625,422.8554375,777.017375,756.75325,716.847875,815.79975,896.5826875,628.840125,567.05,739.3585625,973.501625,827.1570625,1101.1853125,729.9786875,511.4998125,841.14175,733.3470625,959.3156875,386.0655,705.104,895.189875,355.3655,651.9125625,503.78975,625.44825,462.3605,1000.318375,819.494375,839.874875,873.6509375,712.4750625,250.260375,609.2270625,483.829125,420.48475,418.8210625,692.314,809.16475,595.17875,670.1001875,723.24575,554.1355,467.4121875,647.72175,610.599125,761.3835,799.3106875,745.77775,608.5133125,725.7119375,495.506,700.082,753.578875,886.3854375,511.0378125,568.6268125,332.076,226.657625,758.6588125,809.4655,540.142,641.3956875,834.869375
0.9247714366345408,347.6361875,375.1883125,286.4466875,424.86625,533.17725,583.450625,407.8814375,196.206125,-207.395625,476.7975625,638.6754375,520.3886875,672.862875,321.189,808.490125,436.253625,266.9466875,469.5976875,543.2348125,568.1945625,756.9230625,441.584375,407.711625,201.9278125,149.784375,870.3790625,318.5221875,602.08725,682.088125,1074.0290625,132.431,396.0994375,425.1633125,558.9239375,600.1255625,707.5751875,641.347,405.767375,438.333,292.80025,797.757375,473.3863125,422.6535625,916.1930625,764.12625,628.9496875,422.757625,678.210125,551.4005,425.8601875,613.8558125,349.1153125,487.98125,733.598625,428.0448125,489.431375,353.2931875,821.8951875,984.8225,633.097,264.2246875,630.3494375,779.4263125,452.369125,728.5031875,690.5668125,559.2661875,668.0986875,358.125625,721.786,763.430125,756.433,793.0000625,936.7629375,654.042375,548.31725,698.4659375,936.895625,750.2258125,1059.288,776.1718125,511.575625,865.42375,738.9346875,1019.7175,409.939125,663.6774375,858.426125,357.8206875,713.2296875,592.111,594.671,493.8621875,944.1365625,845.920875,854.421,866.76025,738.5821875,216.9228125,633.0169375,427.3926875,422.033625,471.4355,706.396375,797.7283125,646.4274375,707.4848125,741.3270625,601.5763125,445.8308125,712.04475,599.6595,781.2999375,830.423125,695.5046875,613.83,699.0450625,552.6310625,752.5576875,673.23875,866.1885625,561.2456875,641.299,282.9486875,234.321125,793.2229375,812.3165625,576.769875,670.4170625,858.7871875
0.928843959356624,342.3515,386.9145625,270.869375,466.6905625,485.0514375,604.7223125,395.2931875,206.453125,-214.5483125,476.315875,661.6086875,537.09175,651.2229375,351.4325625,806.2694375,451.0458125,266.5418125,419.7474375,552.9161875,576.3021875,719.173625,486.7416875,371.362875,204.1420625,128.2075625,858.524625,382.57275,608.907125,730.8639375,1046.89075,155.0365,485.02825,403.4565,610.6730625,517.0235,735.358875,644.993875,362.4655,428.7119375,326.95025,808.8759375,454.2203125,436.9740625,928.35325,783.6984375,639.993375,447.5038125,714.5879375,574.8421875,386.431875,609.8625625,349.6031875,517.857,736.1545625,428.0026875,471.6986875,362.6244375,823.58475,973.1164375,647.2665625,308.3751875,666.0779375,763.1564375,513.579625,784.104125,661.06275,558.6535,680.0179375,308.43525,669.9105625,767.9525625,804.73575,760.594625,944.7560625,672.3834375,539.988625,649.0625,896.571875,688.9540625,993.2476875,808.057,509.7633125,871.6096875,759.62325,1065.368625,435.1641875,618.59075,828.9235625,396.1144375,788.3940625,686.4335,547.4495,529.235,877.60325,846.0954375,873.8280625,822.4208125,784.906375,168.7250625,653.0893125,373.1905,434.6213125,518.443625,716.063875,788.6910625,703.4816875,742.0399375,729.2259375,637.4185,425.1013125,739.0434375,595.1793125,805.127375,850.3849375,652.6641875,598.0825625,689.3535,621.8661875,794.7610625,628.819,836.59275,600.5311875,714.4010625,235.802625,241.0639375,813.581,800.5816875,607.9571875,700.142125,883.0886875
0.932916482078693,314.8139375,413.49425,263.1415625,519.6439375,418.2329375,631.063,388.8995,222.80375,-193.076,467.0593125,697.1875625,550.3790625,635.7096875,393.845125,801.4809375,447.2108125,288.1218125,373.981625,568.4131875,581.219625,683.020625,525.566625,346.58025,211.9299375,137.2515,840.4181875,446.2818125,604.0379375,776.4865625,1005.953375,190.8305625,594.1173125,397.641875,688.1515,449.2809375,732.2511875,637.19275,337.4643125,443.01925,385.410625,815.4249375,436.8415625,479.802625,918.7414375,794.435625,656.9475,460.7454375,726.76675,608.87775,371.0310625,597.58825,367.62875,553.94825,729.3860625,447.259375,462.11925,374.9803125,815.049125,941.8830625,665.2296875,377.5606875,671.571,740.53375,562.673375,827.9949375,624.7046875,554.977625,688.3424375,289.66925,628.66875,782.2301875,855.121125,731.1083125,935.3245625,685.55175,540.461875,598.8993125,861.197875,653.8918125,913.2291875,813.89625,512.64625,856.1924375,792.3950625,1075.2171875,462.211625,573.79625,796.801,457.48925,859.764125,778.957375,497.529625,564.3574375,814.318,822.1871875,886.0675,768.4741875,840.84225,119.0030625,666.0073125,332.337625,459.57025,555.8846875,730.4678125,791.7794375,755.3085,773.761875,690.062375,668.1245,407.141375,730.269,593.3286875,830.767,866.983125,621.7964375,571.8736875,702.1484375,691.1755625,823.2013125,625.9445,807.9058125,629.1805,765.901,203.25,246.383875,818.1013125,779.0013125,624.9413125,725.7713125,918.5515625
0.9369890048007763,278.129125,445.650625,266.8655,569.020875,348.6385,654.7885625,394.1384375,242.8598125,-142.54225,455.279125,733.745125,566.3234375,625.4605,440.9833125,795.447,436.6395625,326.8271875,336.4386875,590.7160625,579.7168125,653.8056875,550.570875,327.0409375,230.6628125,180.4804375,822.8835625,496.5205625,584.1924375,810.7663125,968.2940625,237.9041875,702.3686875,404.5471875,787.3634375,398.240625,713.8493125,631.9220625,331.2505,472.9974375,462.6988125,824.619625,427.5985,544.693625,891.991,795.4684375,682.4620625,466.6005625,713.3581875,656.6029375,384.410875,578.4664375,401.8344375,605.189875,715.514125,479.429875,452.950625,386.8609375,803.1139375,888.1756875,686.5371875,473.585125,660.205625,731.005375,598.3730625,861.5246875,581.4955,559.6655625,689.428125,303.8255625,599.4178125,809.2050625,901.8440625,714.13,919.014125,697.9675625,547.41475,549.3549375,834.18725,651.7495625,830.787625,790.619625,519.3765625,823.5326875,832.2889375,1041.9204375,487.073875,534.44175,749.289125,525.54375,911.0593125,860.5918125,467.8460625,591.3366875,758.381625,790.136625,882.336375,738.34025,892.3683125,79.2591875,675.3884375,305.2725,498.232625,580.40575,759.3488125,810.137125,788.7261875,806.106625,635.544875,700.7411875,405.31125,700.8605,592.994875,853.557,887.9835,614.1765625,551.6435,728.825375,744.269875,839.6550625,660.552625,787.844875,652.37975,784.754375,192.1018125,264.3544375,812.605,760.158625,628.0089375,742.0726875,962.026125
0.9410615275228453,238.9666875,468.83275,275.5704375,604.179125,288.527,673.78125,411.102125,261.6804375,-68.3983125,450.5105,756.497125,592.7395,619.2673125,487.4035,790.809625,438.74675,372.885125,305.848625,615.598125,562.798125,629.988125,558.984375,304.058625,263.5306875,254.7860625,814.3571875,531.4938125,555.0465625,823.8583125,938.126875,297.4884375,790.2734375,422.1659375,891.603625,360.323125,699.8404375,645.6233125,328.5119375,509.3274375,546.2709375,843.4091875,427.143,614.0655625,866.1535,778.3174375,703.939625,475.14175,684.608,710.9565,420.57375,552.742375,440.106875,668.9220625,702.9725,516.77225,440.543875,400.087,793.2663125,820.4901875,705.966,583.6275,651.333375,745.810625,618.3223125,885.94075,538.4954375,582.0359375,686.7654375,339.2210625,580.4570625,843.68525,943.7824375,710.0845625,897.85975,713.33375,554.3403125,502.312375,820.5743125,680.95075,758.2955,747.9925625,526.9510625,780.85525,873.4660625,975.099625,505.6903125,508.0895625,688.6905,588.0241875,935.9620625,921.5295,472.5613125,603.32075,713.093125,767.76325,864.100375,744.9546875,928.5950625,60.122625,683.5253125,284.94,543.6833125,594.1168125,797.1393125,843.41275,796.397125,837.168625,584.3074375,737.36825,429.7884375,665.385125,594.8019375,866.2255,914.2315,635.85125,549.444375,750.856,770.1304375,844.1759375,721.0166875,778.38175,677.938875,776.28925,200.9890625,307.969,805.077625,751.825875,621.754125,741.2249375,1001.8605
0.9451340502449286,198.2753125,476.845,281.832625,624.0255,245.50275,691.3573125,441.274625,272.4239375,23.8655625,461.8229375,760.1563125,633.527125,615.7431875,530.7869375,791.9355625,469.118375,416.9174375,284.0896875,639.9136875,528.9199375,610.5898125,556.4918125,277.71975,309.059,348.262875,816.808,557.342625,525.497375,809.5655,908.784,371.1150625,851.331,453.1330625,979.2160625,331.1926875,702.1986875,683.2654375,317.5408125,543.7629375,624.2939375,874.419625,432.7388125,668.4785625,855.6581875,734.793375,713.4078125,492.749,658.418625,751.816125,469.61425,518.4096875,470.1424375,731.6114375,696.733375,555.846875,435.212375,420.9845625,781.82425,748.32825,712.591625,686.9775,659.85925,778.7558125,622.895875,903.0925625,506.1375625,623.53225,679.9811875,379.95025,566.211,883.6299375,983.544,711.66425,872.1256875,731.4950625,558.604125,463.739625,828.5299375,726.751625,704.95325,697.213125,537.73825,730.9450625,912.528,890.283625,518.51475,503.9738125,629.5103125,639.07725,935.2980625,957.64275,506.1544375,601.8901875,685.614375,759.58925,841.912375,776.078875,946.7514375,69.8541875,686.610375,270.71175,581.5940625,606.196,827.762,891.1686875,778.612625,863.8988125,555.5261875,775.593125,476.411125,632.756625,594.489625,862.312625,936.9861875,675.8184375,568.6740625,751.16125,766.3296875,827.846625,792.6456875,778.2014375,704.218875,749.944125,222.914875,372.6205,798.051125,750.9084375,602.60225,716.767,1027.7609375
0.9492065729670118,162.4073125,474.004125,284.227,638.183875,221.061875,707.567375,488.197125,273.577,127.4526875,490.0820625,751.46525,684.14075,611.7263125,569.4381875,800.44925,528.0941875,455.5854375,277.2261875,665.1274375,486.4854375,599.7598125,553.3544375,255.6440625,362.078125,442.5109375,825.6323125,583.3511875,500.129875,774.3229375,872.563875,460.3936875,894.21175,496.9411875,1037.3251875,312.8670625,719.11625,737.6291875,301.3268125,572.4349375,693.4986875,908.9611875,443.84725,697.02825,864.875375,673.2855625,719.14325,515.03375,645.8455625,764.0024375,523.2955,479.02675,487.3629375,775.6305,694.598625,595.3100625,450.41025,452.28725,761.770875,678.1763125,698.1320625,768.1730625,687.523625,812.025875,617.7569375,916.562,490.1821875,678.4015,654.5914375,412.220375,544.7099375,932.0529375,1026.048,711.2009375,846.6673125,751.444875,569.8903125,445.392125,861.3596875,764.608375,671.759125,640.9781875,557.01175,675.9725625,948.1805625,802.308,530.1366875,524.17425,582.889375,680.29225,914.5260625,967.611125,552.75675,597.0073125,674.6475625,760.4165,827.518625,809.6278125,955.3560625,109.5879375,677.7338125,271.7049375,601.87975,629.7553125,844.8271875,949.9401875,741.277125,888.237625,556.2304375,810.13375,531.662625,607.1301875,587.2025625,839.055625,944.6158125,715.062,605.1019375,726.18475,739.061625,781.585375,859.3103125,786.418375,723.799875,714.700625,249.9578125,436.2691875,788.243375,753.2358125,563.1006875,673.4515625,1034.5609375
0.9532790956890809,141.7314375,465.1979375,290.12575,656.94825,214.4371875,715.9574375,547.912,268.8539375,230.173,524.014125,739.881125,732.51275,607.6806875,601.867125,813.5498125,600.2951875,487.415125,290.1941875,694.8335,442.678125,598.16575,555.31175,244.8939375,414.7613125,518.760625,835.356625,619.4666875,477.520875,738.5900625,829.67925,564.427,931.399875,547.0155,1068.250875,313.5690625,739.1180625,796.965125,288.1079375,593.275875,761.831375,926.2525625,462.943875,696.770375,894.260125,620.4305625,738.0978125,535.8504375,646.609,748.1043125,577.356125,449.4104375,494.7459375,792.269,691.0793125,632.09075,488.497375,494.46975,731.93275,621.8726875,662.870375,825.1714375,724.166875,831.708875,612.09575,927.4250625,489.934875,737.40375,597.260625,428.63725,502.22625,988.15875,1071.8789375,710.4449375,828.1816875,768.76175,600.042375,461.0235,912.3533125,774.604875,657.630875,578.206375,583.798375,625.6019375,974.5535625,726.9526875,542.57925,553.598625,553.7339375,716.0801875,879.1969375,947.3354375,596.17075,594.631625,666.329375,765.5544375,824.7138125,828.1405,967.445875,171.2383125,655.0164375,295.9043125,606.42925,673.3545,856.3569375,1010.1823125,697.39525,917.923875,580.0439375,838.662,578.73925,590.6981875,574.491375,799.5735625,928.9381875,742.8144375,652.361125,687.562875,703.516125,712.6894375,905.5675625,803.2793125,738.0228125,683.4985625,279.2261875,476.1395,772.655875,757.14,508.2664375,627.47325,1025.30925
0.9573516184111641,141.2625625,449.113375,307.322375,679.599875,222.722,706.730625,610.3491875,257.6850625,318.517625,551.8749375,729.9436875,766.2571875,611.7315,626.635625,829.7689375,665.1835,510.0224375,321.9995,732.04575,398.6694375,597.7741875,561.056,243.836875,457.3828125,567.39625,840.3756875,668.8375,455.8038125,721.5101875,793.794875,672.9068125,967.2026875,597.8210625,1079.0119375,336.2780625,751.9715625,851.3016875,284.56625,603.9628125,837.8528125,910.8394375,488.1225,672.5755625,940.4863125,600.4971875,783.642625,557.5740625,656.9051875,717.5238125,629.3921875,444.271125,502.371875,788.6860625,680.5254375,661.358375,539.426375,547.54875,700.0891875,597.3249375,613.6665,862.4810625,754.3858125,837.6546875,614.3010625,929.270125,505.599625,788.8710625,515.563375,434.151125,434.1110625,1042.9884375,1112.5996875,715.7776875,818.946375,773.073,649.8910625,515.3645,970.788375,755.3391875,661.5975,512.892,607.6686875,594.9166875,980.1151875,679.996,552.587125,573.12775,547.29875,745.469125,830.8131875,897.4355625,621.9353125,593.3803125,650.947375,766.145,830.7083125,827.054875,984.689,241.66925,626.6785,342.55825,602.79225,730.0454375,874.5345625,1057.7274375,665.0159375,953.6829375,622.321125,863.9395,599.6750625,586.103625,559.565375,753.28275,892.0494375,762.2425625,705.133375,650.4256875,677.1848125,642.40625,923.0021875,827.7371875,757.9785,667.9370625,313.7366875,485.040625,750.7416875,761.490125,457.582,594.654875,1006.723625
0.9614241411332332,157.9465,419.3390625,333.5943125,698.749875,234.9023125,673.979375,671.5215625,236.1775625,383.686,574.9595625,720.7264375,779.18325,629.2385625,641.3728125,849.8571875,707.820875,521.803125,367.2920625,775.0805625,355.753625,591.6613125,570.40725,239.671625,483.0591875,591.8194375,834.561125,721.093625,438.405125,726.7631875,779.917625,765.4419375,996.9529375,646.292375,1072.9908125,371.899125,755.2525,896.39625,296.7501875,608.9249375,917.120625,869.433,512.3749375,634.5280625,995.62075,618.0353125,853.5241875,586.2761875,675.9101875,690.2036875,676.93525,462.6528125,524.461625,778.31725,658.2734375,679.3885625,590.738,605.498625,674.6570625,613.8451875,560.097875,882.628,763.3668125,838.3933125,622.6428125,911.8866875,538.0051875,819.283875,437.2056875,443.232375,348.8355,1081.934375,1139.0106875,724.1484375,815.12325,754.49675,708.4524375,595.0031875,1027.2331875,722.250375,677.1185625,455.76325,616.6516875,594.2613125,957.62675,670.4331875,558.9123125,583.1835,564.3189375,760.7846875,767.2536875,829.419125,623.3705625,592.2935625,632.8418125,753.3055,844.563,814.5853125,996.914375,309.53275,607.006375,402.7234375,596.3918125,776.335625,906.0371875,1075.8286875,654.13425,979.2893125,687.76475,885.8551875,587.203625,594.294625,538.7291875,709.2084375,850.7346875,790.6976875,756.037125,620.066625,667.0379375,589.1210625,912.4623125,851.478375,796.608,667.5365625,357.113375,470.1773125,720.20725,769.0495625,428.4755,580.5893125,983.1243125
0.9654966638553164,178.0298125,369.6285625,363.2378125,709.309375,241.9045625,623.9135625,735.741875,208.2725625,425.474125,602.728375,706.3549375,775.324,651.4820625,643.625625,870.8920625,722.500625,524.376875,421.4549375,816.1111875,318.9751875,582.167875,587.9776875,220.7478125,491.69225,600.1319375,818.2763125,762.379875,430.284375,748.3329375,785.5481875,821.8155625,1014.8966875,688.475375,1057.0426875,408.44975,752.0693125,934.7690625,326.8539375,619.795125,985.8229375,823.5726875,532.0516875,589.11775,1053.5384375,663.281625,928.775625,623.2381875,701.685125,677.75775,717.842125,492.8888125,570.2025625,766.9775625,622.9233125,687.0396875,635.729625,656.44425,653.120125,661.331625,508.5325625,887.248875,746.3895625,842.921,624.4855625,870.57975,586.1756875,824.5605625,388.766875,462.782875,263.454875,1089.58775,1149.71225,727.90925,813.0269375,712.136375,761.997,675.963,1071.3425625,694.4465,694.6296875,420.1900625,606.0116875,625.085,912.4451875,692.43575,565.026625,602.209375,597.65175,755.04575,686.605375,759.2895625,606.3425625,592.9911875,620.9503125,732.1279375,868.6973125,802.761875,997.42225,364.9566875,606.282875,467.238375,589.5409375,786.925625,949.8861875,1050.7803125,661.83325,977.820625,777.664125,895.6360625,554.8689375,611.6170625,509.1920625,669.9226875,825.6998125,845.8275,797.749625,592.1268125,667.5910625,557.89975,882.280375,860.13525,863.2259375,674.0078125,410.448375,441.2675,677.118125,784.8435625,423.4426875,581.2928125,956.833125
0.9695691865773854,178.2099375,302.530375,398.164875,709.38375,246.938375,570.9281875,806.499875,185.3014375,454.4158125,638.4151875,678.4966875,767.2393125,659.1841875,634.79025,886.5518125,706.7179375,520.9775625,480.12875,843.330125,294.2390625,577.498875,615.3000625,188.0794375,489.3069375,598.7230625,799.2546875,791.0835,429.25775,779.3041875,794.9105,835.3794375,1025.46325,718.522875,1043.8275,444.2609375,746.720375,969.2730625,369.9888125,640.4990625,1034.67525,790.019125,548.759,537.457125,1109.735,727.841875,986.7155,659.934125,723.871,679.4480625,749.8778125,526.3841875,633.2005,755.5865625,584.18875,688.9565625,674.9255,690.341375,625.1355625,717.7196875,460.9481875,878.11125,713.88275,854.878875,611.0478125,810.016125,646.9799375,819.2184375,380.079375,483.3784375,196.571125,1059.425375,1147.932625,728.0381875,814.5235,659.28825,806.168,738.534,1098.2471875,684.3185625,709.773875,414.95025,576.060625,685.732625,857.5421875,728.9365625,573.8665,644.926875,642.363375,728.618375,594.293875,698.9666875,583.336375,596.4325,617.3085,717.9091875,902.91675,797.40675,989.1671875,398.5311875,627.506125,537.0714375,582.872625,755.317375,1001.40975,984.8915625,683.554125,949.975125,877.33875,884.3136875,526.2973125,634.8459375,483.0920625,635.5326875,825.1426875,926.09825,828.154125,561.712625,672.4395625,540.29775,848.9065,843.1295,956.141125,686.504625,469.633875,407.3374375,620.9744375,808.161625,433.4429375,593.0264375,925.532
0.9736417092994687,138.6744375,230.845625,443.345625,701.212875,256.5219375,524.1420625,879.3886875,178.241375,484.9948125,676.887125,633.9925625,764.973625,638.805875,620.1950625,899.4858125,660.0426875,512.3066875,536.4559375,842.2726875,285.109375,585.641375,646.3489375,149.255125,483.7351875,593.9976875,785.01775,814.4945625,424.9613125,811.8469375,792.8934375,812.2575625,1042.222375,732.943875,1039.7749375,487.501625,744.8288125,1000.113375,419.1795625,660.264625,1065.5709375,776.293375,566.5574375,485.0870625,1158.1383125,805.32075,1013.6218125,679.592875,729.11875,686.7600625,769.7725625,558.4900625,695.257,753.179125,562.2719375,688.03975,713.568625,706.07375,587.366125,768.609875,419.6495,857.771625,682.44375,870.8808125,587.164625,742.2765625,716.491875,825.28125,407.6095,493.4866875,160.8559375,1004.1205,1134.1850625,730.8673125,824.637875,618.148875,846.0325,771.844875,1113.780125,696.717875,724.6469375,436.780625,532.046875,772.7174375,804.6335625,767.265625,587.065875,712.2364375,699.448125,686.2863125,505.861875,655.702,564.7220625,602.310625,620.404,720.0859375,941.9320625,793.973,979.5726875,409.18525,669.7345625,617.640625,578.1195,697.950375,1053.027375,900.1056875,717.7825625,907.7529375,961.2235,855.917875,514.683375,667.836,475.216,610.2304375,842.452375,1010.438125,850.56575,531.107875,681.15925,527.7888125,833.000625,800.2523125,1058.3996875,714.7266875,522.107125,381.5964375,552.5053125,831.7215,448.61175,616.2214375,881.6940625
0.9777142320215377,58.78225,169.9255625,494.301875,691.622125,268.6750625,483.54625,942.8864375,192.51925,525.2455,712.65425,582.289625,770.3415625,598.1991875,604.5579375,923.8654375,591.8160625,499.169375,579.605,801.3238125,292.8646875,608.060625,674.21825,112.415375,482.3271875,591.62975,779.03425,836.4609375,409.7068125,835.8891875,772.8975,759.9239375,1071.598,736.0818125,1038.7465625,542.435,749.24025,1029.9349375,471.33075,665.2531875,1084.37025,783.1193125,590.296625,447.90075,1193.39775,883.6793125,1010.7293125,670.267875,716.562375,687.6975,772.5793125,586.7443125,743.202375,771.0529375,569.326625,683.37525,751.79775,710.8281875,550.7410625,813.795,388.255125,828.1868125,659.645625,885.6098125,566.8085,681.682625,793.295125,854.3755625,459.1094375,494.98525,158.4815625,953.75275,1106.29225,739.9430625,845.466875,606.05375,884.2963125,775.155625,1122.8116875,730.0918125,745.3745,472.2165625,488.6185,875.2423125,758.3461875,806.3293125,609.05575,799.8520625,769.1399375,631.6244375,441.3375625,630.2804375,557.4868125,609.0918125,635.041875,734.42375,981.5094375,782.9484375,974.665375,409.6164375,728.4134375,704.8445625,578.73175,638.7575625,1094.2851875,823.19175,762.2804375,866.595875,1009.1061875,824.41475,517.286875,715.855375,484.670125,601.2913125,865.2649375,1074.6893125,875.9685,510.3836875,694.7024375,524.495875,847.37025,743.0195,1146.056875,763.015875,554.6235625,381.6963125,472.9045,849.44975,464.2784375,649.7605625,825.7426875
0.981786754743621,-36.2288125,132.3480625,537.09775,683.909625,275.083375,447.982375,980.397,224.3955625,574.3155625,741.165875,544.038875,781.186375,562.8495,594.131,968.563875,521.359875,488.679125,601.6226875,724.60475,318.9818125,636.877875,695.9621875,84.7526875,490.655125,595.704375,782.02925,853.4533125,390.512375,844.2545625,743.5275,686.5001875,1102.8189375,739.0090625,1029.1418125,605.59025,756.654375,1062.039,523.831625,652.1031875,1092.935375,802.3128125,622.4698125,443.5518125,1212.1214375,949.5541875,990.6413125,633.316375,701.0993125,669.4856875,755.95675,613.6985,777.2038125,805.4666875,597.9898125,673.0380625,779.1445625,713.8818125,533.519625,854.5874375,369.46225,789.968375,637.8486875,895.7501875,561.94675,640.130375,873.874375,903.1853125,512.3368125,502.1815625,181.586625,936.5389375,1065.438,756.6485625,874.1713125,625.8450625,918.80675,759.0758125,1121.8339375,773.4230625,777.3495625,510.795375,458.91525,976.215625,719.7144375,850.275375,644.4368125,902.4705625,844.48825,569.6193125,417.757,612.8274375,566.3703125,616.0358125,671.925875,749.2025,1020.475625,759.3826875,977.5521875,415.9191875,795.0545,783.892875,586.993625,595.1865,1118.115125,767.183375,811.046375,846.8653125,1016.9210625,799.8569375,524.657375,775.3596875,502.469625,612.790875,884.16975,1107.0316875,918.2124375,509.3225,706.51725,538.708875,889.546,689.9125,1198.686625,817.7993125,565.62025,418.719625,391.4991875,862.544625,479.6840625,687.700625,770.386
0.9858592774657042,-106.530375,124.77025,560.471625,670.8525625,275.1054375,422.7046875,974.571375,264.8875,626.2466875,753.82,538.3525625,793.92,554.576375,598.7134375,1027.0020625,466.69,494.16075,608.28325,635.402,363.284375,659.427875,708.838,66.772875,511.2615,610.466875,793.9961875,859.04025,385.2831875,837.1308125,725.2759375,603.6584375,1117.3361875,752.94625,1005.4563125,669.944875,758.8228125,1091.2820625,571.0725,629.3030625,1088.08125,822.2496875,659.5575,478.899375,1209.4755,996.1115,965.1763125,580.0294375,695.6078125,630.102625,725.8140625,643.86925,804.61,840.760375,633.7915625,659.6321875,786.5208125,723.547625,544.548375,888.8465625,366.500125,750.276125,606.0768125,901.449625,577.7994375,623.901,946.7159375,960.86525,543.053875,528.03225,217.44225,959.454125,1018.21725,782.0655625,904.322625,667.9156875,947.53325,739.4580625,1106.632,811.1801875,815.2980625,551.9318125,444.9006875,1061.1035,692.167875,899.5010625,688.2761875,1009.774875,913.1619375,512.7124375,441.845125,590.975,591.2041875,624.7725625,734.297375,758.141625,1056.5938125,724.98475,990.430875,435.84175,858.8089375,839.9185,602.4718125,572.0845625,1124.288875,729.1103125,854.842125,862.046125,996.250625,781.664125,530.7638125,833.5491875,527.801875,641.9690625,896.9084375,1108.035375,975.6650625,530.7959375,706.283,569.3720625,947.0976875,659.6210625,1206.544125,860.039875,561.3540625,488.5320625,325.8086875,875.9190625,493.6638125,720.715625,727.39925
0.9899318001877733,-123.2516875,146.4035,561.3118125,639.451375,279.7121875,416.082,917.5905,307.6073125,678.6501875,744.3983125,571.136875,803.9518125,576.982375,625.506625,1087.2004375,434.3956875,525.6045,615.4235625,560.4399375,416.7390625,665.618,710.3343125,54.4200625,547.0481875,639.401125,812.643125,852.652875,406.150875,821.5646875,735.75125,527.3661875,1107.7079375,781.6558125,973.6111875,725.3318125,742.957,1102.208375,608.732375,609.0673125,1062.186875,838.0143125,693.1303125,544.8430625,1180.559625,1026.269875,941.343875,527.979375,697.4089375,584.831875,694.5466875,679.57,832.543375,863.9974375,670.1513125,649.1786875,778.9916875,743.965625,572.86975,916.7805625,385.8273125,721.68075,564.95125,907.573625,616.568875,630.3713125,999.26125,1016.830625,546.591375,571.6553125,258.136375,1006.489,968.7174375,813.899,927.1696875,718.767875,969.441125,731.138125,1081.75975,835.2825625,843.0089375,598.299625,444.1635625,1125.6198125,677.7354375,949.04575,727.241,1106.507875,968.037625,482.0009375,504.9534375,566.529,624.123625,636.3035,809.4060625,767.1239375,1088.4008125,685.10475,1017.30225,468.623,910.276625,866.89175,624.4114375,564.839125,1115.16225,704.684125,884.2691875,903.70075,968.7765625,765.716875,540.496625,877.6875625,568.9093125,680.481375,910.071625,1083.3618125,1027.5055625,569.1235,698.77775,608.7154375,1005.212625,665.72725,1173.889625,885.702875,546.146375,575.4333125,291.831375,888.217125,500.212125,742.3000625,700.470375
0.9940043229098565,-86.137875,187.4765,538.7398125,584.9339375,297.6415,429.4968125,819.202,350.89125,735.7758125,718.565625,635.1521875,810.4818125,619.4843125,673.7505625,1142.0583125,420.1244375,578.410625,635.109375,513.8553125,460.714625,651.7196875,703.5436875,51.5761875,602.1153125,680.1751875,831.484375,843.12425,450.4874375,810.254,777.925625,476.228125,1082.2081875,823.0754375,944.4585,765.5518125,701.2591875,1082.164125,637.8979375,598.6164375,1012.23675,850.105375,714.5033125,624.1753125,1130.071375,1052.39825,926.343,497.4185625,695.7195625,556.0420625,672.803625,719.6550625,864.5356875,867.2589375,708.6486875,644.9604375,770.63225,773.01875,597.893,941.862125,431.97525,711.3328125,528.4495625,919.2941875,675.4195625,648.6959375,1029.6298125,1063.393125,545.54725,620.5491875,304.3063125,1051.7984375,914.1998125,844.248,938.823125,765.8464375,985.0273125,741.583125,1060.6869375,846.7011875,846.2415,646.140125,458.839625,1173.6475,674.5244375,996.623,750.738125,1177.10975,1008.88975,494.396375,585.260625,556.8265625,655.082375,650.0758125,878.0999375,788.32675,1117.7803125,649.160375,1064.3996875,507.7861875,947.345,868.962875,653.4859375,570.726625,1091.2528125,695.885875,892.7745,947.051875,955.3615625,753.3835,568.2643125,904.172875,631.509875,716.58575,934.0431875,1046.9726875,1052.3268125,610.902125,701.2185,652.9005,1050.3693125,706.1845625,1115.6653125,906.66075,527.345875,659.6205625,295.738375,892.625125,492.6011875,756.8458125,690.74475
0.9980768456319256,-15.8783125,231.4478125,494.2679375,517.134875,328.9808125,459.27425,701.338125,393.078875,794.8046875,688.2485625,715.64575,822.389625,669.625875,732.592625,1185.574375,412.300625,636.9941875,668.3498125,494.4711875,474.400625,623.550125,695.15475,71.88925,676.8373125,722.61875,840.6064375,839.6710625,506.9475,812.62475,841.172125,463.1835,1056.344,878.0614375,923.92,795.4878125,640.7120625,1034.1095,663.786375,595.438375,947.5686875,856.876375,720.6890625,705.2625,1073.7145625,1087.191125,925.2596875,503.5190625,682.7270625,558.28425,664.6835625,759.378375,898.0013125,845.3636875,750.5439375,648.426375,774.504625,803.0649375,609.1365,966.487625,502.080875,722.5771875,515.9176875,934.1989375,742.176625,666.94775,1045.7194375,1096.905125,570.3154375,664.0369375,359.564875,1078.0140625,855.27225,866.92175,947.1409375,797.4753125,998.3940625,762.5614375,1055.2175,849.4313125,821.062125,682.7878125,495.6515625,1210.917,680.399125,1043.1404375,757.8864375,1212.664,1033.67625,547.6210625,660.793625,576.0783125,680.5070625,669.35475,927.395875,830.46525,1147.0331875,631.8018125,1133.79,543.0349375,975.3343125,857.5988125,689.3735625,589.0925625,1050.8621875,702.8348125,880.552875,969.29175,965.1731875,750.753125,621.808125,917.11725,711.120375,740.464375,970.3140625,1021.20325,1046.6279375,643.8379375,722.2019375,705.6288125,1077.5139375,758.8835,1047.519875,936.086375,521.3353125,724.7815,333.99775,887.0335,473.963875,777.910625,700.275375
1.0021493683540088,61.3688125,266.494625,440.5524375,447.6619375,372.051625,503.3469375,586.0008125,432.3650625,838.2963125,662.3984375,795.37,852.3551875,717.7345,784.7025,1207.005,398.9065,688.7600625,706.48875,493.317625,446.1075,595.2080625,691.856125,124.338875,767.140875,755.2009375,828.5918125,841.953,565.4603125,827.5654375,912.095625,486.6128125,1046.009375,945.166625,912.0836875,820.2020625,579.354125,971.4661875,690.119,591.8368125,885.855,855.039625,722.1473125,783.437,1025.7783125,1126.7718125,930.771625,550.0700625,660.0168125,590.6456875,673.678625,795.377625,926.11825,801.936,792.380125,661.11825,798.951875,823.7929375,610.507875,991.0458125,591.521625,759.1073125,540.643375,941.1795,801.2020625,681.9894375,1059.031,1120.2300625,636.9639375,700.38325,424.644625,1083.9401875,804.5286875,879.9221875,966.16825,806.98175,1016.191,775.6933125,1068.0775,849.7430625,773.3280625,696.204,554.7328125,1241.405,694.056125,1082.8758125,761.8695625,1218.0505625,1038.694375,623.7420625,723.777125,616.2890625,702.154875,702.4439375,952.8468125,893.469125,1177.91775,644.1359375,1213.586,566.3691875,997.55275,847.16675,729.106125,612.6446875,995.2984375,716.8703125,853.5305625,963.247125,992.006625,759.878375,692.8521875,921.4829375,796.0034375,748.090375,1009.805875,1020.9620625,1024.8198125,666.399875,754.3739375,771.5406875,1092.7083125,798.7654375,976.986875,976.4466875,544.03125,766.40825,398.4034375,878.3468125,455.84325,815.9181875,728.201375
1.0062218910760778,119.0501875,288.10075,398.9300625,377.9939375,422.91025,556.5715625,490.8616875,472.793,846.84675,645.457,863.1766875,901.311375,754.670375,816.61175,1196.886875,376.189,728.6815,738.1080625,501.6766875,383.60225,579.2840625,699.03425,205.4343125,865.44175,772.1504375,790.6790625,841.8354375,622.0475625,849.6106875,983.2456875,532.2763125,1060.4359375,1012.739,909.3266875,835.0734375,536.6005625,905.36,715.8638125,589.0120625,839.9306875,846.024625,736.12725,853.3168125,992.412125,1150.401125,922.311125,631.253875,636.058125,641.3979375,705.122625,829.922,943.0784375,750.447875,833.4799375,679.927375,844.06525,831.02625,610.052875,1018.263125,697.5530625,817.5445625,597.995625,930.942375,845.8896875,702.71075,1081.472625,1139.0308125,738.8525625,732.7193125,496.2506875,1078.8173125,780.321,879.0515625,1002.0484375,797.9120625,1045.3485625,770.8911875,1092.861375,852.2395625,713.840875,685.7555,622.482375,1265.4349375,714.4331875,1104.03175,780.0869375,1207.6290625,1027.2065,701.66575,780.896125,652.3165625,722.114625,750.0590625,959.269625,966.7299375,1213.1168125,681.424625,1282.214125,579.226,1012.4910625,847.2511875,769.405875,631.6368125,934.2350625,726.547625,815.4743125,942.538625,1020.5889375,776.514625,765.034875,921.6664375,872.2290625,740.245625,1043.859625,1042.4708125,1002.5619375,684.812,779.8409375,846.596375,1103.903625,818.9264375,908.854125,1019.5995,599.5764375,793.052875,479.21725,875.7438125,446.489875,869.9241875,765.6754375
1.010294413798161,138.1044375,291.5445,383.34225,308.4190625,472.51425,606.2058125,425.160875,522.66625,813.4280625,639.0941875,920.716125,952.703125,771.742,824.7255625,1156.984,346.966125,756.71975,757.8244375,513.835375,311.773125,578.1593125,714.8671875,305.8720625,958.1634375,772.1464375,736.222375,835.621,678.2450625,877.2435625,1050.5711875,586.1295,1094.1793125,1068.5484375,917.064375,837.5154375,524.3985625,845.95475,737.827125,601.34425,808.7859375,836.9273125,766.9359375,907.77025,974.698125,1138.7125,883.945875,736.5855,615.2224375,698.7526875,758.0873125,864.4664375,945.542,705.5564375,875.11475,696.5299375,900.494875,828.01425,615.4375625,1052.2666875,812.53925,883.8925,669.760625,906.3071875,882.0351875,740.9589375,1115.0539375,1153.5243125,849.6320625,763.8373125,568.625625,1075.98,792.4004375,865.0496875,1045.412125,781.6930625,1090.6859375,754.68325,1111.663875,852.2529375,654.3905,661.650875,678.6988125,1280.45875,741.902125,1098.9725,812.9465,1190.803125,1008.4985625,767.3408125,842.6751875,667.1741875,742.0529375,802.199875,962.9840625,1032.149,1250.455,727.0686875,1325.3283125,588.9541875,1020.8590625,857.8296875,810.1548125,642.9125,879.9488125,728.88425,769.412625,930.6459375,1040.9865625,797.9076875,821.9935,919.5905,926.481875,720.6870625,1070.2189375,1068.21375,988.52875,704.6201875,781.4083125,916.961875,1112.8420625,828.2796875,849.68625,1054.3485,678.7175,816.064125,567.1509375,881.39975,443.9573125,931.1913125,800.706375
1.0143669365202443,117.4960625,271.751125,390.2243125,247.87175,513.5041875,635.8269375,385.9821875,583.191,747.5980625,642.9345,975.9304375,982.438,765.161625,814.1053125,1102.420625,315.4181875,779.2468125,769.4600625,527.5709375,258.6609375,585.7894375,730.5803125,417.151125,1029.10475,754.3933125,681.2920625,832.8626875,735.9358125,909.8313125,1108.992,642.1130625,1128.80225,1107.2526875,934.8570625,835.108875,542.445125,809.595,750.751,639.2165,788.2125625,834.3504375,802.2365,942.444375,969.918,1089.1048125,820.8764375,852.2660625,594.0535,754.052375,823.3804375,892.7076875,933.0703125,677.8193125,908.1459375,703.84575,957.472375,819.6408125,632.74375,1091.10775,925.4205625,943.3051875,742.6391875,881.0074375,916.4285625,799.7144375,1146.2025625,1161.0129375,940.379875,796.5181875,635.641,1085.48925,835.0129375,853.8676875,1078.1449375,771.614375,1147.7105625,739.48475,1106.677875,838.71,603.1914375,635.1654375,709.8461875,1283.5279375,780.6765,1069.2274375,844.8084375,1166.593625,989.6525625,819.3535625,912.1308125,662.655125,763.48375,852.8974375,983.4029375,1078.0340625,1276.117125,768.7270625,1342.984625,600.4026875,1023.7335,871.808,852.4616875,645.82175,841.98375,730.3723125,724.890875,942.1816875,1055.2536875,826.715,852.7868125,913.8000625,953.7800625,696.1131875,1090.0825625,1081.3684375,986.8100625,729.42425,753.557375,967.6481875,1113.0201875,833.9506875,798.577875,1073.6645,763.24925,842.4828125,650.4069375,891.619375,446.812375,990.162625,834.7263125
1.0184394592423134,76.577125,227.6499375,404.1659375,206.793625,544.3293125,633.055375,366.5069375,645.26025,668.84475,655.4214375,1033.0860625,974.76775,743.3035,796.844,1052.1771875,284.9389375,804.6146875,781.2749375,541.276125,242.5594375,598.9035,740.31725,531.544875,1073.20725,720.784,637.100375,849.0955,794.2365,942.9635625,1152.700625,701.828375,1146.3221875,1124.38575,961.17075,837.8816875,581.5465625,811.1301875,749.3035,695.896875,784.26375,839.5395,826.3138125,955.6258125,976.05175,1017.2103125,753.244125,963.1616875,565.949875,801.882,890.3075,908.8158125,909.3664375,673.3810625,917.963375,699.144,1011.713375,813.7343125,661.62,1125.0045,1031.7680625,989.494875,814.2045,867.50875,950.7373125,870.76,1161.9843125,1165.1213125,996.9583125,831.82725,694.6749375,1110.076875,894.4580625,865.905625,1090.7864375,777.359625,1202.581625,731.55625,1080.4173125,809.2566875,561.8938125,610.413125,718.2504375,1271.9035625,836.176,1024.900125,865.0450625,1134.9535,975.29875,867.07275,984.756375,649.86475,789.1404375,905.3446875,1030.8340625,1111.7073125,1270.91475,805.726125,1344.2515625,615.221625,1017.7034375,883.0403125,897.6056875,639.137125,827.411125,737.901125,692.7811875,975.2063125,1070.3449375,866.6174375,859.97425,905.0135625,963.752,677.440375,1103.2823125,1078.305875,994.4864375,762.14825,705.3538125,992.223,1096.1145625,835.869125,748.4559375,1076.7386875,835.547625,877.201125,714.41975,904.682875,463.05275,1040.467125,882.7751875
1.0225119819643966,44.9615,165.653,411.49825,191.417625,569.7679375,594.854,362.7260625,702.3036875,594.2299375,670.8079375,1090.46775,929.71675,724.4568125,785.55175,1017.883625,258.5979375,833.8721875,803.166125,549.54425,264.9618125,622.5343125,746.283875,641.89225,1102.505625,683.2763125,606.4898125,891.5604375,849.227,971.8009375,1178.7201875,771.086875,1140.8991875,1114.32575,993.1015,853.428125,629.7253125,852.310375,739.54325,753.5479375,806.9445,850.5709375,830.729,948.649625,995.417625,941.9185625,697.3274375,1058.1575,529.2751875,844.82425,951.4524375,916.44175,883.7970625,691.947375,903.6354375,684.2559375,1065.7589375,817.6918125,698.4555,1143.556125,1131.191875,1024.072125,883.3571875,867.7935625,988.1685625,945.1090625,1165.570625,1171.6023125,1019.2005,865.9893125,750.56725,1149.2823125,956.443625,909.8438125,1092.0180625,801.4335625,1244.07525,730.4931875,1052.73275,777.41375,532.2151875,588.6486875,716.4299375,1245.1505,906.85975,982.4591875,875.2001875,1104.95775,968.6244375,920.101625,1060.6133125,642.9385625,816.887875,962.2148125,1103.441375,1151.83225,1226.244125,838.847375,1339.6654375,635.155375,1002.292875,891.9465625,947.876875,627.8701875,839.026875,754.3716875,678.5774375,1017.4498125,1087.998125,914.6885625,860.178625,897.247125,972.017,677.1583125,1110.9035,1067.969,1002.1851875,800.836375,654.75125,996.189125,1060.6604375,833.681125,701.8425,1066.073375,889.62925,923.6559375,752.042375,922.238375,499.90525,1078.7483125,948.4144375
1.0265845046864657,43.0558125,100.034,407.3901875,202.5496875,600.110375,529.62975,371.0229375,756.357625,530.11325,681.3724375,1136.8424375,857.7830625,721.3895,787.802875,1002.0626875,241.801375,861.3565625,842.5391875,546.4183125,309.3919375,660.0141875,756.1190625,740.6474375,1131.5699375,660.491875,585.7394375,955.8070625,894.398875,996.108625,1188.95775,853.6638125,1118.27875,1079.5826875,1026.7494375,887.38575,674.98425,924.2870625,742.103625,794.7223125,855.4133125,865.184125,816.637625,930.4053125,1027.3638125,872.8733125,659.3371875,1131.6213125,495.36775,891.239875,1004.7725625,923.098875,867.790125,727.5585,879.87925,668.6356875,1119.6745625,831.364125,746.663125,1142.511,1215.9235625,1050.6940625,945.118125,877.321875,1031.5368125,1022.2158125,1169.074,1177.70325,1011.36325,895.6215625,812.341125,1198.2589375,1009.626125,977.9586875,1097.5993125,841.0248125,1267.81775,734.5785625,1043.4961875,760.4669375,520.7776875,574.9548125,715.543125,1210.0275625,981.1038125,958.057,880.41575,1092.7158125,968.9948125,978.42275,1143.10025,655.9240625,834.2023125,1017.7964375,1188.509125,1206.8214375,1153.038625,860.857375,1336.3585625,660.2160625,987.7558125,900.716,1002.8965,624.474,875.977,780.772375,684.52375,1062.6256875,1102.94575,961.9738125,869.9021875,896.5139375,984.1045625,703.23375,1120.1816875,1058.3674375,1001.856625,839.58325,620.7883125,994.293875,1014.815875,829.96375,672.3804375,1049.0341875,931.00875,981.0756875,771.299125,944.6965,552.918625,1102.182375,1012.910625
1.030657027408549,69.7635625,47.5151875,389.1404375,231.5175,641.403125,454.3136875,386.733,803.568625,471.9491875,685.751625,1151.75525,772.629125,732.285375,807.2088125,999.6799375,242.4581875,881.20625,895.2573125,533.91075,351.510125,702.49525,775.938625,817.6825625,1161.6955625,662.7743125,571.519125,1032.796125,924.58975,1021.0171875,1188.608625,945.9884375,1087.20025,1036.9675625,1060.433,937.42975,706.57325,1012.134875,774.894375,813.7325,914.780625,878.6791875,793.6909375,915.4964375,1067.5279375,815.87875,639.6638125,1177.0090625,480.22925,946.710875,1051.0654375,934.3265,868.016,774.8281875,860.6475625,668.8543125,1167.42275,853.2164375,810.724,1123.48125,1273.0238125,1069.6671875,996.4743125,890.9470625,1078.630625,1104.6960625,1178.709625,1176.91575,980.3513125,922.061375,882.637625,1241.1284375,1051.305,1051.8336875,1112.1590625,892.661875,1273.62125,743.581125,1065.0070625,763.64175,533.282875,575.79175,726.3930625,1177.943625,1046.9485,960.1845,886.0803125,1115.150625,976.922,1035.104375,1226.0753125,695.986125,831.3318125,1061.749125,1265.1378125,1265.469375,1076.319,864.5535625,1337.523375,689.3406875,991.229,909.53725,1058.1793125,640.3800625,933.0441875,816.729125,708.6853125,1114.193,1108.4125625,1004.2708125,891.625625,909.6316875,992.9070625,755.4186875,1141.5746875,1051.3424375,992.94375,874.01525,616.1245625,1002.9975,974.4456875,827.6314375,669.865375,1038.3550625,965.9990625,1037.9058125,790.1859375,974.966125,611.4219375,1111.4434375,1054.219
1.034729550130618,110.69925,21.2775,351.574875,262.95925,690.42375,386.05025,404.1061875,830.5343125,411.998625,687.0641875,1118.080125,687.555,747.813125,841.52975,1002.280625,267.083,893.6353125,947.5964375,525.1645625,372.37625,737.1064375,805.5668125,864.28475,1181.4524375,688.332625,563.470125,1109.4305625,939.772375,1051.03025,1181.134,1038.2214375,1053.413625,1008.49525,1093.749125,989.4254375,719.7238125,1094.127625,835.6538125,819.479625,967.034125,884.6913125,778.417875,919.29,1119.120875,780.5154375,637.675875,1186.2488125,491.513125,1012.491375,1087.958375,959.6598125,887.2685625,834.262375,849.1935,697.911375,1202.5775625,886.293125,878.9775,1096.667625,1296.29025,1077.028,1039.0060625,905.2853125,1128.7055625,1189.3596875,1193.6119375,1172.5650625,940.5413125,945.617125,953.9234375,1261.64975,1087.217625,1117.534625,1126.9631875,952.5188125,1266.061375,760.3920625,1114.613125,776.8395625,569.798875,592.8964375,755.9255625,1159.843125,1100.0433125,987.4709375,901.993375,1175.8618125,999.5815,1084.129,1293.6614375,760.980125,817.8793125,1091.357375,1312.427375,1309.425125,1019.08175,850.5653125,1347.7180625,723.3194375,1022.87575,923.2583125,1107.8268125,678.49,999.748625,859.5244375,740.459625,1171.4800625,1099.36,1046.21725,917.8993125,935.82225,993.734375,823.6935625,1180.809125,1047.4176875,986.425875,903.728375,640.57025,1028.389875,952.3886875,826.43625,690.881625,1043.2785625,993.991875,1071.1844375,825.287,1023.119125,674.089375,1115.0051875,1065.204125
1.0388020728527012,152.7724375,25.290375,295.5954375,282.182875,743.7266875,332.441625,417.4865625,833.88575,354.2520625,686.844375,1034.4820625,609.5614375,762.8674375,880.96325,1002.4375,315.1295625,906.3105625,989.098875,536.2654375,367.199375,762.1930625,839.4561875,881.408875,1179.6015,729.4739375,560.6103125,1168.637375,941.1725625,1088.062375,1166.207625,1117.85625,1019.9650625,1004.9228125,1123.9933125,1030.7511875,723.78325,1147.52275,902.734625,825.6328125,1006.460125,881.3205,787.3389375,953.844625,1190.961,776.356625,656.355875,1159.7020625,531.878875,1088.5539375,1111.8258125,1014.1303125,930.7940625,907.093125,841.775625,753.230375,1226.8984375,928.722375,928.5419375,1082.5154375,1289.8939375,1070.57425,1073.5779375,920.59575,1185.835125,1268.0720625,1214.7565625,1175.4835,910.7614375,961.03075,1020.799,1257.5625,1121.590875,1175.999,1134.1418125,1017.5115,1253.9056875,791.41575,1171.8125625,787.1594375,628.9718125,622.5124375,797.6885,1160.28275,1140.455625,1027.3845,940.2888125,1257.6850625,1043.9184375,1122.00875,1331.40775,843.092375,815.0285625,1115.2804375,1321.2074375,1328.636125,990.4069375,823.8558125,1373.8831875,762.7049375,1074.9501875,950.527625,1146.160875,733.763625,1062.8104375,908.0068125,768.2125,1226.2074375,1073.6060625,1093.008,944.1250625,962.9929375,993.9493125,893.5436875,1235.1956875,1046.558125,998.2455,932.2111875,685.2325,1061.89025,948.5605625,822.77425,725.1203125,1060.83275,1012.885375,1065.55525,883.995625,1097.78825,749.615375,1124.054875,1055.4014375
1.0428745955747845,188.3141875,52.2799375,234.16075,279.679125,801.1825,289.6873125,423.3024375,826.287125,319.8023125,683.4325,921.2613125,535.3731875,776.398125,915.6488125,993.5144375,376.1085,927.14375,1016.9991875,573.396375,346.054875,787.4148125,872.241875,881.9488125,1157.8445625,778.59475,565.5265625,1199.31225,928.9068125,1135.3955,1144.1433125,1172.5814375,991.498125,1021.922625,1148.472,1063.6941875,734.0755,1157.63025,950.6716875,840.9253125,1038.9725625,875.5926875,824.56925,1021.92325,1280.2790625,804.29,698.210375,1113.465375,600.8713125,1173.8379375,1124.4895625,1104.354375,1004.4995625,986.196375,836.150125,818.171125,1246.4125,966.9919375,950.539,1099.4575625,1261.67725,1057.1438125,1100.01275,939.825625,1251.0405625,1335.265375,1248.4165625,1189.297625,903.2530625,964.83825,1088.1629375,1235.9394375,1151.458375,1235.9428125,1135.7764375,1085.978375,1245.71375,841.679375,1214.7175625,792.190125,714.0429375,659.81475,838.950625,1172.9875,1169.24575,1061.1550625,1003.7925625,1337.469,1109.4594375,1146.84975,1337.72625,931.52675,834.504125,1138.0065,1297.159625,1322.6530625,986.553125,790.3194375,1417.2095625,809.48875,1131.6881875,991.7068125,1171.423125,798.1086875,1109.496875,963.9030625,792.4066875,1268.693125,1037.183625,1143.6783125,970.1891875,980.1625,1004.7850625,957.96625,1296.7638125,1047.676375,1033.5043125,964.91775,742.7705625,1091.206,957.7653125,815.462875,765.898375,1080.345125,1030.814375,1029.42825,959.13,1192.428625,845.3580625,1142.36275,1040.868
1.0469471182968535,215.334625,84.0405625,184.34325,256.2139375,855.8945625,252.425375,419.6034375,818.4835625,326.1384375,673.8151875,812.6430625,461.97625,780.8063125,945.046875,973.2864375,435.6741875,956.033,1028.1969375,628.897625,325.1689375,817.314875,904.2166875,881.694,1132.6035625,830.8255,585.3865625,1202.85125,907.8439375,1194.20475,1119.7889375,1197.542625,975.149,1049.2299375,1168.809125,1097.93425,753.189,1125.0809375,968.6315625,870.256,1067.689125,879.214875,880.5226875,1113.589,1369.853125,853.184125,757.1659375,1068.811,689.4085625,1261.5363125,1131.6388125,1221.03425,1103.558375,1062.227875,833.7838125,877.6084375,1257.0834375,985.856875,958.1366875,1148.7093125,1220.280875,1052.3170625,1122.7130625,967.883,1318.4975,1392.7275,1299.659875,1209.1755625,920.32,963.2666875,1155.8435625,1203.433875,1170.0713125,1302.5654375,1141.182125,1154.2805,1244.2646875,906.0954375,1236.8293125,800.7120625,825.97725,699.9498125,874.09075,1189.5985,1191.6626875,1076.532625,1082.809625,1403.6546875,1187.71175,1160.936,1325.4790625,1015.60825,873.85025,1151.5253125,1253.5868125,1296.468125,1000.900625,757.661375,1469.603875,868.53825,1183.8488125,1035.1943125,1188.61575,863.5285,1137.624875,1023.71875,824.970125,1294.85575,1004.9725625,1192.52875,1000.83525,987.53425,1031.81425,1020.06,1353.58325,1047.4893125,1084.145125,1004.9434375,810.2571875,1109.2733125,979.972,808.18325,813.843625,1097.4935625,1060.731625,983.9364375,1030.44025,1281.916875,964.9845625,1166.7525,1033.0696875
1.0510196410189367,233.5284375,96.0936875,159.5094375,226.164875,888.7755,220.7616875,407.183125,810.154875,364.982625,658.084625,733.7893125,398.6834375,768.5809375,971.8505625,948.99975,482.0511875,986.8121875,1016.067375,687.1005625,316.2608125,841.3430625,941.5179375,891.40775,1122.2396875,879.65875,619.2905625,1186.6768125,885.4185625,1257.3130625,1101.2086875,1204.4698125,975.688,1079.0000625,1190.5166875,1139.1296875,772.6371875,1065.993625,966.6744375,914.6125625,1088.9385,899.833875,945.9965625,1211.581,1444.018,905.2141875,825.8238125,1035.1385625,781.97525,1337.3765625,1140.6026875,1346.1280625,1210.79025,1138.7024375,835.833375,928.7456875,1245.3705,982.316,970.0768125,1212.482875,1179.05775,1073.9511875,1148.086875,1009.2798125,1379.34475,1447.390125,1364.517,1229.8763125,957.6860625,967.017375,1210.8616875,1167.3495,1171.3225625,1374.3478125,1162.6044375,1217.1355,1248.9949375,968.7599375,1243.8003125,825.4014375,951.9756875,738.682625,904.8620625,1210.5255,1221.5935,1073.6768125,1164.1744375,1458.2105625,1263.23175,1171.702625,1309.5555625,1088.858875,927.423625,1151.0359375,1205.14475,1258.5245,1030.464125,740.172,1516.665875,943.5481875,1229.74475,1068.55325,1204.6865,923.888125,1163.2091875,1075.3623125,878.52725,1309.092125,992.1755625,1235.12425,1046.9335625,993.447,1075.0943125,1081.7206875,1390.9709375,1044.7455625,1139.7946875,1050.49075,884.4541875,1116.8205,1017.6195625,804.8725625,870.937375,1116.1666875,1103.3903125,945.319,1077.564375,1341.375375,1107.135875,1195.975375,1037.41375
1.0550921637410058,238.1729375,75.0465625,163.2723125,211.6418125,881.1186875,196.8200625,392.5011875,797.6034375,409.939625,641.2999375,690.1665,361.9241875,749.3861875,991.9106875,933.133625,508.1000625,1015.575375,978.0391875,732.76175,322.184,846.8089375,990.672375,916.036375,1132.0515,917.303625,654.653125,1156.3774375,867.0516875,1314.2355625,1096.5373125,1216.680125,996.6965,1110.5100625,1216.834125,1188.807875,788.536375,1000.262,965.6610625,967.12175,1097.5240625,937.601875,1017.579125,1299.8566875,1498.05125,944.3671875,906.8054375,1011.8456875,866.7410625,1388.9665625,1161.484375,1457.2758125,1311.1926875,1228.0840625,840.7146875,979.3879375,1209.3750625,967.17775,997.585875,1265.6509375,1152.0345,1132.7279375,1173.8670625,1062.2478125,1427.7831875,1505.74675,1429.9828125,1250.3316875,1005.3804375,980.298125,1245.0804375,1141.9415,1153.0489375,1444.0408125,1210.0435,1268.823625,1260.448875,1018.635375,1246.9405,875.475125,1067.582,778.1623125,932.0355,1242.29525,1271.6099375,1065.463625,1237.4655,1508.18375,1321.526375,1187.3594375,1297.0605,1151.669125,992.0731875,1146.82125,1167.0655625,1217.3805,1069.5756875,759.071,1545.6418125,1036.3633125,1268.6760625,1090.713125,1224.1648125,977.9853125,1205.2395,1106.355625,954.20225,1321.212625,1008.7573125,1273.8509375,1118.5750625,1008.600875,1135.029125,1136.892625,1399.6796875,1047.168625,1192.488,1097.61475,960.1366875,1120.63575,1069.8731875,808.04625,931.6218125,1138.99,1147.9731875,920.112125,1097.35125,1367.3694375,1258.501625,1234.16125,1056.512375
1.059164686463089,225.5239375,31.7485,184.2411875,227.7145,835.4361875,181.19325,385.2301875,778.836625,442.9884375,632.8945,677.52925,358.705875,744.5909375,999.0533125,931.3128125,517.8265,1041.6905,921.583375,756.743,339.462875,836.000625,1050.9555625,954.021625,1153.6374375,945.9816875,681.3774375,1115.0585625,859.8511875,1359.7511875,1109.43425,1252.4369375,1041.4845625,1147.9189375,1243.8430625,1243.9695625,804.37,941.6575,979.375,1017.3010625,1093.985875,989.4774375,1091.741125,1369.6905,1532.2718125,967.04625,1006.3111875,1001.3185,941.5154375,1418.728,1202.9333125,1530.7841875,1401.403125,1331.21625,846.22675,1040.049375,1167.42625,955.33825,1044.8731875,1292.03225,1147.119125,1222.182,1193.158875,1119.5915625,1462.705625,1571.0458125,1480.1951875,1276.970875,1050.4799375,999.4294375,1265.295375,1144.0625,1118.8746875,1502.0921875,1285.0349375,1303.5210625,1274.2454375,1060.8398125,1261.451875,952.1956875,1153.2675,825.971,955.2575625,1288.3010625,1336.4666875,1072.3099375,1293.067625,1557.869,1356.8375625,1209.5360625,1289.670125,1209.9999375,1064.409,1157.215875,1152.7763125,1180.9155625,1105.4753125,828.09675,1555.713,1144.24125,1296.2345,1110.600875,1247.970125,1029.9621875,1265.9668125,1112.538375,1041.60675,1338.09925,1056.51225,1315.501,1217.728125,1040.0578125,1214.2410625,1176.041875,1383.6231875,1066.2730625,1234.9735,1144.97775,1032.598875,1125.1643125,1129.4823125,820.936125,984.3195,1165.87675,1186.455375,908.30425,1109.2573125,1372.1566875,1396.4910625,1286.495125,1092.2955
1.063237209185158,203.320625,-10.8373125,210.145875,270.8389375,776.4400625,177.3013125,390.7581875,754.2668125,465.8161875,640.9018125,689.6215625,381.7376875,768.5291875,992.38175,935.0219375,526.201125,1064.0305625,860.9503125,758.924125,362.9855625,822.9279375,1112.157125,997.8381875,1173.20625,980.080125,702.3331875,1068.4294375,870.5674375,1393.79175,1136.3075625,1313.3053125,1107.176375,1193.571,1268.54025,1298.3975,822.409625,898.22,1009.4805,1059.844125,1087.2395625,1053.8470625,1163.323125,1424.8854375,1544.9190625,982.895375,1121.3291875,1009.3394375,1007.066,1442.2410625,1259.36475,1554.033625,1482.7541875,1429.2164375,855.483875,1112.89475,1141.2894375,956.1235,1109.4354375,1294.7768125,1167.8091875,1323.1885625,1208.595625,1172.596375,1482.2983125,1642.0793125,1507.3775625,1318.007,1086.2049375,1023.1654375,1283.2894375,1177.5984375,1080.2803125,1541.433,1377.687,1322.643125,1275.695375,1107.915,1297.675625,1051.389625,1211.3055625,887.4580625,981.1095625,1344.206,1395.8920625,1105.7280625,1320.4824375,1604.3365,1367.9865625,1228.462,1287.8749375,1270.9228125,1142.9315,1196.421375,1167.943375,1158.6344375,1128.5665,937.5274375,1555.1885,1253.5675625,1306.2473125,1138.727,1274.51325,1081.793125,1334.7483125,1097.9724375,1128.9405,1352.3094375,1128.369,1361.424,1336.340375,1089.3448125,1309.715875,1194.5075,1358.0143125,1104.571625,1262.0656875,1193.0420625,1095.520375,1131.8148125,1182.6318125,847.9624375,1022.6613125,1197.7868125,1222.94125,908.963375,1138.38,1367.5156875,1500.1226875,1354.2009375,1145.826125
1.0673097319072413,185.1594375,-39.697875,243.5205,324.0938125,726.9320625,189.65875,407.500125,728.951875,485.81325,664.682625,719.8663125,420.84,820.8593125,975.709375,932.09925,546.1006875,1080.236,809.53925,748.005,390.6890625,818.36425,1158.578625,1039.3643125,1178.524375,1029.0625625,726.307125,1029.678875,894.20825,1420.3993125,1168.0180625,1384.534125,1181.293875,1246.393375,1296.1991875,1348.8833125,839.86475,873.5136875,1054.84125,1095.258,1088.067375,1127.2476875,1228.6291875,1480.4379375,1535.8549375,1003.353375,1236.57975,1036.8775625,1059.1641875,1470.861125,1308.5163125,1534.193,1553.872375,1497.584,876.475875,1185.97,1139.741,971.342875,1180.675,1286.7328125,1212.5843125,1417.917375,1229.4751875,1213.1655,1482.7025,1713.7996875,1518.944625,1368.3013125,1120.8195,1059.2705625,1305.761875,1227.9631875,1053.745625,1561.5449375,1469.1505,1338.8365625,1252.94075,1160.94425,1351.134,1164.9371875,1262.91125,962.6288125,1021.7735625,1396.3129375,1432.4746875,1160.7726875,1314.645375,1640.9115,1352.579875,1230.88775,1288.0413125,1335.5645,1229.41625,1263.8378125,1208.57275,1158.479875,1138.3153125,1060.680125,1551.8323125,1341.0006875,1301.6529375,1183.1239375,1306.8806875,1127.5859375,1403.2799375,1071.482125,1206.4503125,1348.5656875,1213.875375,1405.116125,1457.5295625,1156.4748125,1405.7298125,1195.86525,1339.905375,1153.4600625,1274.4,1236.8981875,1141.35125,1144.273,1216.4826875,892.0480625,1052.5264375,1234.45475,1265.375875,923.51275,1192.4528125,1361.683375,1560.4716875,1433.2981875,1213.9715625
1.0713822546293246,177.6101875,-54.1389375,291.055875,374.84,692.321125,215.3940625,431.0840625,709.8106875,503.080625,697.614125,759.649,470.943875,888.798625,954.78475,922.331875,579.818125,1090.282125,778.20175,734.0755625,423.3699375,825.684125,1179.1739375,1075.017625,1163.656875,1083.6989375,757.5116875,1015.157625,916.597875,1444.6201875,1195.505375,1446.85275,1246.5531875,1301.697,1329.300375,1392.794375,855.187375,864.5968125,1113.8264375,1121.6568125,1101.4570625,1199.1599375,1285.7458125,1550.73925,1513.85425,1034.5426875,1333.090125,1078.7043125,1090.79525,1499.1959375,1330.6035625,1490.5151875,1615.9466875,1525.6599375,915.097375,1244.354125,1158.54325,999.2670625,1244.957125,1275.412875,1269.15775,1494.11475,1256.1844375,1240.060375,1466.0033125,1779.0436875,1528.7415,1413.9734375,1171.2501875,1116.3639375,1333.668,1277.1514375,1050.8855625,1570.740375,1540.22975,1365.8555625,1209.4686875,1206.97925,1402.4441875,1277.7475625,1326.9978125,1047.6439375,1081.4,1427.882625,1444.3966875,1225.96575,1284.51725,1666.5424375,1314.4125625,1213.8045,1284.4626875,1396.7618125,1318.316,1342.414875,1267.738,1181.32375,1138.2853125,1175.2205625,1549.4754375,1387.23575,1300.7929375,1248.0365,1353.0918125,1161.387375,1470.9174375,1041.132625,1268.6488125,1325.0565625,1302.0301875,1440.0004375,1560.480375,1239.0215,1482.81475,1187.6181875,1339.897875,1203.434125,1277.6674375,1268.65025,1167.72075,1167.0910625,1228.70575,949.2048125,1083.664,1271.1959375,1309.3018125,951.572125,1258.79625,1359.593,1586.25225,1515.52475,1285.779625
1.0754547773513936,180.341125,-55.847625,350.388125,420.122125,669.230375,246.5339375,458.547625,697.7639375,512.3395,733.4213125,797.847875,531.577,954.4325625,937.746375,917.8221875,620.775125,1096.6119375,775.556375,724.14075,460.0656875,845.1805,1177.8634375,1103.0288125,1133.1446875,1126.70175,794.4238125,1033.0699375,931.384375,1467.467125,1216.1116875,1491.491625,1290.2725,1352.817375,1359.7921875,1424.20275,874.39625,866.4588125,1181.729125,1134.0634375,1123.305625,1259.6330625,1334.5034375,1635.0463125,1493.9661875,1077.3093125,1402.1383125,1125.5950625,1101.5235,1511.78325,1328.4915625,1442.4526875,1675.547,1522.31575,971.3093125,1285.7185625,1190.77775,1034.3676875,1292.4973125,1263.216625,1321.8499375,1543.6576875,1277.4875625,1260.1670625,1443.3538125,1829.0578125,1544.4654375,1451.9595,1247.17975,1191.6135,1367.998625,1317.494875,1074.8401875,1580.7569375,1580.63225,1403.631,1158.1011875,1235.7686875,1430.8635,1372.7961875,1402.6270625,1140.548,1151.5264375,1432.13825,1441.968,1290.9626875,1251.6294375,1686.699125,1275.5423125,1188.73325,1282.076375,1445.5574375,1393.7050625,1410.6621875,1340.370625,1223.92575,1134.08125,1274.093875,1547.2755,1390.366625,1322.9845,1330.63175,1415.2968125,1189.6725625,1541.990375,1008.8155625,1319.631375,1294.902375,1382.4059375,1464.392625,1629.532625,1326.7385625,1536.28375,1174.7345625,1359.3088125,1252.462625,1280.053375,1289.9761875,1178.6294375,1201.4905,1226.7681875,1008.3238125,1116.2850625,1301.840125,1339.5519375,987.1796875,1322.7786875,1359.029875,1596.2055,1590.776,1343.76475
1.0795273000734769,191.520625,-46.9520625,412.51025,460.080875,654.079625,282.7579375,489.2545,686.9066875,510.5154375,767.9765625,825.7719375,603.2190625,1003.3993125,933.6899375,928.3715625,660.518375,1100.0791875,805.6835,725.3018125,498.7138125,876.7135625,1171.1003125,1120.26625,1101.479875,1154.028375,832.75425,1077.3485,945.490625,1491.286,1234.90775,1521.6660625,1308.1254375,1397.128875,1378.07425,1441.0365,907.2506875,878.8176875,1250.6370625,1134.34275,1144.4556875,1309.9155625,1379.743875,1714.965,1487.6325625,1131.3935,1451.0400625,1169.5531875,1104.0606875,1500.2586875,1326.4240625,1409.353875,1735.251125,1502.6675,1037.749875,1320.61775,1234.2483125,1072.09075,1320.434,1254.31975,1365.485375,1568.29175,1282.3699375,1278.9661875,1428.7145,1858.9508125,1564.079875,1490.168375,1345.249375,1271.5081875,1413.013625,1348.797125,1125.1580625,1594.86675,1592.8543125,1438.4405625,1111.2725,1249.6745625,1429.829375,1439.470875,1473.7730625,1245.2453125,1222.516875,1419.340125,1433.4634375,1348.051,1234.50125,1703.2944375,1266.4035625,1174.9065,1296.607625,1475.2955,1441.35875,1455.209,1421.064125,1283.2223125,1135.4026875,1358.896,1545.2151875,1365.4820625,1371.372875,1418.0369375,1488.2095625,1227.2211875,1617.7193125,974.09175,1367.98275,1269.11975,1451.3818125,1480.29925,1657.7575625,1408.7540625,1579.5385,1155.8590625,1393.46275,1300.96225,1291.6469375,1315.296375,1178.44575,1246.21875,1219.9525625,1063.5379375,1143.688625,1325.0438125,1348.4921875,1022.8684375,1380.85325,1353.26475,1605.42075,1651.9223125,1375.969625
1.083599822795546,208.0898125,-32.8756875,469.8243125,498.77975,641.70525,334.133125,524.920125,669.4275,503.61175,803.1363125,843.489375,684.813875,1031.1711875,943.9285625,950.4111875,695.5005,1103.6088125,869.2855625,742.9929375,539.98825,921.389625,1177.352875,1125.1930625,1083.4925625,1175.6150625,867.2578125,1134.577625,968.6273125,1521.8415,1259.511625,1544.1908125,1300.0670625,1435.3313125,1381.184375,1451.3734375,956.8190625,904.3540625,1310.2841875,1134.9398125,1161.986625,1358.1553125,1424.7829375,1769.1113125,1495.612,1196.4415,1496.10325,1210.246375,1115.513875,1473.871,1351.0038125,1410.9476875,1790.4969375,1475.696625,1101.41625,1364.8935,1289.179625,1119.770375,1329.9590625,1257.8691875,1404.84825,1580.6024375,1272.3398125,1297.548,1430.83825,1873.39025,1580.9031875,1533.767625,1455.4223125,1343.3121875,1471.64375,1372.2785,1196.6983125,1604.31275,1588.93125,1463.752125,1076.899875,1257.1674375,1406.1660625,1475.8541875,1531.9168125,1364.156375,1291.887625,1409.2950625,1423.0020625,1394.9801875,1235.7118125,1710.0523125,1299.478125,1188.46025,1340.3976875,1484.2004375,1457.7715625,1475.2648125,1506.7840625,1356.8343125,1155.415625,1430.0298125,1550.75,1336.16675,1433.68425,1493.105625,1567.555625,1278.8019375,1693.251375,942.84375,1414.1106875,1250.0995625,1509.876375,1486.8324375,1645.9449375,1485.91725,1629.2346875,1126.1075,1438.25375,1346.6899375,1320.932875,1358.83725,1170.50325,1297.688,1214.92725,1120.8505,1162.6418125,1346.1300625,1341.88375,1053.6833125,1434.47275,1338.5613125,1618.0604375,1695.736,1388.864625
1.0876723455176291,228.480375,-19.5305625,520.7238125,541.680875,625.503375,410.632375,567.511125,636.908875,502.4576875,851.1709375,856.885125,773.1951875,1043.7536875,958.5584375,974.1664375,726.667375,1115.2681875,960.070375,778.5785625,583.364,977.361,1207.1648125,1123.1831875,1087.017125,1198.0138125,897.2995625,1196.1201875,1003.7046875,1559.3140625,1292.3685,1564.2944375,1268.0533125,1465.5436875,1374.4725,1467.1814375,1018.51075,945.401125,1354.0255625,1148.8339375,1186.5666875,1411.895125,1461.6814375,1792.35525,1509.6334375,1265.6008125,1546.38475,1255.707125,1144.0974375,1452.50725,1413.4405,1455.7131875,1839.774375,1447.9950625,1154.4185625,1431.030125,1351.1575625,1188.839625,1324.7834375,1285.0368125,1448.642,1589.07,1265.7051875,1318.0866875,1447.4849375,1882.23675,1591.023,1579.920625,1566.96425,1401.5939375,1543.0361875,1391.6954375,1276.187125,1598.86025,1579.8885,1493.171625,1058.4126875,1260.6154375,1373.0199375,1486.73325,1583.0376875,1488.464875,1362.7945,1414.5055,1421.9984375,1434.989875,1250.57975,1702.680125,1362.702,1233.8348125,1414.307,1478.1579375,1455.4975625,1485.78425,1600.1691875,1443.977125,1199.8488125,1485.7188125,1573.318625,1326.480875,1495.3539375,1548.6430625,1647.434,1333.32525,1766.8711875,928.718125,1450.248625,1238.3401875,1555.0686875,1477.4295,1607.4966875,1565.2838125,1690.0485,1084.9888125,1491.8628125,1391.39475,1370.4926875,1420.16625,1160.9178125,1350.4984375,1219.881625,1189.4674375,1177.9900625,1371.3503125,1327.7618125,1078.768125,1479.645,1316.899,1629.530625,1719.9690625,1403.1149375
1.0917448682396982,252.8634375,-7.9129375,566.1884375,584.4186875,596.5596875,511.6421875,615.3319375,587.9154375,513.1401875,921.623375,868.063,860.1604375,1049.2038125,964.69475,994.5648125,755.7385625,1144.7439375,1059.8549375,831.3104375,624.8471875,1031.5176875,1257.2299375,1128.1585,1114.277375,1216.2379375,928.4094375,1260.134875,1043.6105625,1598.061125,1335.961,1580.9366875,1220.745875,1481.098,1368.0561875,1495.3333125,1091.0771875,1000.952625,1385.96975,1180.22625,1234.7816875,1476.0829375,1479.47325,1798.746375,1523.6606875,1324.7505625,1593.467,1314.6755625,1189.3755625,1449.2851875,1505.18125,1531.878375,1888.4833125,1428.1176875,1201.7276875,1519.2939375,1410.8480625,1279.1525,1314.7023125,1342.6878125,1501.268125,1592.029875,1283.4075,1341.2460625,1470.827375,1896.3021875,1595.0736875,1625.8298125,1669.1671875,1449.631375,1623.96025,1412.3264375,1351.0919375,1577.9655,1569.588875,1544.0788125,1059.80875,1257.5503125,1345.4775,1480.9800625,1632.0815,1599.3143125,1440.09275,1431.3026875,1446.3644375,1473.7325625,1281.0200625,1686.052,1434.7535,1302.507125,1504.2175625,1467.801,1458.820625,1511.9869375,1699.9840625,1542.4858125,1261.9485,1526.160375,1612.129375,1346.66925,1551.48025,1592.5064375,1716.0675,1377.0075625,1842.2886875,946.2815,1471.9698125,1234.9728125,1585.1671875,1448.4006875,1569.65125,1646.42375,1753.2574375,1044.1914375,1551.5634375,1440.653125,1437.86275,1487.842,1158.8891875,1403.8825625,1243.4171875,1274.577125,1202.719,1403.998,1313.3275625,1103.405375,1510.26075,1294.5858125,1636.935375,1721.3823125,1435.8249375
1.0958173909617814,274.1974375,5.7533125,604.9984375,616.3573125,547.843625,624.0561875,665.39025,537.9726875,537.7711875,1005.417,873.7038125,932.0296875,1050.0159375,957.6409375,1008.0666875,786.2104375,1195.462625,1148.59725,893.9711875,663.444875,1064.2265,1315.6175,1154.4838125,1164.199125,1223.324625,965.24775,1323.8001875,1075.3700625,1633.7758125,1400.0259375,1588.4465,1175.008875,1475.9813125,1368.0175,1533.172,1178.039,1059.4195625,1418.5128125,1229.279875,1314.750375,1551.5146875,1476.5664375,1804.9690625,1541.470375,1362.948625,1623.818875,1385.6666875,1250.8448125,1464.5883125,1607.1113125,1615.4775,1939.099375,1427.574875,1252.4495,1618.4069375,1461.1330625,1382.366,1313.781,1433.06875,1558.327625,1591.354,1326.92925,1364.3385625,1497.7143125,1926.208375,1599.3295625,1675.77625,1752.2934375,1495.9855625,1705.2096875,1437.014375,1420.45575,1554.375125,1556.174625,1614.5773125,1085.115,1253.04325,1333.4519375,1470.0455625,1676.9088125,1680.7064375,1521.726125,1448.260375,1500.9816875,1517.5104375,1331.0200625,1666.9779375,1498.5349375,1380.7485,1586.9393125,1462.07625,1489.4299375,1569.258,1791.491625,1645.0913125,1334.0745625,1553.485375,1657.976375,1384.0531875,1606.307625,1637.784375,1766.492375,1406.45,1919.5760625,999.7191875,1481.727125,1239.3230625,1606.06075,1408.6681875,1558.6013125,1719.031125,1808.621,1024.7813125,1613.788875,1492.204625,1519.9885,1555.025375,1176.43575,1462.9735625,1285.590125,1373.46675,1248.4191875,1446.429,1306.040875,1133.960875,1530.53475,1277.4640625,1646.277,1701.217,1491.066375
1.0998899136838505,279.7466875,23.2170625,637.7095,635.2506875,489.4588125,732.2916875,718.604875,508.9170625,577.5304375,1084.40875,867.7689375,979.069625,1046.418375,942.5835625,1009.132,823.953375,1255.6675,1214.7336875,952.0488125,703.73725,1062.6610625,1375.2945,1206.466375,1232.601625,1220.2536875,1009.2989375,1382.902625,1094.705,1664.8200625,1491.8763125,1587.8983125,1147.294,1453.297125,1373.1425625,1570.74475,1276.43075,1100.1008125,1462.388125,1295.593375,1416.809125,1637.7993125,1460.101875,1816.2314375,1573.58275,1382.492625,1639.170625,1456.1536875,1329.860125,1495.0316875,1702.142125,1685.929,1987.4434375,1457.636875,1309.991,1718.679625,1498.591125,1492.419875,1332.9614375,1552.7199375,1613.5260625,1601.0295625,1378.4801875,1389.43675,1531.1081875,1976.467125,1615.57275,1735.052875,1813.878625,1545.4654375,1771.695375,1469.4055,1494.692625,1546.8224375,1538.1188125,1690.3108125,1133.2945,1261.15725,1336.6043125,1464.0295,1720.011875,1729.038625,1593.52875,1462.3446875,1579.2413125,1567.463875,1394.3503125,1650.5958125,1547.015125,1455.4429375,1650.273375,1465.019125,1553.3181875,1652.5626875,1853.9725625,1743.5298125,1415.1911875,1573.2079375,1707.83175,1417.5153125,1663.1324375,1690.57325,1805.086375,1429.7200625,1995.43775,1078.901125,1484.664125,1249.98475,1625.92225,1374.7048125,1578.7,1769.3605,1851.3953125,1043.416375,1672.19375,1537.974125,1609.7536875,1618.907875,1224.5919375,1528.7526875,1337.434625,1474.9558125,1315.6154375,1500.2919375,1309.15725,1168.9030625,1554.3226875,1264.74825,1665.4965625,1669.571375,1561.5980625
1.1039624364059337,264.0553125,41.5269375,668.715125,646.511375,445.090875,830.575625,774.7023125,510.9284375,628.0961875,1146.0095,847.0563125,1005.46925,1042.1435,927.7574375,996.684125,872.3384375,1305.1404375,1254.3158125,994.0104375,752.095375,1025.2784375,1435.73025,1279.2488125,1311.1215625,1212.879625,1059.877125,1440.1363125,1113.4625,1688.443625,1602.410375,1590.851125,1142.9675,1427.57525,1381.068625,1600.7541875,1372.612625,1110.419875,1518.484625,1369.8313125,1517.920875,1734.7964375,1441.7174375,1825.6615,1626.51325,1397.312625,1654.6186875,1513.5990625,1425.6841875,1539.0264375,1783.4859375,1735.8263125,2031.666875,1521.2590625,1374.408125,1819.1673125,1522.16125,1605.83675,1377.6634375,1686.33475,1662.854875,1636.682,1424.4735,1428.3319375,1574.70975,2045.3264375,1650.7685625,1801.042625,1860.6745625,1596.2368125,1815.4608125,1515.13775,1585.853125,1567.9709375,1521.7903125,1766.003375,1201.3125625,1294.6856875,1351.0256875,1467.5456875,1771.71,1753.644625,1640.8066875,1483.3238125,1673.0084375,1618.8875,1455.8861875,1644.48525,1585.7019375,1515.050625,1701.1040625,1475.731,1637.433625,1743.013375,1878.7265625,1831.4685,1508.153375,1593.2950625,1763.9288125,1436.8053125,1724.7050625,1748.9183125,1848.639375,1459.5408125,2071.95925,1173.3919375,1485.940125,1269.0325625,1650.4946875,1357.7198125,1608.1511875,1790.8845625,1880.1715,1104.17125,1716.5849375,1579.5765,1690.70925,1670.6689375,1303.9704375,1593.3436875,1390.085375,1567.6465,1397.6184375,1560.882,1321.758875,1200.555375,1592.23025,1249.126875,1696.29475,1638.9610625,1632.0721875
1.108034959128017,232.480625,56.862875,698.5853125,653.7603125,427.959125,922.4621875,828.1019375,540.611125,679.6109375,1184.6415625,820.993875,1025.836125,1042.9564375,923.2444375,979.9845625,929.837875,1334.8925625,1272.8955625,1019.6555,813.171,959.605375,1494.2155,1367.4469375,1388.0894375,1207.5331875,1115.340875,1503.2869375,1144.47375,1701.7130625,1706.137625,1609.9210625,1157.6748125,1419.927875,1393.9964375,1624.028375,1453.3516875,1101.564875,1579.376375,1435.51,1599.9030625,1835.306,1436.5913125,1823.4270625,1694.0290625,1423.8519375,1679.6443125,1557.0664375,1532.636,1597.3835,1853.4291875,1770.607375,2074.685625,1613.2049375,1448.514625,1919.5715,1536.106625,1718.8440625,1451.3443125,1810.4539375,1704.67425,1702.7484375,1467.9543125,1496.803625,1631.883,2129.3026875,1696.8996875,1864.6865625,1901.710875,1649.5550625,1846.121625,1575.5225625,1694.8490625,1619.661,1520.0129375,1847.481,1288.532125,1356.3695,1378.888375,1483.8723125,1838.9954375,1768.23475,1666.791125,1521.7061875,1773.4426875,1670.1986875,1505.5281875,1656.9881875,1627.0921875,1556.268,1752.6933125,1490.4365,1721.7280625,1821.04175,1876.59975,1902.9078125,1613.9599375,1618.430375,1821.6284375,1445.808125,1795.9131875,1810.1828125,1915.6441875,1502.8615625,2155.3135625,1282.40625,1489.7053125,1297.9348125,1685.11425,1364.019375,1624.559625,1792.6444375,1898.9363125,1199.8240625,1741.9403125,1629.7160625,1749.3759375,1700.3303125,1400.13275,1646.40875,1441.5940625,1647.198375,1485.8504375,1618.4294375,1342.945875,1229.052625,1644.8013125,1226.584625,1736.6305,1617.3933125,1690.06175
1.112107481850086,193.995375,65.852625,717.6695,657.8406875,434.8675,1013.99025,874.2376875,590.3046875,724.01575,1199.378875,810.0931875,1054.0483125,1049.511875,939.80425,973.069125,993.6463125,1351.5923125,1282.4429375,1040.9159375,888.20525,880.9431875,1546.850625,1465.8385,1452.2554375,1213.264,1178.437125,1571.4836875,1189.677375,1703.5360625,1778.5854375,1650.0100625,1187.7923125,1447.4205625,1414.8256875,1649.0379375,1517.74575,1101.2663125,1638.262875,1487.2126875,1659.406125,1924.668625,1456.013125,1810.5251875,1762.92775,1472.0713125,1714.44875,1595.8276875,1641.4815625,1671.6815,1918.561,1798.5398125,2118.1383125,1725.307375,1539.0543125,2013.76425,1550.479875,1828.9316875,1554.111875,1911.4005,1742.1646875,1795.5699375,1520.24775,1602.585125,1704.2891875,2223.987625,1737.519875,1918.6270625,1943.3845,1715.6490625,1883.6253125,1644.9713125,1809.9915625,1698.4066875,1541.1330625,1939.94175,1391.633625,1439.4225625,1425.52125,1520.521375,1922.5204375,1780.3156875,1691.8964375,1580.838875,1870.884875,1729.6543125,1548.536,1690.9636875,1681.5795625,1590.5141875,1810.4215,1509.5019375,1793.347125,1881.12525,1867.8096875,1958.0699375,1725.746375,1650.2843125,1875.17125,1451.8803125,1877.4679375,1874.7906875,2011.1801875,1557.022,2249.178,1407.776125,1499.9158125,1331.9760625,1735.5054375,1400.916,1630.1764375,1792.89375,1917.40875,1313.0411875,1757.135625,1698.0480625,1789.853625,1710.47725,1494.3756875,1682.694375,1498.2715,1717.5251875,1570.1644375,1669.6915625,1375.04525,1268.319,1706.9334375,1206.221,1787.734875,1609.743625,1737.35925
1.1161800045721693,156.77075,65.7310625,710.9760625,660.5383125,460.5841875,1106.41175,915.07525,651.1045,756.671625,1195.4353125,832.471125,1096.760375,1056.4980625,981.7575625,986.6223125,1061.7101875,1365.6105,1292.975,1072.829125,976.7838125,812.4879375,1593.695375,1562.81375,1497.6605,1238.2913125,1256.3461875,1631.4271875,1250.7195,1697.45825,1814.4435,1707.365375,1237.6639375,1510.41525,1441.1785625,1688.3324375,1573.697875,1131.0263125,1694.717875,1539.72125,1705.0835,1993.6211875,1500.315375,1802.72825,1822.847375,1540.8929375,1760.61975,1637.372,1744.4326875,1757.29625,1984.843,1820.762375,2161.9908125,1846.163,1649.6063125,2096.973,1576.0928125,1935.1921875,1673.0528125,1996.384625,1781.1125625,1910.6765,1592.34325,1739.878125,1788.4414375,2322.591625,1769.332375,1965.124,1988.5905,1801.39375,1941.3540625,1715.8643125,1917.8583125,1802.275125,1583.259,2041.79225,1501.3623125,1536.312625,1490.916375,1586.3665625,2019.476125,1792.3273125,1733.90725,1659.8945625,1962.3155,1811.122375,1600.665,1742.575875,1755.7416875,1634.914,1872.312125,1541.6503125,1848.8120625,1927.4434375,1865.770375,2005.046375,1831.3179375,1690.4570625,1927.9764375,1457.2070625,1965.0685,1944.849375,2118.1643125,1616.741,2352.7223125,1548.7621875,1518.99725,1368.817875,1803.056125,1474.610625,1645.2180625,1803.699875,1945.581625,1419.6508125,1781.2916875,1781.8593125,1827.6496875,1717.1586875,1578.7915,1706.7825,1570.3365625,1789.7018125,1645.569125,1724.5533125,1423.815625,1334.5224375,1775.593375,1205.224875,1854.615,1619.16675,1783.9366875
1.1202525272942383,127.6250625,57.9138125,670.7199375,663.800375,501.1620625,1191.20575,957.3621875,713.7509375,774.3551875,1187.472125,893.4575,1153.6781875,1059.1910625,1047.8175,1026.9889375,1131.5958125,1382.7023125,1313.9030625,1121.9651875,1079.0383125,780.245375,1634.6381875,1642.3396875,1528.0341875,1281.4245625,1349.0820625,1669.0701875,1337.7161875,1695.4023125,1821.93975,1772.360625,1314.5075,1593.5241875,1471.768,1748.5328125,1629.1250625,1195.2765625,1753.5295,1614.392375,1751.9288125,2043.76875,1561.759375,1820.01725,1871.849,1621.3200625,1823.46075,1684.996,1840.823875,1844.7330625,2053.4111875,1837.30125,2209.7355625,1961.393125,1773.449125,2174.045875,1617.46725,2037.159625,1786.6020625,2083.5294375,1824.7725,2044.5600625,1686.7781875,1895.5695625,1874.9258125,2416.607,1811.7116875,2018.21925,2039.4421875,1900.9995,2019.64925,1785.0456875,2014.264,1927.9570625,1643.049375,2147.7960625,1611.7333125,1641.79025,1567.5118125,1685.875125,2122.789875,1808.3523125,1798.235625,1756.7214375,2052.8925625,1921.390625,1673.1454375,1807.4069375,1853.0781875,1700.576875,1937.4655625,1593.5084375,1892.4475,1960.9825625,1875.0533125,2049.018,1922.965875,1742.9768125,1985.7264375,1462.8375,2056.327875,2021.1605,2210.0588125,1682.28225,2461.1284375,1702.925,1545.0444375,1414.4501875,1882.4096875,1580.516125,1685.3181875,1827.37575,1985.705125,1502.307875,1826.2051875,1869.5566875,1877.7313125,1734.1824375,1658.8613125,1729.9675625,1660.143125,1877.2556875,1720.9701875,1795.920875,1494.4485625,1431.7244375,1850.62425,1235.353125,1937.43,1647.512625,1836.247875
1.1243250500163215,114.17325,51.6829375,601.545125,667.492625,548.9886875,1258.561125,1005.0571875,776.787875,777.7165,1191.583625,982.5475,1217.9281875,1057.4095625,1137.05025,1094.896,1202.5081875,1401.477375,1352.95675,1184.485125,1192.961625,799.9645625,1666.81925,1693.3584375,1555.4094375,1332.7009375,1445.0108125,1686.1850625,1458.216625,1710.914875,1811.7846875,1833.24125,1416.802625,1681.4221875,1514.492875,1824.95275,1686.6265,1286.358125,1819.2521875,1716.9420625,1814.279625,2083.0125,1631.602125,1875.0268125,1919.01775,1704.9174375,1905.5748125,1742.9435625,1938.3131875,1931.109875,2119.9440625,1859.2511875,2267.9050625,2057.8130625,1897.309,2254.815625,1668.6646875,2137.3153125,1884.346875,2184.5290625,1874.9759375,2190.6610625,1792.57725,2057.5648125,1947.651625,2498.788375,1888.9424375,2094.8098125,2100.4256875,2004.506,2113.8425,1858.356375,2105.490375,2064.5498125,1725.9545,2251.9571875,1721.7300625,1752.9515,1648.2438125,1813.7764375,2224.294125,1837.173125,1886.331375,1871.5305,2145.6674375,2053.9920625,1763.6469375,1884.5106875,1970.7953125,1791.0468125,2004.7760625,1658.2924375,1934.9985,1985.513875,1900.2055625,2091.525,2000.0099375,1814.100625,2050.3786875,1476.1285,2152.8379375,2104.704375,2274.609875,1761.2270625,2566.4455,1864.6948125,1574.5385625,1472.99475,1968.11,1701.602625,1754.3709375,1862.04075,2028.6963125,1563.4568125,1883.26275,1952.035875,1952.576625,1765.004125,1746.7693125,1761.4081875,1760.9909375,1988.6503125,1814.462625,1886.777625,1586.705375,1549.9138125,1928.9661875,1300.72425,2028.222125,1698.41975,1897.87925
1.1283975727383906,123.6439375,55.7939375,518.3079375,673.0211875,594.8794375,1308.4771875,1057.35275,842.045375,775.9306875,1212.692125,1081.5133125,1278.060375,1055.03675,1246.5368125,1181.899,1277.8865,1417.5641875,1409.7275625,1254.8650625,1313.0496875,870.2458125,1691.1429375,1717.438,1592.6203125,1384.8559375,1533.576125,1704.7098125,1601.73275,1749.061625,1802.8439375,1879.82725,1532.1020625,1769.1439375,1581.550125,1908.9185625,1745.8628125,1390.6558125,1892.3290625,1834.3266875,1896.5785625,2122.203375,1707.543125,1965.322375,1978.7689375,1790.2291875,2005.5434375,1811.821625,2045.193875,2021.445625,2178.6253125,1905.0225625,2338.2233125,2131.2141875,2012.831625,2341.6271875,1718.6215625,2242.3273125,1973.492625,2297.9751875,1936.7256875,2331.9353125,1897.31725,2219.570875,1994.317,2568.453625,2006.453,2204.6713125,2174.529125,2107.608,2223.732125,1950.7180625,2198.7125,2195.924375,1840.5376875,2347.25825,1827.05575,1868.5086875,1736.281375,1959.2274375,2323.0418125,1889.149875,1999.4998125,2008.8763125,2236.3706875,2191.1931875,1862.561875,1973.5451875,2096.8868125,1903.4700625,2074.2820625,1723.5380625,1985.8385,2016.422125,1947.4664375,2140.6529375,2065.0444375,1908.1906875,2124.812875,1509.1690625,2253.903,2198.3430625,2319.516125,1861.224875,2663.1325,2024.65275,1608.5056875,1542.062625,2059.838,1821.563125,1853.5820625,1904.4131875,2067.2414375,1620.244125,1935.283875,2031.428125,2056.1664375,1810.78325,1851.9751875,1806.499125,1865.042375,2122.6480625,1936.5469375,1993.1804375,1696.3925625,1672.3685625,2002.7185625,1401.6674375,2117.9655,1776.104,1973.301625
1.1324700954604738,153.38425,70.8054375,442.9760625,684.0549375,632.569375,1343.3185,1112.505375,901.84975,784.52375,1247.600625,1177.820125,1328.184,1058.5389375,1367.0883125,1271.200375,1363.2463125,1430.9263125,1481.0345,1333.8381875,1433.1261875,978.2125,1716.960625,1726.7451875,1643.1755625,1441.2265625,1617.9180625,1750.0064375,1747.288625,1809.278,1823.1938125,1910.6925625,1648.02075,1859.5573125,1676.68175,1997.6424375,1814.4505,1494.429125,1970.389375,1950.04725,1991.1555,2173.580125,1795.69775,2073.0286875,2062.2644375,1881.5665,2124.0859375,1881.265625,2159.555625,2121.9550625,2232.380875,1983.182625,2417.331,2195.5865625,2125.129875,2425.34775,1762.342,2360.287,2069.209,2414.218125,2021.154875,2448.790375,1999.82175,2379.897,2022.290375,2632.5703125,2147.5945,2346.4808125,2259.2796875,2212.398125,2351.6406875,2074.14375,2293.6806875,2309.69825,1984.7051875,2427.631125,1925.2675625,1986.6436875,1839.52,2117.1188125,2426.0064375,1968.6825625,2132.2279375,2167.8261875,2316.820375,2313.2050625,1967.1238125,2071.55675,2215.0119375,2031.7526875,2152.874875,1787.413,2049.0843125,2072.8205,2018.2818125,2210.221125,2124.428125,2022.5468125,2212.7920625,1571.6589375,2353.24925,2301.8435,2357.001875,1982.7306875,2751.576125,2173.303125,1653.88375,1622.9203125,2157.864375,1935.8155,1979.4744375,1953.12075,2108.7384375,1689.3784375,1981.2369375,2119.2653125,2179.8548125,1873.7195,1976.72225,1870.486,1966.0624375,2269.7501875,2080.6891875,2109.7386875,1819.668,1784.9965625,2068.88275,1528.3691875,2202.2965,1881.8994375,2062.585625
1.136542618182557,187.2231875,94.783125,396.8243125,701.1971875,661.2191875,1358.3506875,1170.242,943.409125,815.2174375,1294.67375,1266.8285625,1373.616125,1075.4996875,1488.517375,1350.9215625,1461.886375,1444.6494375,1566.88275,1424.715,1547.6068125,1108.858875,1757.6205625,1737.32375,1700.48775,1511.929625,1710.497625,1835.1839375,1885.2759375,1894.73,1893.1931875,1936.1183125,1762.782625,1958.4669375,1790.423625,2095.57075,1908.1116875,1592.3079375,2049.1061875,2057.234,2088.8449375,2248.9415625,1904.6534375,2176.4084375,2174.1128125,1979.7089375,2262.31175,1940.131875,2271.573125,2238.4086875,2293.8463125,2082.825,2500.6205625,2276.3860625,2245.4924375,2498.23825,1805.5815,2493.610375,2184.6986875,2523.268125,2142.502375,2535.0498125,2105.0519375,2536.4653125,2059.034,2701.9180625,2288.886625,2504.1985625,2350.6693125,2321.428125,2492.729125,2222.107125,2387.0589375,2405.3201875,2148.4929375,2495.7873125,2027.177625,2105.3243125,1957.92025,2287.8555,2537.9645,2072.434125,2270.844625,2333.3855,2383.4801875,2412.3816875,2088.4398125,2171.94025,2318.5076875,2173.6311875,2246.19975,1864.1255625,2128.416375,2166.368,2106.2610625,2307.581625,2189.5895625,2146.134625,2316.5456875,1666.5728125,2444.9030625,2409.33875,2395.7898125,2120.313375,2833.0679375,2309.7889375,1717.6869375,1729.4855625,2259.4941875,2050.6965,2115.38125,2012.9738125,2169.279125,1779.770125,2039.9341875,2224.848875,2311.191875,1952.302625,2119.123,1958.0399375,2063.2954375,2415.7664375,2231.507125,2231.59125,1950.2505,1883.8461875,2136.050125,1660.3395,2281.828875,2015.9665625,2160.1163125
1.1406151409046261,204.1188125,127.857875,388.4625,724.27825,685.1301875,1350.2348125,1232.6508125,965.4280625,868.95875,1356.6858125,1348.1508125,1426.5244375,1111.5081875,1608.647,1430.2003125,1570.3528125,1464.7700625,1666.9979375,1525.956125,1652.339875,1251.182125,1822.295625,1767.3288125,1760.5558125,1605.5435,1820.5685625,1957.882375,2023.8040625,2010.6580625,2013.1544375,1972.3126875,1881.49725,2071.7554375,1908.419125,2210.4543125,2035.203875,1691.06425,2122.580125,2161.8811875,2187.9209375,2353.9213125,2037.2788125,2263.4499375,2310.6459375,2080.659125,2413.6520625,1993.678375,2379.37825,2373.7276875,2375.683,2187.5873125,2584.3024375,2388.479,2378.7610625,2569.8331875,1863.9131875,2633.666625,2324.7720625,2620.98225,2305.564,2599.4729375,2217.1345,2687.07675,2135.5259375,2786.1109375,2416.7735625,2656.6350625,2448.72575,2435.3591875,2633.3923125,2374.484,2483.3374375,2494.689625,2326.842125,2566.1815,2147.8573125,2222.301,2084.94975,2467.2690625,2657.0095625,2195.583125,2400.6024375,2485.8164375,2445.3083125,2495.068875,2240.898625,2272.294375,2419.547625,2329.8254375,2351.17375,1968.823,2227.1684375,2299.8758125,2201.1580625,2424.5415,2273.649625,2266.8095,2437.875125,1791.65625,2531.1453125,2516.671,2448.786875,2266.290875,2908.8165625,2443.0269375,1802.8605,1877.2165,2363.720125,2174.64725,2241.54275,2095.21125,2263.5928125,1891.626125,2128.656125,2348.793,2440.7253125,2043.6525625,2278.055625,2067.3498125,2161.1384375,2546.2675625,2374.5760625,2358.276625,2079.3835625,1971.54025,2216.64725,1786.03625,2362.65075,2175.420375,2259.8834375
1.1446876636267094,193.038,171.8739375,412.088125,755.1985625,710.7240625,1325.1748125,1297.7980625,984.2825,938.517375,1437.986625,1428.1625625,1498.3390625,1169.7491875,1732.5844375,1532.9605,1678.0846875,1504.6539375,1779.4806875,1632.3561875,1746.197875,1400.3848125,1914.0946875,1833.2963125,1828.26375,1723.8164375,1951.5711875,2104.4190625,2174.249875,2156.07225,2168.7979375,2034.5645,2006.0466875,2204.18175,2024.2695625,2348.464375,2187.340375,1800.4176875,2192.2508125,2275.137875,2293.2745625,2481.520125,2185.4785625,2339.262625,2460.1566875,2186.22525,2568.7476875,2060.9770625,2491.0671875,2526.3766875,2485.1629375,2295.9115625,2671.2769375,2522.9668125,2520.7369375,2666.2248125,1954.5766875,2767.9544375,2483.8005,2708.581125,2497.5666875,2656.3153125,2341.016,2834.0795,2266.19575,2886.417125,2532.041375,2798.3133125,2557.3678125,2554.433375,2761.40125,2518.7713125,2595.9828125,2596.298125,2520.5870625,2655.828125,2290.91075,2342.07875,2219.1193125,2646.5403125,2783.2103125,2341.7960625,2511.9165625,2615.5536875,2517.8045,2571.4590625,2425.281875,2380.988,2540.08225,2499.0419375,2460.9095625,2097.628,2345.371875,2469.371375,2296.708,2539.487375,2389.0350625,2383.3970625,2579.236375,1943.38625,2618.818625,2626.6336875,2535.8016875,2414.328875,2983.9125,2581.4943125,1912.4028125,2063.011,2474.402,2313.8429375,2353.6708125,2212.2633125,2400.976625,2018.9585625,2244.682375,2487.737625,2565.75675,2149.8286875,2454.99525,2189.6140625,2263.30975,2656.1718125,2501.6006875,2493.55275,2203.7151875,2049.90575,2321.10225,1915.5500625,2457.7603125,2350.9124375,2360.7593125
1.1487601863487784,160.664875,229.040875,458.019125,793.3506875,746.728125,1294.670375,1356.546625,1019.621375,1014.5770625,1537.26625,1518.4306875,1593.4035625,1255.8133125,1865.019,1670.005125,1778.5978125,1579.076125,1901.209125,1741.8543125,1829.35075,1555.259625,2029.754375,1938.0274375,1912.03775,1863.8329375,2105.3043125,2259.168125,2335.882,2323.1,2344.3501875,2131.800125,2135.553125,2361.94225,2144.910375,2507.863125,2348.8109375,1924.2318125,2272.9106875,2403.4004375,2412.8320625,2614.5620625,2335.048625,2423.5044375,2608.258375,2305.167375,2726.7599375,2155.22675,2608.26875,2694.3128125,2623.0409375,2422.0646875,2771.6875,2657.9404375,2660.255,2807.9056875,2087.475875,2892.7556875,2649.3421875,2791.637,2695.221625,2717.994625,2481.9406875,2981.552625,2444.64025,2994.3339375,2646.0585625,2943.222625,2680.7903125,2679.6496875,2873.515125,2660.9713125,2735.776375,2724.2248125,2731.9480625,2776.0181875,2450.8451875,2482.6640625,2368.7879375,2822.06175,2922.7045625,2521.0519375,2605.9230625,2728.273375,2612.240375,2654.7665625,2631.4530625,2510.5048125,2694.85875,2680.0794375,2571.7645,2233.8828125,2485.0759375,2664.877,2396.3890625,2633.37075,2542.9946875,2511.4455,2740.99925,2121.170375,2712.7131875,2744.62725,2665.8638125,2567.4606875,3069.5938125,2730.3654375,2052.001375,2267.27175,2594.46225,2474.412875,2465.0586875,2365.6256875,2584.017,2156.6090625,2370.5339375,2637.0738125,2692.141875,2279.6083125,2650.2839375,2318.1813125,2370.7526875,2759.027375,2615.422625,2641.5175625,2328.5086875,2125.6750625,2456.72,2066.22075,2580.6365,2533.91325,2470.7715
1.1528327090708617,121.550125,297.65775,518.2403125,833.3433125,801.1285625,1267.58425,1403.79325,1078.6793125,1087.634375,1642.5621875,1627.0214375,1708.77,1378.3838125,2008.0005625,1823.1619375,1880.496625,1692.1958125,2026.634,1856.8300625,1903.17075,1714.2163125,2160.5611875,2072.699875,2019.033875,2024.939125,2279.9668125,2413.8445625,2498.7458125,2499.9403125,2532.3713125,2266.354875,2273.4303125,2551.4284375,2286.8286875,2677.186125,2513.1724375,2064.231125,2381.870875,2544.774625,2553.9995625,2737.8360625,2479.0735,2536.1363125,2749.34575,2444.178375,2892.23025,2272.7728125,2722.8096875,2876.2691875,2783.5644375,2582.673625,2891.3329375,2784.743875,2792.100375,2993.8896875,2263.8648125,3015.79025,2809.165125,2883.068125,2879.707875,2792.805125,2641.5695625,3133.6243125,2653.76475,3100.850125,2776.1095,3107.2321875,2820.872,2818.41925,2978.5358125,2817.5410625,2900.5363125,2878.5718125,2961.91125,2931.6784375,2622.574625,2662.0738125,2548.2656875,2996.1855625,3079.711,2736.85125,2697.975125,2835.662,2734.62325,2765.52275,2855.8255625,2667.247375,2886.7545625,2875.526125,2689.7843125,2371.2158125,2654.83975,2873.620875,2506.6753125,2706.91575,2731.569875,2671.15625,2917.79325,2329.4209375,2819.1613125,2875.7506875,2826.63875,2738.97525,3179.2279375,2893.98775,2224.4505625,2474.255375,2722.6103125,2661.4975,2592.04475,2543.4953125,2807.670375,2305.6464375,2492.914125,2796.4439375,2827.75375,2442.7408125,2855.852625,2455.191375,2483.0858125,2878.0299375,2728.8775625,2802.210625,2464.547125,2214.8609375,2623.9954375,2244.944375,2736.128625,2725.0744375,2603.4583125
1.1569052317929307,83.542375,371.8301875,582.039625,869.921125,872.1098125,1246.22525,1446.4030625,1159.3996875,1150.889875,1736.4523125,1752.9181875,1835.6708125,1540.5543125,2160.6918125,1965.4055,2000.7533125,1836.475375,2150.4328125,1982.4630625,1976.0314375,1875.168,2304.735125,2231.9333125,2151.3888125,2209.6988125,2469.494375,2568.1889375,2656.8019375,2676.3878125,2731.2119375,2437.55325,2426.0881875,2772.0889375,2467.05425,2843.942875,2685.763625,2226.7619375,2525.928625,2692.8565625,2721.54075,2849.5013125,2627.622,2684.959375,2892.61875,2606.3938125,3064.3425,2401.3984375,2833.283625,3069.2465,2960.607375,2782.9266875,3025.0451875,2918.263,2932.3233125,3210.5679375,2477.8351875,3150.3324375,2965.00175,3001.011375,3048.4601875,2890.7405,2818.33975,3297.4885625,2875.0786875,3207.4575,2934.36325,3295.22075,2980.1870625,2985.2640625,3095.4449375,3000.18625,3080.6811875,3050.7980625,3207.068375,3122.4976875,2808.68075,2879.2910625,2766.998875,3173.5720625,3250.6609375,2983.23775,2812.345625,2948.0366875,2891.429375,2923.04925,3103.8585625,2849.8693125,3112.9846875,3091.0909375,2830.5493125,2521.6018125,2861.2534375,3086.9575625,2631.3465,2780.530625,2943.7626875,2871.6855,3104.5964375,2570.2973125,2951.0734375,3024.9983125,3003.841625,2936.268875,3320.019875,3072.674875,2428.22025,2686.63625,2860.0209375,2875.8455,2743.841,2735.59375,3056.469875,2472.9776875,2616.864,2973.54175,2979.2875625,2642.4651875,3056.2379375,2608.7658125,2601.8775625,3029.3874375,2857.0518125,2972.54725,2622.505375,2334.1016875,2814.4015625,2449.99325,2915.8199375,2930.232875,2766.2496875
1.160977754515014,49.619125,447.7409375,638.0833125,906.2941875,947.2965,1229.9016875,1497.0715625,1260.4935,1208.2795,1806.776,1888.2455625,1963.484,1729.8293125,2316.5093125,2090.259375,2147.7273125,1998.4414375,2273.720375,2129.13625,2062.89425,2037.69525,2469.7096875,2413.6801875,2308.3510625,2419.394625,2669.603875,2723.8264375,2812.419625,2849.5486875,2937.1770625,2642.89,2597.89375,3018.2694375,2692.75325,3006.2035625,2875.2495,2423.2761875,2701.1,2848.880125,2916.15675,2964.0421875,2802.942125,2868.9338125,3053.943,2797.0545625,3241.40975,2538.495875,2952.9569375,3269.6164375,3152.239625,3012.23575,3165.02825,3079.77675,3105.645625,3445.425375,2720.1066875,3310.011875,3138.1500625,3162.01975,3213.38375,3029.860625,3011.61075,3477.993875,3097.217,3326.6965625,3120.012875,3503.8741875,3169.3945,3193.8085625,3244.5983125,3210.9374375,3273.9989375,3235.8265625,3462.0216875,3343.876625,3019.442875,3119.6391875,3020.1929375,3367.3784375,3430.8006875,3251.3514375,2970.638125,3080.5306875,3093.1215625,3134.1763125,3378.588375,3055.5598125,3370.905625,3332.1685625,3007.7133125,2705.108125,3100.88125,3302.08525,2778.84975,2879.4029375,3170.2719375,3108.989625,3305.5859375,2837.9336875,3123.341125,3196.2115,3198.258125,3150.3403125,3492.4924375,3264.4905625,2664.4049375,2921.492375,3012.800375,3115.151375,2925.74325,2942.692375,3308.103,2665.68125,2764.259375,3174.9118125,3155.8019375,2878.31425,3242.7504375,2788.9295625,2733.344875,3217.8996875,3007.2975,3154.2438125,2806.1103125,2491.358625,3014.7141875,2680.76875,3104.050625,3147.31725,2956.0875625
1.1650502772370972,29.9885625,523.4738125,683.6945,952.870125,1015.432625,1222.8104375,1564.2521875,1382.4295,1273.7361875,1853.792,2025.8824375,2089.9636875,1920.6316875,2468.13325,2210.0329375,2314.616125,2167.2051875,2403.52,2312.246625,2177.16975,2205.4318125,2660.0984375,2616.216625,2493.247,2652.9020625,2879.18275,2885.2219375,2973.3106875,3023.5233125,3146.9941875,2876.693375,2790.445125,3284.983125,2959.2995625,3174.0555625,3089.9085625,2665.723625,2902.8761875,3028.7745625,3134.3486875,3105.7871875,3020.2253125,3089.5035625,3244.4616875,3024.8905625,3430.6428125,2702.4886875,3099.722875,3479.205875,3357.07075,3255.2774375,3312.2400625,3280.6690625,3319.228375,3693.3499375,2984.313875,3508.9590625,3352.7505,3377.624625,3393.5025,3229.8855625,3224.7954375,3673.7410625,3322.8094375,3471.262,3327.448375,3732.577625,3403.8064375,3448.990625,3438.6399375,3448.334375,3488.0780625,3435.67275,3722.944625,3589.8131875,3263.01375,3375.22275,3294.821375,3596.81875,3624.719125,3534.272625,3184.5223125,3253.857875,3347.70075,3394.2670625,3676.198625,3284.1560625,3656.81725,3602.6439375,3225.31375,2933.5970625,3366.883875,3521.3853125,2967.597125,3020.650125,3405.34775,3372.965875,3529.3111875,3128.4075625,3345.830375,3391.45,3419.3345,3371.471125,3694.023125,3476.6089375,2935.1355,3194.198125,3189.644625,3382.392625,3140.257,3172.399375,3546.987625,2889.0214375,2957.4914375,3400.250625,3364.8199375,3150.8818125,3426.613875,3005.2279375,2890.39175,3443.352375,3178.682375,3358.869375,3015.93875,2685.6086875,3215.520375,2938.3160625,3295.330875,3363.9921875,3167.523125
1.1691227999591662,39.1140625,595.3466875,722.325,1018.0630625,1080.44375,1235.8004375,1646.1103125,1523.7374375,1359.5535625,1892.0069375,2162.443125,2221.4234375,2090.57725,2616.1588125,2337.3106875,2487.6470625,2341.0488125,2545.5160625,2544.7456875,2330.5221875,2384.4929375,2876.07825,2841.11175,2714.43075,2909.145375,3096.854625,3062.574625,3150.757375,3207.1906875,3364.7593125,3133.747625,3005.0841875,3566.4748125,3257.5385,3363.4123125,3340.27975,2957.160625,3134.991125,3252.3816875,3374.6288125,3295.9843125,3271.8780625,3355.2561875,3466.5356875,3294.61175,3643.3580625,2921.0985625,3287.197625,3708.80575,3575.3963125,3502.838375,3479.5843125,3522.205875,3563.9190625,3962.743875,3272.4521875,3759.644875,3617.8025625,3652.775,3607.8238125,3497.8860625,3463.0966875,3885.13,3565.1141875,3647.2349375,3562.129875,3985.8950625,3691.9555625,3744.7186875,3679.20475,3714.689,3733.779625,3657.5228125,3987.2559375,3855.894375,3543.02875,3650.07775,3586.670875,3873.7875625,3850.4105625,3830.6136875,3457.1784375,3484.26925,3652.587,3696.087625,3991.5285625,3539.2130625,3961.764875,3906.0551875,3485.3565,3206.009625,3660.979625,3756.31675,3220.280125,3213.7556875,3647.25575,3659.5801875,3781.4659375,3447.0620625,3621.4195625,3615.604375,3674.9815625,3606.06875,3919.5114375,3729.1864375,3235.798625,3509.67325,3403.7309375,3690.0545625,3384.7161875,3434.4728125,3776.2475625,3148.50825,3206.587375,3648.3281875,3607.069,3459.5625625,3636.2499375,3260.6691875,3087.9446875,3706.2545625,3374.2655625,3600.719625,3262.541875,2915.9995,3420.6619375,3221.656625,3501.6396875,3573.60875,3401.01975
1.1731953226812495,81.6615,661.2418125,757.5283125,1101.4778125,1159.8211875,1278.0680625,1732.92425,1681.774875,1474.257625,1943.56925,2294.8708125,2361.1750625,2238.0475625,2770.0954375,2479.9685,2658.280625,2524.8480625,2703.7701875,2829.8651875,2533.6751875,2584.7078125,3121.48525,3092.6328125,2981.762375,3190.0095625,3324.7623125,3267.7504375,3360.7540625,3412.9696875,3602.438375,3415.5263125,3247.880625,3857.8144375,3580.6578125,3591.6574375,3641.0443125,3290.5751875,3408.6435,3529.9179375,3642.431625,3543.029,3536.4369375,3672.60875,3718.7465,3605.289625,3887.404375,3207.682875,3523.3394375,3973.571375,3815.735125,3753.557625,3688.115875,3803.137625,3834.328,4272.9780625,3592.963625,4067.1624375,3931.0063125,3980.659375,3866.08675,3824.38575,3732.65825,4124.1089375,3840.8853125,3858.30875,3840.1963125,4266.463625,4034.896375,4070.0919375,3965.00475,4019.957625,4024.35525,3910.9776875,4259.4399375,4143.0634375,3866.8900625,3949.751,3907.002375,4199.7246875,4133.6430625,4149.1125625,3791.1918125,3776.6083125,3998.594375,4034.3240625,4325.555875,3828.389375,4280.20175,4243.6460625,3795.743375,3520.5960625,3990.515875,4027.426125,3554.690875,3470.892125,3901.985125,3974.98325,4071.782,3802.004,3948.6490625,3879.445625,3972.327,3871.3646875,4170.7376875,4041.474,3561.8160625,3869.2136875,3672.16925,4051.53575,3657.8930625,3738.5335,4021.60975,3447.8145,3509.9591875,3922.5126875,3885.24025,3803.656,3897.075125,3549.2928125,3336.44575,4008.0794375,3604.7218125,3882.2583125,3567.2836875,3187.7215,3649.1236875,3528.9038125,3742.46775,3788.493,3664.80775
1.1772678454033185,149.3026875,723.342875,797.5236875,1195.1633125,1266.8163125,1351.4086875,1819.84425,1854.0415625,1628.591625,2029.056375,2425.0360625,2507.01625,2382.3296875,2940.928125,2643.701375,2829.996875,2726.164625,2882.4943125,3164.215125,2793.27075,2825.2905,3405.9370625,3380.6340625,3304.3953125,3501.1960625,3577.3308125,3511.946,3619.4233125,3657.7884375,3872.8933125,3726.933375,3534.47875,4162.7016875,3927.5613125,3873.461375,4008.169375,3661.0018125,3735.0496875,3863.078625,3944.196,3848.918875,3802.5813125,4033.7096875,4004.2945625,3957.777625,4168.39825,3556.1535,3810.1633125,4284.2825,4093.7401875,4016.435375,3957.428,4121.2856875,4137.398625,4636.126375,3953.3938125,4431.069125,4295.582625,4344.61425,4171.0574375,4198.41025,4046.7705,4415.071,4165.47,4113.523875,4179.2165625,4576.853375,4436.53675,4419.944625,4302.2794375,4378.308375,4373.300625,4206.9365,4559.11875,4461.2989375,4248.0118125,4281.7383125,4272.7541875,4573.281625,4494.803,4506.976125,4193.6305,4126.83675,4378.23825,4408.6719375,4686.916375,4163.2040625,4622.2806875,4615.595125,4162.63625,3883.68775,4356.0385625,4353.36825,3979.1776875,3807.5695,4188.011375,4330.017375,4417.912875,4199.4306875,4325.00075,4196.55725,4318.2685625,4184.176875,4464.7070625,4415.72875,3923.07975,4279.4750625,4009.8205625,4473.170375,3968.566875,4093.5428125,4317.8139375,3787.770625,3864.4925625,4228.4716875,4209.618375,4187.4190625,4215.3193125,3867.3744375,3642.618875,4354.127375,3879.062,4195.939,3943.49025,3510.1761875,3924.280625,3861.0630625,4033.0816875,4035.3635625,3974.9029375
1.1813403681254018,230.4691875,784.1241875,854.1916875,1294.3476875,1399.6565,1449.729875,1916.202375,2036.0609375,1830.987375,2162.9523125,2567.8659375,2657.31925,2547.311125,3133.143625,2830.784875,3015.4886875,2954.0315625,3085.0338125,3545.130875,3114.3406875,3128.7328125,3740.90725,3719.62825,3684.9331875,3851.606625,3879.0055,3808.26275,3933.96875,3959.995875,4187.8228125,4075.91275,3886.827625,4497.7796875,4306.5860625,4216.4228125,4449.5126875,4072.585125,4119.2686875,4253.165125,4285.6403125,4221.82575,4085.6276875,4421.506625,4333.9759375,4359.1076875,4494.3468125,3960.2855,4145.6838125,4643.76625,4425.1530625,4311.802875,4294.1200625,4472.61875,4488.4160625,5048.968375,4358.4533125,4853.8759375,4724.13175,4735.2845,4531.4920625,4622.594125,4425.7765,4784.0475,4550.036,4432.2674375,4599.134875,4929.494,4906.234,4802.5566875,4704.1210625,4801.24875,4789.069875,4558.782875,4910.40825,4826.4431875,4695.57475,4666.4578125,4703.3111875,4995.312375,4940.5166875,4921.9926875,4671.1185625,4532.8695625,4794.6196875,4828.4088125,5083.473,4557.3325625,5006.8645625,5029.911125,4584.9138125,4305.454125,4755.42125,4742.93625,4491.5910625,4229.314375,4530.935125,4740.52275,4838.8911875,4646.0464375,4749.072125,4580.8321875,4717.958625,4559.298875,4823.8751875,4844.3405625,4340.7831875,4752.7588125,4421.9528125,4958.3633125,4335.436375,4509.6546875,4688.0995625,4169.8935,4275.623875,4573.565375,4592.826625,4616.674,4588.571125,4226.036375,4013.37525,4757.0525625,4205.2091875,4541.822,4385.4763125,3895.0271875,4263.0165,4225.6405,4379.391375,4340.157625,4352.08
1.1854128908474708,320.962625,842.8409375,930.9594375,1404.679125,1550.5783125,1565.7395,2036.391875,2223.2513125,2077.944875,2349.7533125,2741.608375,2816.6696875,2748.1433125,3351.7370625,3043.13025,3229.2731875,3218.674875,3319.83525,3974.660875,3500.730625,3513.284375,4135.7924375,4121.070125,4120.1456875,4252.4193125,4253.3390625,4176.916,4300.918625,4333.681125,4562.62875,4480.1566875,4323.43125,4890.8381875,4737.3003125,4621.706125,4957.793,4535.4801875,4559.982375,4705.3284375,4676.3380625,4673.439625,4426.3655,4831.321125,4723.2134375,4817.9385625,4878.1785625,4425.9105,4529.5895,5053.021625,4819.1758125,4663.7320625,4693.261,4858.009875,4905.891625,5507.294625,4814.325875,5345.8640625,5229.979125,5162.337,4964.3913125,5110.0455625,4889.119375,5245.30575,5005.763375,4841.0083125,5117.2734375,5348.2316875,5450.6610625,5240.344625,5181.770625,5293.579,5275.4315,4984.528,5327.291,5252.7351875,5210.4508125,5130.578,5222.154875,5474.039625,5469.6175,5409.2866875,5224.27575,5004.3009375,5267.7668125,5309.848375,5520.207375,5024.0558125,5447.32975,5507.252125,5068.0223125,4796.4475,5199.7151875,5199.84925,5080.416125,4727.203,4952.074125,5226.61025,5351.5355625,5152.60225,5226.9988125,5045.3555625,5176.9443125,5014.47075,5267.3311875,5329.3405,4834.3875,5303.1988125,4906.3974375,5512.435,4780.824375,4993.4838125,5140.141375,4600.6934375,4756.1080625,4969.68125,5044.907375,5092.3599375,5021.2209375,4646.733125,4457.8415,5231.756875,4600.6924375,4933.1306875,4883.4450625,4356.7346875,4679.84875,4640.130625,4782.32775,4718.666375,4812.896875
1.189485413569554,421.0753125,898.6725625,1020.89125,1538.1421875,1718.364625,1699.216625,2186.335875,2414.472875,2357.42,2584.3085,2953.245,2995.1340625,2993.9293125,3608.8265625,3288.6256875,3485.2021875,3529.92975,3605.3523125,4458.595125,3958.31075,3995.52075,4594.599625,4592.5876875,4615.5725,4718.6713125,4714.2236875,4646.0608125,4721.084625,4791.1256875,5015.8269375,4963.0735,4855.00775,5375.5370625,5241.8275,5094.8005,5521.8648125,5064.7253125,5056.86225,5228.9825625,5126.838875,5214.1386875,4868.4009375,5283.75975,5187.7563125,5339.309375,5340.4061875,4966.3455,4970.561375,5520.5340625,5274.926625,5090.2980625,5149.125,5291.4081875,5410.258125,6022.3709375,5336.7425,5923.2669375,5825.55225,5648.435,5488.9723125,5673.895875,5449.9185,5803.6884375,5546.3209375,5365.5388125,5739.4251875,5859.2705,6069.9748125,5759.1933125,5744.5239375,5850.838625,5838.3704375,5506.61075,5819.019375,5751.4661875,5797.366875,5693.4850625,5850.0231875,6031.845375,6086.409625,5984.6341875,5852.6090625,5561.687625,5828.1140625,5872.8965,6015.1725625,5575.3404375,5954.8340625,6075.7020625,5637.152625,5369.4879375,5715.6105,5730.3715,5730.1685625,5290.2605625,5468.5548125,5806.639125,5973.593625,5732.9328125,5781.6549375,5599.2754375,5705.442,5569.888875,5814.403,5884.61675,5420.0963125,5942.1449375,5467.67725,6139.2833125,5326.2495,5546.0390625,5672.904625,5097.6471875,5319.663125,5432.1656875,5568.926375,5613.960875,5525.6578125,5149.5978125,4985.629625,5790.1884375,5090.328125,5387.091625,5440.2498125,4912.8035,5197.486375,5129.4971875,5245.2498125,5179.968,5362.3240625
1.1935579362916373,526.752875,954.2625625,1115.250875,1704.2114375,1905.7046875,1855.24475,2366.09125,2613.509875,2659.406625,2857.476,3203.4645625,3205.494875,3296.596375,3911.2020625,3580.60825,3793.74225,3890.0854375,3964.5991875,5007.232625,4506.821125,4594.618125,5119.379,5145.8255625,5192.8758125,5271.1,5272.9680625,5237.487875,5216.3550625,5350.3590625,5565.4094375,5548.278,5486.8480625,5980.363875,5835.32875,5654.967625,6146.3404375,5676.3240625,5624.215125,5838.4995,5651.6289375,5853.6175625,5435.5983125,5812.9645625,5742.531375,5931.0635625,5904.79175,5596.54225,5491.1365,6064.5405,5789.029875,5605.700875,5662.5029375,5794.1561875,6021.89025,6622.27175,5957.6118125,6603.0805,6525.224625,6221.6703125,6124.80725,6330.176,6119.628,6465.4350625,6184.1163125,6028.7411875,6464.6959375,6484.59925,6762.6266875,6379.26575,6406.8523125,6468.4274375,6489.987,6145.7853125,6400.35275,6334.126375,6475.4058125,6372.703625,6600.21725,6701.51625,6807.0419375,6669.153375,6567.0250625,6232.368625,6502.8596875,6542.8571875,6610.8910625,6225.0833125,6552.00925,6760.8338125,6328.5229375,6046.5548125,6336.501375,6351.6635,6433.743375,5920.545375,6093.0941875,6498.512625,6724.906625,6404.4730625,6446.8234375,6250.276375,6326.5649375,6238.16375,6480.757875,6531.3875625,6118.503375,6681.3293125,6124.92375,6840.6570625,5992.0515625,6179.25475,6289.35475,5690.806875,5979.736375,5980.381875,6163.0643125,6191.9845625,6120.8696875,5751.9608125,5604.2888125,6445.19475,5694.587,5919.8796875,6075.241375,5580.121875,5846.2848125,5716.6729375,5781.705,5738.0768125,5998.5889375
1.1976304590137063,630.7274375,1012.456625,1209.346125,1903.36575,2113.478125,2042.0001875,2580.22525,2831.5674375,2984.3153125,3162.394375,3496.1701875,3463.3139375,3665.48,4250.1851875,3932.8758125,4157.9551875,4293.81525,4418.8549375,5642.945875,5179.9700625,5330.187375,5724.3204375,5804.349125,5882.814375,5933.47675,5952.1081875,5953.714375,5824.543375,6033.92525,6227.489,6259.801,6228.428375,6722.630125,6528.6433125,6333.7631875,6854.864125,6383.151625,6295.494375,6553.7293125,6282.137625,6599.265625,6135.6590625,6453.1685625,6403.6164375,6612.8229375,6587.5508125,6330.3768125,6123.7720625,6706.1594375,6373.61725,6227.8115625,6243.927125,6385.164,6760.444625,7343.584875,6721.654625,7401.25025,7346.7138125,6913.9859375,6892.6995625,7103.922125,6917.3909375,7243.117375,6937.567875,6848.1650625,7298.418125,7243.264375,7533.9800625,7120.4675,7188.2250625,7164.51475,7247.35,6915.7018125,7088.5045,7015.2468125,7277.27525,7199.4913125,7482.73525,7516.871625,7657.97225,7491.337875,7396.4505,7049.567375,7311.35475,7351.9656875,7360.816,6995.2185625,7273.9375625,7588.023125,7173.5799375,6865.999,7095.5735,7094.3939375,7203.939125,6639.1169375,6829.327,7323.4695625,7622.2540625,7194.185375,7251.3539375,7019.9778125,7077.9513125,7021.8275,7274.180375,7299.3604375,6958.467,7540.9858125,6904.7316875,7629.533375,6798.9840625,6928.9543125,7008.7804375,6414.8145625,6752.3288125,6639.960625,6832.4650625,6856.80025,6833.411125,6472.7898125,6325.50825,7217.9601875,6427.418375,6551.63025,6819.03,6376.6301875,6650.2288125,6416.44925,6421.951,6414.924625,6726.7920625
1.2017029817357896,726.5059375,1071.565375,1307.3239375,2125.9660625,2344.0443125,2273.506125,2838.9555625,3086.6970625,3345.932625,3496.897125,3838.13425,3783.59525,4095.6215,4610.3320625,4357.065375,4582.617125,4737.94625,4984.9095625,6398.5764375,6010.9831875,6216.875625,6447.4565,6604.1664375,6716.3398125,6734.9401875,6786.27975,6792.8639375,6587.53975,6865.1419375,7023.6905625,7121.885,7105.6785,7613.667375,7343.532625,7167.403875,7682.0455625,7204.544875,7115.535,7400.575375,7064.2269375,7459.39225,6980.53,7240.20575,7193.191375,7411.6468125,7402.52375,7183.258,6899.04925,7464.918125,7062.101625,6976.2920625,6913.69525,7083.7820625,7648.4001875,8227.95875,7676.590875,8337.7616875,8313.5351875,7764.1490625,7821.2600625,8026.1245,7870.6544375,8158.1405,7840.207375,7832.7123125,8258.57875,8156.3175,8408.4540625,8008.5803125,8109.102625,7982.5165,8131.3905,7825.82275,7898.482125,7814.578625,8239.1824375,8221.6613125,8518.6375,8514.4755,8676.1640625,8485.646625,8381.1311875,8051.5435,8276.2760625,8335.00025,8303.4601875,7916.0748125,8159.6271875,8594.5968125,8197.2465,7875.6631875,8024.7151875,7992.5399375,8074.4843125,7479.3791875,7679.655625,8305.8126875,8679.0334375,8138.0300625,8219.2314375,7955.509,8003.9829375,7936.3706875,8209.838875,8225.9485625,7974.404625,8548.7083125,7838.351125,8544.7453125,7770.9189375,7845.110875,7866.4675,7303.3075625,7662.7668125,7440.6595625,7599.146125,7657.37225,7698.3539375,7336.2561875,7181.493625,8139.277,7308.20825,7307.522,7704.9366875,7331.1666875,7617.9548125,7236.7391875,7204.852375,7234.4523125,7562.1060625
1.2057755044578586,809.7065625,1132.0729375,1422.223375,2361.950125,2604.3146875,2563.723625,3152.7134375,3396.129625,3760.828,3863.146,4238.88625,4175.550875,4574.937875,4989.6033125,4861.055625,5082.147625,5230.0425625,5672.05675,7308.3758125,7021.07875,7262.5546875,7342.0739375,7580.5884375,7718.373,7714.5490625,7812.662,7772.5909375,7545.7139375,7869.1438125,7986.5760625,8156.9363125,8157.9840625,8664.8188125,8320.595125,8186.22175,8666.3283125,8173.136125,8127.2829375,8407.59825,8036.8703125,8446.901875,7993.1418125,8207.8921875,8140.9978125,8352.082625,8374.0263125,8176.100375,7836.8785,8361.4473125,7895.2943125,7866.0464375,7699.2466875,7911.233125,8713.616375,9319.289125,8861.7126875,9444.7170625,9457.0011875,8819.9828125,8952.56375,9128.8939375,9011.584875,9243.878625,8934.3294375,8991.3970625,9374.0035,9251.185875,9432.4574375,9067.673,9195.1695625,8965.884875,9162.17075,8883.3299375,8844.8825,8753.00775,9386.8931875,9488.0529375,9750.5148125,9738.7601875,9907.39375,9690.9373125,9560.065125,9277.810125,9434.285,9523.8596875,9454.731125,9022.0541875,9248.9705,9823.5238125,9427.1243125,9116.6485,9154.9105,9075.904375,9090.8128125,8477.182,8662.2616875,9479.769375,9912.179375,9275.9668125,9381.0841875,9116.3714375,9149.075875,9032.2108125,9326.4790625,9352.3093125,9199.205125,9735.301375,8970.723,9644.9426875,8936.876125,8977.16875,8905.3994375,8394.5116875,8751.587625,8415.850375,8498.3779375,8652.0546875,8756.7325625,8377.6126875,8226.9530625,9242.5145,8370.9796875,8212.1366875,8768.6895625,8483.8634375,8754.3849375,8189.6015625,8163.8555625,8221.766375,8523.6028125
1.2098480271799419,880.843125,1205.7734375,1567.9169375,2607.04925,2898.6354375,2916.337875,3524.282625,3771.576,4232.359375,4268.2090625,4708.441125,4640.4365,5099.394125,5409.8470625,5447.2784375,5665.2246875,5791.267125,6478.1278125,8395.7159375,8209.86525,8466.0523125,8446.1935625,8749.39,8905.4116875,8909.20125,9055.7425625,8923.3813125,8723.402375,9067.022375,9144.193375,9376.2569375,9416.04775,9887.9463125,9497.408375,9402.6330625,9836.8985,9325.576625,9355.1610625,9597.9,9219.8395,9579.3878125,9194.0149375,9373.2110625,9274.8720625,9454.272,9526.592125,9330.4795625,8948.848125,9416.6324375,8903.499375,8904.7420625,8629.1558125,8881.45975,9987.4488125,10654.9656875,10294.2674375,10763.5034375,10811.2480625,10128.445375,10329.094,10438.58325,10371.0783125,10540.8230625,10255.0704375,10338.2774375,10675.0490625,10556.2304375,10651.8064375,10307.686125,10472.18175,10137.5231875,10352.0178125,10090.408625,9945.7251875,9845.667125,10732.5636875,11027.59175,11230.8985,11227.2179375,11394.0168125,11143.3579375,10966.2038125,10756.4035,10823.4540625,10941.2809375,10819.8593125,10344.7956875,10577.806625,11305.4330625,10893.5655,10613.140125,10513.0855,10368.4970625,10290.4936875,9661.626375,9808.030625,10890.832625,11344.9504375,10649.3785,10773.55425,10547.5465625,10548.103375,10374.9926875,10678.972625,10716.806375,10652.6146875,11133.6373125,10355.62925,10985.39975,10331.62875,10363.0215,10166.497625,9728.90825,10072.1200625,9601.332375,9564.528,9897.95175,10048.9075625,9643.864625,9517.492,10559.770125,9653.594625,9288.3009375,10053.1760625,9874.1044375,10078.149875,9299.4899375,9326.8215625,9398.946875,9632.0484375
1.213920549902011,946.289875,1305.46175,1751.0505625,2856.5990625,3216.427375,3319.446125,3941.035125,4216.9363125,4745.5944375,4721.2848125,5245.558,5169.3050625,5671.89225,5899.5824375,6108.7811875,6315.9070625,6441.06175,7382.5275,9647.5756875,9542.0983125,9801.665875,9747.744625,10091.7678125,10269.648375,10318.1360625,10502.228875,10253.3773125,10105.30075,10456.919375,10498.50375,10767.45625,10871.80325,11276.4640625,10873.08175,10801.2550625,11192.3471875,10677.7179375,10785.032625,10975.675125,10610.2105,10870.628,10584.7490625,10728.86975,10603.0333125,10728.0619375,10856.96725,10650.89375,10232.754875,10638.065375,10088.020375,10090.96075,9718.8809375,9991.337125,11481.4551875,12246.73425,11960.01225,12318.9481875,12392.840875,11709.86125,11966.3865625,11961.9978125,11962.190125,12071.9229375,11809.686625,11877.8558125,12171.3220625,12072.200625,12073.899125,11717.0120625,11935.6111875,11493.2365,11694.7620625,11438.7413125,11214.249875,11096.466,12276.495875,12830.47975,12983.8646875,12976.4506875,13146.5625,12854.5731875,12615.906,12483.8205,12450.2484375,12581.5355,12393.6980625,11894.331375,12156.852125,13043.3251875,12605.111125,12360.4065625,12109.1801875,11876.8709375,11680.26475,11038.579375,11132.416,12569.423375,12998.2295625,12283.4671875,12414.916125,12256.7823125,12211.4998125,12004.231875,12305.9853125,12341.1001875,12333.1500625,12767.308875,12025.938125,12589.185375,11982.109,12012.9716875,11673.3755,11329.5624375,11669.8035625,11021.349625,10814.62475,11435.3296875,11601.5205,11173.800875,11087.2814375,12117.39925,11175.7703125,10552.5951875,11596.0225,11521.0001875,11616.5364375,10589.411625,10716.3389375,10771.571,10905.2593125
1.2179930726240942,1011.6230625,1429.338875,1963.1225,3102.6175,3528.3058125,3741.2745625,4372.540125,4717.0135,5269.0195625,5219.07625,5825.594875,5736.1249375,6283.68775,6459.9211875,6818.169875,6995.6139375,7163.452875,8332.326125,10978.7544375,10925.2560625,11188.4328125,11154.7285625,11524.190875,11736.660125,11856.2625,12064.472,11707.617875,11613.8023125,11978.1516875,11999.9441875,12274.6386875,12447.8049375,12765.525375,12380.1094375,12318.182375,12674.0771875,12185.190125,12344.0609375,12493.75425,12162.551875,12295.4705625,12124.6125625,12229.554875,12088.207375,12142.34325,12314.2106875,12094.961875,11646.30125,11993.1535625,11405.7390625,11396.627,10949.682875,11211.9745,13148.64325,14038.281125,13798.669875,14069.978875,14160.6191875,13516.7569375,13815.80725,13662.0845,13744.403625,13800.081,13549.849,13573.852875,13815.6794375,13731.6651875,13635.6780625,13242.1864375,13517.876375,12985.360125,13144.2738125,12885.3725625,12622.76425,12479.1121875,13973.5673125,14817.9985625,14947.185125,14905.2144375,15097.5684375,14771.296,14468.72475,14392.0866875,14254.45975,14381.6614375,14130.2563125,13623.6970625,13936.7446875,14978.2869375,14509.456125,14297.09325,13904.3128125,13562.124375,13219.966125,12565.838125,12605.6545625,14481.90075,14850.674125,14143.659125,14265.893625,14187.7365625,14098.370625,13891.7616875,14178.4026875,14197.9805625,14202.763,14614.8660625,13954.0330625,14418.2333125,13869.8995,13883.2579375,13403.8791875,13176.1445625,13534.3756875,12658.0815,12232.774375,13250.0590625,13399.2826875,12958.656,12922.9799375,13908.3866875,12914.879875,11993.8865,13390.431625,13398.0763125,13369.1665625,12055.2604375,12326.7603125,12317.09075,12341.046625
1.2220655953461632,1073.079375,1556.554875,2177.4794375,3334.569875,3793.360375,4134.9610625,4777.3319375,5223.3821875,5756.716625,5728.2263125,6393.674,6292.805875,6895.7545625,7045.574125,7516.7475,7654.98175,7888.2424375,9227.30625,12202.5690625,12176.2806875,12453.850375,12466.535125,12857.8605,13122.17525,13316.1730625,13545.283375,13123.3349375,13079.6918125,13462.3360625,13501.55075,13754.292125,13965.64925,14191.139125,13855.2481875,13799.395875,14131.87625,13700.28775,13880.0928125,14008.3635,13746.02725,13740.3355,13689.9219375,13755.1059375,13609.222125,13583.3274375,13779.754375,13544.7245,13073.8556875,13378.459375,12760.6659375,12736.43675,12245.04875,12474.8186875,14844.388375,15848.5381875,15656.778875,15845.4925625,15958.172,15382.4199375,15711.8936875,15412.1415,15571.3521875,15580.246625,15333.063875,15298.1594375,15461.6350625,15369.44025,15180.53,14750.3531875,15068.768,14484.9225625,14585.3239375,14314.6694375,14057.4940625,13899.29475,15671.2504375,16793.1359375,16914.916625,16815.1541875,17046.3855,16717.48025,16363.857125,16305.0000625,16078.2533125,16188.43775,15894.08,15387.9214375,15768.196625,16938.3235625,16450.388375,16261.01375,15763.6644375,15299.752875,14801.856875,14132.261125,14128.9714375,16475.21425,16771.373875,16079.4383125,16179.3808125,16179.990875,16064.85075,15888.5028125,16145.699,16153.6545,16137.4715625,16549.5518125,16002.6585,16337.102375,15869.9953125,15839.3535625,15248.121125,15160.01725,15540.5413125,14413.1901875,13746.2939375,15219.805375,15337.3745,14893.766875,14916.3995625,15837.79225,14769.094,13544.36375,15333.3913125,15400.5509375,15252.5873125,13637.7629375,14081.14425,13969.2265,13887.2449375
1.2261381180682465,1117.7246875,1653.2084375,2357.550875,3530.4805,3971.9556875,4450.52575,5112.2514375,5657.3139375,6155.67025,6184.9921875,6871.704375,6775.6688125,7439.3585625,7575.37525,8121.2884375,8235.0965,8513.935875,9925.188875,13044.0404375,13025.801125,13329.76525,13384.33475,13804.3906875,14133.5983125,14381.4580625,14643.43325,14214.7489375,14224.1405,14618.26475,14725.050625,14941.4853125,15137.3521875,15280.6056875,15027.094375,14978.08175,15301.14075,14950.6333125,15144.30175,15258.546375,15108.2735,14976.6238125,15040.7564375,15077.44675,14933.7505,14837.871625,15041.7938125,14794.54575,14308.851125,14602.521,13994.6641875,13946.65575,13455.6204375,13649.1494375,16299.352625,17344.3094375,17228.9043125,17315.1535,17474.195625,16989.98375,17338.377625,16944.265,17156.0931875,17129.389375,16886.59775,16788.020875,16844.3980625,16718.8699375,16452.3368125,16009.6921875,16354.412125,15760.29025,15819.13575,15526.783125,15306.646375,15168.8299375,17080.0099375,18411.9386875,18520.99525,18365.7085,18633.486375,18354.1636875,17977.1771875,17912.933,17645.729375,17727.8456875,17427.10475,16927.0035625,17373.3135,18605.2556875,18133.043125,17953.91425,17420.331625,16848.7415625,16219.6939375,15549.23225,15512.8575,18238.527125,18466.0600625,17781.31675,17856.6764375,17930.829,17814.2868125,17682.2860625,17903.997875,17918.569375,17870.2371875,18285.2803125,17872.6838125,18065.7433125,17699.0743125,17616.262875,16969.091,17026.2583125,17405.654125,16075.5946875,15193.55975,17070.862125,17170.963125,16735.9524375,16813.9808125,17666.327375,16515.41525,15053.288875,17180.16075,17300.1,17051.698875,15188.522625,15788.4666875,15583.5480625,15403.2079375
1.2302106407903297,1132.305625,1691.803625,2470.7195625,3655.5689375,4039.633625,4646.99425,5338.19175,5941.2081875,6419.353875,6521.8155625,7186.329375,7122.408,7838.0310625,7965.7351875,8546.2488125,8668.9263125,8951.7988125,10289.0569375,13244.253125,13226.4935,13553.6853125,13625.4485625,14081.933625,14472.0323125,14742.5445625,15048.62225,14660.2193125,14728.051125,15118.624625,15329.849,15516.5460625,15644.8690625,15728.1558125,15581.3241875,15540.853625,15860.4943125,15601.2896875,15833.6680625,15923.180875,15920.09575,15701.1959375,15859.2440625,15893.03075,15759.780625,15630.94175,15819.1003125,15577.5165625,15087.488625,15407.002875,14890.1310625,14797.815125,14366.186375,14534.179625,17163.155625,18116.23625,18101.8211875,18070.451125,18304.506375,17934.3218125,18288.029625,17878.4478125,18117.404,18069.0094375,17840.938375,17690.4125,17643.7183125,17473.1865625,17154.8961875,16737.280625,17105.3575,16529.2644375,16597.91575,16279.8131875,16111.89925,16035.5680625,17837.1973125,19255.39325,19328.734625,19140.233,19424.2549375,19247.4559375,18882.4050625,18826.2336875,18602.0426875,18638.1485625,18382.412,17914.6390625,18384.459125,19559.4305625,19160.321,18981.878125,18504.899125,17878.7459375,17178.7916875,16566.7934375,16483.5361875,19346.0250625,19511.598875,18817.2285,18883.0856875,19021.974875,18929.7810625,18839.1285,19031.1848125,19078.118375,19005.2685625,19404.5076875,19123.25,19189.0581875,18942.7333125,18822.1210625,18209.653625,18377.270875,18715.65075,17325.93625,16320.9395625,18395.932125,18516.0276875,18108.2083125,18221.578375,19006.819375,17811.713625,16275.80925,18543.010125,18727.4884375,18416.0204375,16457.8165625,17136.4683125,16907.9375,16641.9968125
1.2342831635123988,1114.929625,1667.461375,2501.89725,3682.076875,3996.7390625,4704.7790625,5427.869,6033.37275,6517.5414375,6699.711875,7299.927,7290.835625,8036.47675,8163.177875,8730.081,8900.2863125,9153.0516875,10255.9164375,12725.6136875,12712.6408125,13042.5219375,13102.2888125,13589.915875,14019.1484375,14282.854125,14620.5508125,14295.4855,14415.37825,14786.53175,15108.792,15285.356375,15316.7728125,15363.953375,15326.2925,15295.6495,15604.746625,15431.0041875,15740.2828125,15778.057625,15937.8100625,15678.98275,15895.926875,15957.033375,15851.1071875,15736.5521875,15880.6951875,15666.1418125,15191.3981875,15559.928375,15226.8636875,15067.15225,14750.5743125,14915.1471875,17170.352875,17893.1018125,17975.35925,17836.22675,18161.95825,17920.95825,18259.6383125,17907.9329375,18158.713125,18095.1520625,17902.349125,17731.940625,17642.8448125,17429.4743125,17093.424375,16727.903375,17130.34775,16593.0159375,16726.8776875,16388.7051875,16280.956125,16293.218,17687.7275,19041.679625,19052.739875,18858.933375,19133.6908125,19085.8156875,18760.770375,18755.162875,18662.412125,18627.6723125,18465.1485,18086.729125,18497.6735,19465.696125,19205.747,19026.10175,18694.556375,18096.8338125,17406.3843125,16947.5326875,16777.9794375,19443.0163125,19542.387625,18824.0864375,18905.90475,19092.585375,19055.103875,18986.34375,19153.079125,19256.7550625,19173.1758125,19530.9113125,19350.2571875,19320.2408125,19213.1426875,19075.3635,18612.7910625,18814.9275,19078.375875,17834.844,16857.6165,18798.157625,18976.7229375,18616.39,18730.9149375,19448.3595625,18300.922,16924.912875,19006.5396875,19273.86475,18956.4845,17157.13,17774.14875,17621.072125,17302.7160625
1.238355686234482,1078.9818125,1594.0998125,2459.0845,3605.635125,3860.3713125,4630.8335625,5372.9329375,5939.4069375,6442.12325,6713.7465625,7216.5688125,7268.9383125,8018.6836875,8151.558375,8656.6808125,8904.6040625,9112.11725,9867.0204375,11657.253625,11653.2695625,11961.388875,11991.6963125,12491.7464375,12929.63675,13169.498375,13504.3249375,13246.875625,13393.7864375,13731.869,14143.6711875,14323.473375,14260.47425,14286.1356875,14336.659375,14314.3940625,14602.3339375,14496.4416875,14902.3109375,14854.8231875,15170.0603125,14906.2544375,15134.34025,15244.4460625,15185.9944375,15116.2935,15195.639125,15015.301875,14577.60925,14994.235375,14898.618625,14660.4785,14486.9843125,14680.552,16323.1948125,16740.207,16888.6076875,16668.261875,17085.5129375,16967.0051875,17265.682,17017.403375,17272.92025,17180.927875,17060.053625,16904.858375,16865.0320625,16610.563625,16291.9033125,15980.291125,16426.127,15956.7085,16180.2861875,15835.1271875,15794.0756875,15907.707125,16662.8030625,17833.0956875,17767.751,17591.9440625,17830.631625,17900.226875,17624.9149375,17710.5118125,17793.9473125,17670.9305,17617.8741875,17392.014125,17660.0019375,18311.3379375,18234.81375,18058.4885625,17919.15225,17420.507625,16815.609875,16588.4290625,16305.47,18482.4199375,18500.1455625,17759.6605,17870.5713125,18085.4755,18131.517625,18053.457125,18186.4595,18355.2963125,18272.18375,18574.5475625,18448.733,18357.60825,18387.22825,18254.9144375,18036.0310625,18182.1003125,18359.1346875,17442.334625,16655.676625,18127.345375,18379.3075,18073.0719375,18154.7370625,18801.8855,17807.584125,16811.452375,18369.3291875,18726.484875,18453.1788125,17093.846625,17492.8315625,17485.367375,17173.2274375
1.242428208956551,1041.7341875,1492.232375,2366.2813125,3444.3975625,3650.222375,4452.087375,5185.5728125,5697.729625,6208.420375,6576.283375,6962.4451875,7068.8153125,7800.653625,7942.35425,8354.6248125,8691.666625,8857.6585625,9228.4265625,10330.6690625,10334.875125,10602.005875,10605.7426875,11095.069375,11509.214625,11727.5365625,12028.619125,11833.71575,11972.56975,12273.113,12735.245,12920.18875,12786.7964375,12797.17975,12901.851375,12887.3000625,13148.98875,13092.2110625,13574.8766875,13429.0491875,13867.8638125,13611.265125,13804.239125,13976.1160625,13971.9511875,13952.7201875,13960.3544375,13807.561375,13419.299375,13863.2069375,13992.4828125,13685.7563125,13647.854625,13898.21725,14884.0945,15004.599,15186.906625,14911.421,15407.753625,15374.919875,15616.70425,15484.62475,15741.4646875,15595.148375,15589.5226875,15468.7173125,15538.9904375,15233.021875,14960.4708125,14691.202,15171.1370625,14810.3380625,15107.975875,14776.43975,14803.7193125,15025.3284375,15060.16,15997.99,15859.874375,15716.69625,15890.6446875,16048.576875,15815.7005625,16005.478375,16241.63475,16036.045375,16069.29525,16026.70175,16106.506375,16432.9708125,16542.886125,16380.2951875,16417.9425625,16036.484875,15565.67225,15584.1905625,15212.733625,16767.552625,16693.0948125,15945.7478125,16075.973375,16304.353625,16446.4430625,16334.1310625,16418.7634375,16637.096875,16566.6435625,16815.1819375,16704.3391875,16581.2685,16712.2168125,16617.1765,16663.8658125,16689.182375,16792.13125,16271.02875,15784.300625,16599.054875,16907.5989375,16648.046,16676.02275,17259.1928125,16471.0210625,15969.8084375,16812.0595,17245.0120625,17027.076125,16284.9110625,16378.0490625,16516.4541875,16270.511375
1.2465007316786343,1014.497625,1381.7158125,2247.453125,3228.397625,3384.677375,4201.7651875,4893.7283125,5356.0643125,5845.735,6304.880125,6569.6291875,6715.5643125,7415.128,7561.0570625,7876.0915625,8292.89775,8436.811625,8447.0875,8987.265375,8997.3743125,9209.464,9206.434,9659.994625,10024.755625,10235.2898125,10496.37225,10353.167375,10451.563375,10721.9328125,11193.2065,11382.73,11204.3593125,11205.18925,11332.04875,11330.6184375,11564.50025,11538.129875,12050.3788125,11835.0761875,12343.1078125,12085.451125,12221.1594375,12463.8076875,12502.4768125,12524.293,12460.2049375,12330.5519375,11995.232125,12438.096,12731.0661875,12383.558875,12456.9385625,12765.9448125,13185.8704375,13067.091875,13271.4313125,12959.4165625,13513.7745,13508.3221875,13699.65825,13668.723,13924.845875,13713.19975,13842.720625,13754.72025,13936.664875,13563.2029375,13354.2278125,13124.85575,13607.0408125,13390.930875,13722.6879375,13431.4158125,13521.198875,13851.1985,13234.763875,13954.3878125,13755.7533125,13653.7245,13739.2820625,13965.0849375,13758.6165625,14039.738625,14361.8129375,14103.7865,14179.6723125,14301.9546875,14196.3855,14275.7534375,14547.923875,14412.8048125,14566.459625,14273.306625,13945.4944375,14152.7745,13769.4576875,14731.7100625,14573.865875,13832.0959375,13960.96575,14194.7275625,14426.682125,14277.196875,14304.7205625,14539.8921875,14499.9781875,14704.837375,14588.4109375,14456.1044375,14634.7945,14609.529,14871.55375,14756.886625,14818.618625,14640.7113125,14478.574375,14638.4368125,14971.9614375,14752.4965,14716.9749375,15254.537375,14655.2803125,14630.0031875,14772.5689375,15257.8525,15072.8051875,14943.344875,14753.2188125,14975.8619375,14829.8080625
1.2505732544007033,1004.843875,1278.05225,2114.146625,2987.49275,3080.9999375,3906.49225,4532.80175,4957.2920625,5391.22475,5925.65625,6074.769,6244.484625,6910.321,7040.5841875,7276.756875,7749.8220625,7896.89175,7604.7431875,7753.3839375,7766.294,7913.83325,7929.83675,8318.5944375,8625.098125,8838.492,9075.257,8970.9870625,9005.57025,9253.79175,9709.0828125,9904.250875,9696.7254375,9695.6680625,9826.2411875,9846.886125,10050.7415,10028.4054375,10529.0193125,10296.9961875,10816.536625,10540.912875,10626.4631875,10944.6209375,11007.962375,11053.387875,10916.714375,10817.66125,10538.5440625,10956.9859375,11338.4226875,10986.95325,11151.5798125,11492.6900625,11472.7539375,11177.220125,11407.5718125,11076.456125,11658.0291875,11624.329625,11791.9913125,11833.044125,12083.182875,11828.2660625,12067.0140625,11997.415375,12256.2461875,11812.212375,11674.11275,11496.5976875,11935.9216875,11871.9786875,12204.307,11973.634,12109.1266875,12542.89775,11431.2040625,11968.6785625,11730.142,11673.2764375,11658.417,11943.56325,11749.6368125,12097.7990625,12443.5449375,12174.2526875,12250.4965625,12486.4101875,12225.73775,12159.7450625,12565.3814375,12461.4769375,12665.7561875,12426.1759375,12215.6751875,12514.643125,12214.0430625,12697.70975,12484.612125,11748.3349375,11860.6429375,12096.917875,12405.061375,12232.4844375,12202.793,12421.0759375,12425.32625,12603.381875,12479.350625,12352.6678125,12532.8800625,12593.446375,12990.5051875,12751.8346875,12813.078875,12870.7334375,12994.55675,12616.507125,12950.5003125,12772.3670625,12666.9304375,13176.1941875,12724.73625,13069.0624375,12657.5801875,13180.5225625,13002.4685625,13346.3914375,12960.8774375,13191.5014375,13151.7584375
1.2546457771227866,1011.0061875,1189.392125,1969.07625,2745.322625,2760.571625,3587.1729375,4138.52,4533.7538125,4888.8359375,5476.941125,5522.034,5698.004625,6343.440375,6429.1134375,6610.92375,7114.944875,7274.3091875,6767.385,6666.896125,6681.6963125,6760.974125,6817.035125,7114.3209375,7368.911875,7586.97325,7818.3688125,7744.1281875,7703.7405625,7930.5690625,8362.7211875,8567.02875,8336.9968125,8342.2831875,8469.841375,8516.914125,8695.3606875,8638.35575,9112.9299375,8899.5999375,9398.1584375,9090.7831875,9149.00875,9540.64175,9611.124875,9657.8705,9443.74325,9391.241625,9178.0359375,9558.076,9964.709375,9645.23225,9883.58425,10219.349125,9873.2880625,9454.1385625,9713.54825,9382.1354375,9955.416875,9862.8685625,10028.4288125,10114.6104375,10348.2285625,10099.070625,10382.874,10321.787625,10613.8998125,10118.8628125,10052.6264375,9944.6289375,10300.0368125,10352.781375,10684.0351875,10515.5485,10669.345125,11196.5161875,9770.877625,10146.1700625,9910.1534375,9890.4860625,9775.199125,10108.8234375,9930.6145625,10317.0974375,10651.5105,10407.5285,10451.8665,10748.302375,10367.6324375,10236.4909375,10748.8509375,10657.1565625,10875.42275,10677.8920625,10544.047625,10842.318,10694.611375,10818.3111875,10588.4736875,9848.2066875,9943.4378125,10177.296125,10549.6275625,10367.27475,10287.6045,10470.252,10512.1866875,10688.441625,10563.0633125,10444.6196875,10603.3360625,10745.1423125,11201.4071875,10876.2895,10963.3279375,11159.350375,11506.771,10734.8274375,11056.945,10924.535125,10746.3650625,11230.749375,10904.26775,11490.8690625,10689.4530625,11251.225875,11064.6414375,11708.8320625,11217.6666875,11403.166375,11465.3865
1.2587182998448698,1013.840375,1114.0125,1814.5366875,2516.826875,2453.4900625,3266.3359375,3740.2506875,4104.355375,4378.0959375,4995.97475,4959.0555,5117.2961875,5761.021875,5787.294875,5929.852875,6448.2075625,6598.9319375,5987.71475,5721.819375,5745.3149375,5760.052,5864.3169375,6058.744,6272.973875,6493.8384375,6725.594625,6679.5024375,6564.341875,6771.1013125,7177.725625,7399.4215,7149.2605,7165.55725,7289.5224375,7353.25075,7529.23575,7389.4684375,7847.52075,7656.3931875,8129.062125,7787.6708125,7843.672,8297.459125,8357.916625,8388.392375,8088.550875,8097.6908125,7967.6305625,8299.7104375,8691.611125,8430.2655625,8714.33575,9012.6006875,8440.5165625,7945.966375,8235.06175,7913.1845,8448.3119375,8294.757375,8456.9113125,8570.5509375,8780.5390625,8589.1655625,8845.7085,8795.7146875,9080.2250625,8568.488875,8566.9380625,8549.8065625,8796.3474375,8898.59325,9255.0265625,9133.0859375,9282.192625,9877.798,8308.593375,8520.533,8351.945125,8340.434375,8134.158375,8496.1381875,8355.7725625,8754.0365,9058.820375,8867.226375,8856.4526875,9173.81725,8703.285,8556.6953125,9149.2274375,9034.775375,9264.3196875,9115.11,9018.4979375,9264.12775,9288.4478125,9144.3065625,8934.53825,8181.907,8271.3964375,8492.118125,8917.806625,8722.714,8615.5935,8762.9368125,8816.0480625,9018.18925,8894.6965,8780.704875,8911.945,9116.6545625,9573.733375,9210.2973125,9327.3480625,9591.931375,10101.740375,9071.4,9373.3143125,9288.2605,9042.3215625,9494.8851875,9284.8388125,10001.5419375,8946.4865,9557.3398125,9350.09625,10147.626,9621.84275,9737.7135,9895.5058125
1.2627908225669389,992.4726875,1045.485375,1652.3385,2308.24225,2186.7738125,2963.4184375,3357.049875,3680.888375,3883.1619375,4506.952125,4422.91025,4535.4200625,5191.1019375,5163.7674375,5275.021875,5798.14075,5906.0216875,5291.791375,4901.47725,4944.348,4908.40025,5050.7706875,5148.67375,5337.12525,5559.3029375,5783.5825625,5766.527125,5585.953375,5784.9285625,6156.9333125,6403.8056875,6142.1064375,6161.894125,6289.3025625,6345.346125,6550.4226875,6292.01525,6747.8885625,6569.5415625,7013.5966875,6653.176125,6726.637375,7219.7285625,7254.771625,7265.2935625,6876.488,6953.65225,6922.921375,7205.1121875,7558.0251875,7365.7061875,7656.6555625,7897.3700625,7186.20225,6661.997875,6987.0660625,6670.2340625,7144.624875,6950.604875,7092.959625,7219.368125,7416.9676875,7309.60325,7487.257125,7453.3366875,7702.90425,7205.7573125,7253.877,7347.0329375,7477.520125,7566.723875,7971.093625,7877.2476875,8016.463875,8642.1625,7069.7673125,7112.0135,7075.03025,7027.011375,6745.841375,7115.0205,7034.309375,7424.6845,7691.227125,7572.1433125,7490.4289375,7798.5386875,7258.0653125,7129.1433125,7773.447625,7608.2236875,7865.6691875,7767.8794375,7673.819875,7863.132,8033.27075,7695.0844375,7524.6016875,6765.3931875,6857.2359375,7054.653625,7521.2674375,7291.8345625,7200.7145,7322.1685625,7360.454125,7604.931875,7474.1200625,7373.6514375,7469.3975625,7714.2778125,8135.938125,7773.586625,7916.144375,8202.6830625,8816.601375,7652.7744375,7919.7260625,7880.1488125,7580.62175,7996.81925,7889.38525,8646.2200625,7453.590375,8114.117375,7877.9529375,8714.7874375,8213.860375,8255.655625,8498.508125
1.2668633452890221,943.772125,983.4224375,1485.9374375,2124.5706875,1966.4689375,2688.1801875,3001.748125,3275.93,3419.581375,4023.7289375,3928.9865625,3977.372125,4650.849875,4581.413875,4674.8521875,5190.0071875,5233.230375,4676.3421875,4193.8440625,4262.3516875,4195.856125,4353.477,4366.1014375,4549.0491875,4771.438375,4980.7271875,4987.091125,4756.4776875,4971.4793125,5286.930375,5559.2005625,5311.850875,5311.4839375,5452.25175,5479.597375,5729.6403125,5353.501625,5812.5394375,5637.7225625,6037.916,5687.222,5789.759125,6286.4369375,6289.1629375,6287.670125,5820.4568125,5961.3946875,6035.3819375,6283.147875,6572.993,6450.0831875,6711.7833125,6885.4983125,6102.50775,5583.0799375,5953.907625,5632.8583125,6029.6693125,5833.786125,5941.262375,6058.2645,6274.2785,6241.62,6319.151375,6297.73325,6511.35975,6049.18975,6127.6478125,6330.48775,6354.7875625,6403.7894375,6848.324875,6773.7853125,6910.6850625,7529.8254375,6050.30725,5932.3875625,6055.74575,5935.915125,5597.35925,5960.2460625,5946.55125,6307.830125,6547.9215,6508.7660625,6351.410125,6631.126625,6019.5355625,5940.5791875,6606.5696875,6386.5454375,6689.8033125,6633.2009375,6514.738625,6671.946,6939.1986875,6482.5610625,6342.5466875,5599.2345,5688.9515,5856.083375,6350.7235625,6062.15225,6035.26275,6136.7498125,6158.5848125,6438.1349375,6280.7241875,6221.0570625,6266.130125,6529.7929375,6901.9933125,6552.619875,6719.8288125,7009.623875,7665.59975,6479.641125,6685.3745625,6691.5729375,6357.1011875,6746.73875,6717.767125,7446.595,6215.9726875,6910.2125625,6648.738625,7431.804375,7005.8696875,6988.1995,7297.3324375
1.2709358680110912,880.6741875,931.887,1323.6544375,1974.561625,1779.762875,2441.516125,2684.9533125,2902.972,3003.2203125,3558.761875,3477.4883125,3463.017875,4149.7159375,4049.8588125,4146.6369375,4631.90175,4607.897875,4124.483625,3592.087625,3684.394375,3606.600375,3755.3390625,3687.4136875,3885.59725,4108.6344375,4305.4666875,4323.355125,4054.4925625,4313.4631875,4542.3006875,4833.932375,4636.8980625,4589.487125,4742.993875,4739.910375,5027.0549375,4569.1700625,5031.794375,4848.8423125,5188.8380625,4872.2214375,5008.725875,5468.4013125,5446.6550625,5440.9445,4918.6935625,5107.042,5280.2875,5522.4596875,5723.8178125,5671.391625,5881.29,5985.7760625,5175.854,4677.7804375,5097.6776875,4772.54125,5080.969125,4925.951875,4990.899,5076.2065625,5336.978375,5355.99325,5330.724125,5312.9455,5512.477375,5103.1418125,5189.24825,5476.082375,5412.1674375,5430.9845625,5879.423125,5823.405875,5967.6660625,6554.29425,5214.6273125,4977.4753125,5237.240625,5039.24425,4660.4465625,5009.746625,5054.35525,5358.695,5605.4624375,5631.670875,5412.8625625,5661.5784375,4957.9660625,4960.8251875,5621.397,5364.6131875,5722.5936875,5684.6275,5532.2118125,5683.0583125,5991.8815,5501.924,5362.904375,4660.5755,4737.52025,4868.891625,5380.893,5024.939625,5087.552625,5167.719625,5200.586375,5484.70225,5289.374375,5295.735375,5278.048875,5542.1299375,5864.39725,5519.1089375,5711.554,6013.9991875,6644.0415625,5526.589625,5644.226875,5700.30175,5345.9885625,5732.554875,5754.927375,6408.6095625,5209.411125,5920.8760625,5648.1643125,6303.828875,5985.35475,5942.2598125,6292.256375
1.2750083907331744,820.1706875,892.4639375,1171.7116875,1862.322875,1614.2996875,2221.531375,2412.917125,2571.5205625,2645.316,3130.464375,3071.6195,3005.6819375,3688.426125,3575.4909375,3695.5830625,4122.7628125,4045.990375,3622.94375,3090.8128125,3194.9980625,3123.2783125,3243.49075,3097.4285,3321.3988125,3549.75725,3741.3975,3763.087625,3456.475625,3781.7884375,3901.4691875,4200.80325,4081.141375,3974.07725,4128.14125,4106.1124375,4410.7028125,3921.6850625,4389.301375,4186.346625,4464.292125,4181.588375,4353.505,4748.8003125,4719.8096875,4709.9013125,4159.9776875,4366.41425,4628.2636875,4890.2815625,4989.3669375,5011.0014375,5159.5661875,5205.9823125,4390.5068125,3920.7078125,4379.49125,4069.652,4278.89075,4195.5556875,4210.6638125,4262.164875,4568.1768125,4621.825625,4498.542125,4478.5168125,4691.38675,4349.1728125,4424.9929375,4764.894375,4620.770375,4638.8984375,5051.4438125,5009.7553125,5168.4363125,5703.345,4517.0264375,4227.20325,4561.880625,4304.1923125,3909.965375,4233.2214375,4312.4541875,4538.2315625,4826.843875,4886.343,4635.9484375,4861.7295625,4052.0236875,4154.8214375,4788.5923125,4519.8285,4932.3350625,4882.64975,4711.533625,4865.6276875,5165.391,4726.743375,4554.580625,3908.799625,3961.9215625,4059.5335,4582.1098125,4166.7775,4313.115125,4372.6400625,4447.0456875,4699.062,4476.6534375,4554.07675,4470.2151875,4716.738125,4989.6255,4649.4055625,4861.161125,5196.1658125,5735.0809375,4749.62625,4769.50525,4876.3730625,4513.625125,4916.4813125,4968.6535625,5517.2923125,4385.7115625,5107.938625,4841.47925,5325.3760625,5125.3690625,5092.6764375,5465.5698125
1.2790809134552434,771.9099375,858.9883125,1029.5536875,1778.555875,1464.799,2027.1641875,2185.95925,2282.4303125,2345.0825,2759.0651875,2721.3811875,2608.6439375,3263.333125,3157.271125,3313.059,3661.963625,3557.349125,3163.3401875,2680.5269375,2781.043875,2726.6625,2805.7234375,2593.6874375,2838.7776875,3079.7898125,3269.8764375,3299.662375,2944.5583125,3345.8014375,3351.5321875,3639.477625,3611.142375,3446.7579375,3588.954,3561.541875,3865.1868125,3392.651625,3862.102875,3637.9564375,3865.782,3590.7970625,3798.2971875,4127.6420625,4098.41475,4083.8768125,3530.6845625,3717.93725,4060.6684375,4348.3785,4353.4761875,4448.5706875,4530.0201875,4549.1929375,3732.5900625,3301.5295,3769.3703125,3508.921375,3606.8889375,3612.9996875,3564.00975,3602.405875,3932.9029375,4005.208,3801.46,3777.624875,4021.68125,3747.38225,3804.5200625,4181.625,3951.213375,4000.9023125,4353.0114375,4313.53625,4490.0134375,4954.37025,3923.74825,3650.1038125,3986.1909375,3698.0519375,3325.5195625,3600.8369375,3684.0628125,3826.297875,4179.029375,4239.7399375,3985.334125,4197.1950625,3296.6053125,3493.1211875,4083.0964375,3821.317375,4283.1820625,4190.94575,4035.6849375,4181.2123125,4437.897625,4119.8338125,3889.908875,3307.9028125,3320.9615625,3399.9733125,3929.9388125,3465.9580625,3671.345625,3727.7089375,3844.9709375,4038.1028125,3820.313625,3955.408375,3805.8879375,4015.026375,4233.01525,3927.3508125,4147.76825,4520.9503125,4925.99175,4106.11275,4034.932875,4187.1133125,3833.0809375,4251.519375,4318.8465625,4746.58175,3698.5798125,4428.6858125,4183.6058125,4484.025625,4398.3946875,4390.171,4785.079375
1.2831534361773267,733.8919375,816.5575,896.1198125,1705.7388125,1327.712625,1856.125125,2002.027875,2029.7046875,2091.5970625,2455.345125,2429.954125,2268.0666875,2867.82275,2784.341125,2985.6194375,3256.919125,3145.08175,2738.903,2341.239625,2435.2518125,2395.9145,2433.6114375,2176.3828125,2428.229375,2687.1966875,2870.9904375,2923.45775,2508.3669375,2981.5920625,2880.2119375,3137.4378125,3208.926125,2992.4575625,3115.608125,3096.0861875,3389.796375,2968.861625,3421.6253125,3192.6364375,3381.51125,3080.976625,3325.2715625,3609.557375,3559.0735,3548.445375,3016.3415,3148.5953125,3571.0556875,3866.0143125,3809.708375,3968.4825,3973.955625,4003.1421875,3195.94675,2814.950625,3246.21075,3062.72325,3049.3629375,3154.564,3028.28525,3073.78975,3406.3753125,3473.977,3229.774875,3199.42625,3474.7183125,3260.594,3288.4971875,3702.0840625,3379.661,3489.959,3769.7566875,3722.525125,3911.362625,4293.047125,3417.710125,3202.16325,3478.0985625,3190.189875,2877.5915625,3082.9641875,3146.915125,3218.2575,3638.666,3687.41025,3440.5559375,3643.4150625,2690.9021875,2953.770125,3484.7418125,3243.827625,3745.65275,3586.2729375,3485.2185,3596.717,3799.2959375,3640.5005625,3348.6898125,2833.0793125,2787.355125,2867.8475,3404.88,2900.45375,3133.9514375,3220.7895625,3349.4721875,3466.97475,3297.198125,3468.0350625,3257.827,3407.4259375,3565.622,3333.98875,3558.196375,3951.42475,4215.378125,3568.997125,3417.7318125,3604.371375,3283.1020625,3702.0746875,3769.710875,4079.763875,3125.2205,3850.93125,3633.125,3766.249,3782.7735625,3787.9515,4211.57975
1.28722595889941,702.420125,756.1838125,775.9073125,1627.8215625,1202.78225,1703.1243125,1858.868125,1806.5986875,1870.409,2217.5339375,2188.606375,1979.099875,2492.458125,2440.950375,2701.9570625,2912.5898125,2801.5045625,2351.812875,2047.6633125,2148.9395,2110.6811875,2129.729375,1837.178375,2082.3510625,2360.0653125,2523.117875,2615.1741875,2145.601625,2677.276125,2477.94275,2693.706,2868.014875,2601.6358125,2701.0213125,2700.1579375,2985.90275,2635.0315625,3037.8091875,2832.2905625,2982.310375,2636.9599375,2921.5029375,3188.7335,3076.264875,3081.1318125,2598.1088125,2652.1938125,3155.1733125,3420.552625,3353.3335,3558.55575,3481.8364375,3541.0088125,2774.13275,2443.16375,2794.9803125,2695.657875,2589.155875,2793.6959375,2594.8514375,2642.586375,2971.772625,3007.0745625,2778.741,2733.500375,3025.5216875,2867.74575,2842.111375,3295.608875,2890.02325,3079.287125,3284.0995,3229.161,3413.680875,3718.193125,2993.403125,2832.9243125,3018.022625,2758.224125,2528.980875,2653.362625,2692.5451875,2717.5914375,3189.9563125,3234.3375,2993.0973125,3186.489875,2223.818625,2520.341375,2979.024375,2769.09625,3295.91925,3057.3756875,3038.5618125,3089.0999375,3248.7265,3247.6275625,2915.041,2459.194625,2350.41675,2443.0093125,2986.167375,2448.9181875,2686.342375,2835.8129375,2931.5463125,2959.75325,2883.6319375,3066.3415625,2810.5756875,2881.1155,2983.747,2843.1388125,3077.6490625,3460.4486875,3605.8670625,3123.654625,2904.377125,3110.85325,2838.6444375,3248.2138125,3295.0598125,3514.176,2666.883125,3355.2685,3154.8859375,3165.8756875,3265.8651875,3263.0885625,3714.4926875
1.291298481621479,680.342375,686.4975625,679.278125,1534.907,1094.3005,1558.7375625,1749.2400625,1611.474375,1670.7199375,2035.5298125,1985.673,1733.8761875,2137.4345,2113.969375,2450.9560625,2619.5853125,2509.8715625,2017.173375,1784.8758125,1906.317375,1854.4115,1900.4270625,1561.5834375,1795.294,2084.5830625,2209.056375,2350.6599375,1857.2391875,2423.5556875,2143.8426875,2311.467125,2580.91425,2272.6800625,2342.325875,2361.4680625,2648.5479375,2364.984125,2687.3890625,2532.3028125,2638.8995,2251.3625,2575.455375,2846.267,2641.634,2665.8659375,2256.7373125,2227.16325,2806.511375,3000.6126875,2970.597125,3207.5319375,3049.6299375,3136.0194375,2446.6664375,2155.07675,2406.32625,2379.1575,2207.2923125,2499.077875,2255.1555,2274.836125,2615.4615,2598.665625,2435.128625,2362.9918125,2653.78075,2557.5443125,2446.194875,2939.2056875,2474.849375,2739.131625,2879.6446875,2822.26775,2985.8374375,3230.8713125,2648.4725,2508.5158125,2601.878875,2390.1238125,2249.7615625,2297.2361875,2323.057625,2321.3693125,2821.5065,2877.3743125,2633.94,2813.05775,1868.4863125,2182.6869375,2559.772375,2377.543125,2913.6841875,2598.9609375,2678.3895,2646.9379375,2783.149375,2912.3504375,2574.6569375,2156.8615625,2004.786625,2106.40275,2651.396,2086.8881875,2320.82825,2550.83725,2574.0624375,2503.6919375,2559.2736875,2728.2613125,2451.0443125,2439.403,2493.8635,2426.8675625,2683.9593125,3029.8086875,3095.960875,2759.776,2486.8919375,2695.1524375,2471.3035,2873.882625,2879.8508125,3047.8774375,2320.7858125,2928.676625,2723.351625,2682.8198125,2841.3520625,2810.719625,3276.317
1.2953710043435622,675.646625,623.630125,615.8993125,1425.767125,1004.7956875,1411.92775,1657.5564375,1446.7351875,1489.474,1894.961,1813.0278125,1518.8878125,1821.9946875,1799.2984375,2223.264375,2360.5863125,2256.12875,1752.615875,1552.9778125,1691.4829375,1618.007125,1735.869125,1338.0164375,1561.9075,1848.9336875,1919.9680625,2110.4678125,1638.5263125,2203.9923125,1873.6655,1988.490875,2333.1965,2009.4213125,2041.1628125,2069.115625,2370.985,2126.6108125,2361.5375,2270.4699375,2335.95125,1925.668625,2277.84925,2560.064375,2265.6498125,2303.8784375,1982.258,1873.682375,2516.0125,2612.782125,2639.6551875,2907.5180625,2667.18,2774.192,2185.021625,1921.599875,2077.4159375,2094.7060625,1888.258875,2248.2488125,1992.2944375,1948.879,2319.8771875,2251.7453125,2177.4586875,2064.1151875,2345.2710625,2317.98825,2097.3708125,2622.02875,2126.1844375,2446.1905625,2543.01225,2486.381375,2622.5730625,2824.3179375,2376.284,2220.4565625,2236.529125,2079.2679375,2024.475625,2008.7076875,2041.1384375,2014.8248125,2519.4976875,2602.3443125,2348.8279375,2509.73,1593.7589375,1935.1529375,2222.49725,2048.3425625,2585.042625,2208.8176875,2396.925875,2267.2720625,2390.86625,2622.8464375,2312.8585625,1900.91775,1739.1354375,1840.8496875,2378.2574375,1789.641375,2027.6685625,2339.7355,2266.746625,2103.4215625,2302.633625,2435.4221875,2162.4508125,2088.506125,2094.8465,2066.008875,2351.095,2647.3726875,2679.8261875,2465.8225,2158.5938125,2344.6393125,2158.8691875,2557.4148125,2517.892375,2671.8090625,2058.3273125,2563.834875,2330.9834375,2309.1096875,2500.534,2427.25225,2882.911125
1.2994435270656313,696.3164375,577.7059375,588.55825,1309.202375,931.5753125,1257.0858125,1566.43175,1312.560375,1328.489375,1779.7001875,1665.5095,1320.837125,1570.436875,1502.7064375,2016.7013125,2123.126625,2037.76625,1562.3951875,1359.623875,1494.863125,1400.91275,1604.6069375,1159.1618125,1374.319,1645.35025,1656.738125,1887.007625,1477.8530625,2006.7164375,1651.078375,1719.7273125,2108.9644375,1811.039375,1796.7600625,1819.2679375,2151.3776875,1898.21425,2066.7789375,2034.9266875,2068.97925,1658.087125,2021.338875,2316.5895625,1959.8953125,2003.6735,1773.6923125,1590.081,2271.3036875,2274.9878125,2339.40075,2652.141125,2325.2275625,2455.057375,1970.254625,1728.029,1806.054,1832.388375,1625.4248125,2034.776,1785.349125,1657.2213125,2063.691625,1967.8831875,1984.305625,1811.176375,2095.5208125,2129.670125,1800.8465,2335.2736875,1832.7479375,2189.6475625,2261.6711875,2206.6105625,2318.7141875,2485.0669375,2162.5666875,1971.9705625,1929.8589375,1821.47975,1848.0855625,1781.4823125,1844.602875,1782.2875625,2267.3750625,2384.6851875,2121.38675,2264.1221875,1380.4284375,1765.9030625,1954.1655,1768.890375,2304.1410625,1885.5316875,2187.0659375,1948.071875,2057.771875,2371.856125,2111.7026875,1676.63375,1532.450375,1633.2093125,2142.5211875,1536.778625,1789.4026875,2173.0773125,2003.7635,1770.9340625,2087.244375,2176.5295,1928.3343125,1821.5960625,1774.92,1758.5763125,2059.2700625,2311.740125,2346.0345,2225.521875,1912.265375,2051.960375,1890.651875,2274.7170625,2206.265125,2372.195875,1843.3123125,2259.6658125,1986.2244375,2021.2569375,2228.2134375,2105.879875,2522.6715
1.3035160497877145,741.767375,548.5235,592.62925,1196.8871875,866.576875,1097.91275,1471.09475,1203.173125,1188.976125,1676.6339375,1541.0369375,1131.1835625,1391.124875,1235.846625,1836.6549375,1906.54725,1859.3655,1433.7104375,1207.433375,1311.958375,1212.4904375,1473.8200625,1018.005375,1223.720375,1466.2944375,1429.4449375,1687.5903125,1362.33475,1835.984625,1463.6831875,1501.7219375,1899.8671875,1667.2311875,1600.3033125,1612.93675,1986.8348125,1679.2605625,1814.5069375,1828.0243125,1836.7908125,1438.690875,1798.16125,2111.483625,1720.105125,1764.9250625,1630.7828125,1372.2353125,2056.2168125,1999.2315,2058.0424375,2431.3730625,2028.7370625,2184.167625,1795.3861875,1569.6988125,1583.7470625,1589.450375,1417.0346875,1860.4569375,1618.632125,1404.697625,1833.9446875,1744.6636875,1835.532625,1586.07475,1906.249875,1968.7558125,1563.4645625,2070.3755,1589.5413125,1966.0879375,2022.222125,1971.095875,2066.9569375,2200.4105,1990.4059375,1764.555875,1685.4534375,1612.4735625,1716.9756875,1607.206125,1724.6916875,1614.028875,2053.8760625,2194.410375,1937.2076875,2060.1425625,1220.227625,1653.4546875,1732.6328125,1538.00025,2069.0350625,1622.5023125,2032.491375,1688.5039375,1776.31325,2148.6309375,1947.8125625,1479.31775,1362.4911875,1477.3118125,1924.7404375,1315.72975,1585.6594375,2025.799375,1779.3166875,1509.153875,1892.94575,1948.732375,1735.0813125,1619.94575,1519.285,1516.03525,1798.9893125,2033.960125,2076.06225,2020.589375,1731.359125,1817.992875,1665.7046875,2011.413,1939.112625,2131.232375,1659.19925,2012.7128125,1698.1590625,1786.606125,2005.168375,1836.981625,2192.8014375
1.3075885725097836,802.187625,528.91625,614.6070625,1092.909,800.3680625,943.1803125,1382.24975,1111.2605,1070.3985,1577.3403125,1440.61575,948.5445625,1270.1421875,1011.641875,1688.52575,1720.49975,1721.5953125,1346.3905625,1084.598,1141.9009375,1062.929625,1333.5243125,907.9624375,1103.201,1302.7829375,1249.941,1523.70925,1281.86925,1698.2954375,1312.6663125,1332.1780625,1709.4560625,1565.4034375,1439.2861875,1447.7631875,1863.2169375,1485.927,1605.6995625,1661.8490625,1636.5791875,1256.508125,1600.1545625,1938.154875,1526.9258125,1576.7114375,1545.605875,1215.445875,1855.999,1780.455,1796.8085,2233.845,1787.6459375,1964.74525,1651.766375,1438.7806875,1398.0570625,1368.1855,1257.3984375,1725.8186875,1484.8436875,1203.665125,1634.929625,1578.8805625,1709.80675,1387.0979375,1773.707,1819.067,1386.2815,1829.79425,1394.50825,1779.114875,1812.547375,1769.6934375,1858.482375,1962.547625,1849.952375,1595.531125,1499.5341875,1445.3428125,1620.2110625,1475.377125,1661.5575,1502.5316875,1874.1810625,2009.3295,1783.63475,1883.403875,1105.65175,1576.638,1537.4010625,1358.408375,1873.5365,1408.33725,1908.5646875,1489.7344375,1548.679875,1944.4314375,1800.7065,1312.739625,1217.3865625,1368.54525,1719.0525,1124.5411875,1406.8494375,1884.816,1583.948375,1308.900875,1713.842875,1755.8919375,1569.727375,1467.59625,1315.7546875,1349.519375,1568.90275,1823.9351875,1850.889125,1838.1110625,1586.4379375,1639.6721875,1488.9505,1771.276625,1711.326125,1928.4626875,1506.9896875,1809.281875,1463.811625,1578.3739375,1811.8279375,1609.6655625,1898.039625
1.3116610952318668,866.53325,515.2924375,636.0291875,993.824875,730.5025625,800.498625,1311.9495625,1033.9348125,971.9668125,1478.115125,1364.4735625,783.5835625,1185.0780625,838.5563125,1568.2271875,1574.1601875,1612.7341875,1281.160875,972.7421875,988.336125,948.4785,1194.0034375,825.74025,1005.278375,1148.0616875,1120.499875,1394.6404375,1226.7785625,1585.6149375,1200.098875,1205.851125,1547.5075,1494.1210625,1303.1160625,1318.5243125,1763.518125,1332.369375,1430.315625,1541.6089375,1464.715875,1102.314,1420.3504375,1783.4429375,1359.2888125,1423.8036875,1501.884375,1113.398875,1663.3685625,1603.707125,1567.6563125,2052.4044375,1598.9785625,1795.24925,1523.0284375,1321.922125,1238.727,1172.11475,1136.1761875,1622.3329375,1377.4469375,1060.5729375,1479.4521875,1464.7401875,1592.26475,1224.4345625,1682.6641875,1678.1953125,1260.5605,1626.186875,1236.8508125,1636.551,1622.102875,1591.294125,1685.2848125,1767.34,1736.857625,1459.3545,1358.9203125,1312.7079375,1541.15275,1372.2219375,1627.2656875,1437.7183125,1723.8751875,1824.2464375,1650.3459375,1728.4276875,1027.3865625,1523.8256875,1363.7521875,1228.251125,1704.6874375,1233.2664375,1790.252875,1348.09975,1375.6020625,1754.6130625,1661.707625,1180.7828125,1095.24475,1294.1831875,1527.6360625,965.433,1253.98075,1746.749625,1409.6586875,1153.9066875,1552.09225,1601.6389375,1426.4138125,1353.6570625,1158.4178125,1258.146375,1375.1108125,1675.8748125,1659.2780625,1673.198625,1451.7563125,1503.1773125,1362.9511875,1568.0028125,1520.77975,1749.0340625,1384.6416875,1631.5185625,1273.30625,1384.5094375,1629.7044375,1419.8385,1646.5845
1.31573361795395,929.69075,509.164,643.51675,899.16425,666.2026875,672.248625,1262.135875,966.6196875,889.385375,1382.7520625,1309.116,657.1934375,1122.92,714.6424375,1462.2619375,1465.0585625,1517.9619375,1223.6753125,861.33275,854.5358125,855.30075,1066.1605,768.886125,921.3765625,1004.322625,1026.3714375,1289.425375,1183.72325,1482.7555625,1117.9796875,1111.3625625,1420.88325,1438.9991875,1185.394875,1224.0578125,1680.2445625,1214.0210625,1280.8481875,1456.1935,1322.3451875,970.011625,1254.292125,1636.43975,1202.9665625,1293.047,1483.519875,1054.2614375,1474.2278125,1460.428875,1385.1650625,1886.001625,1448.6285,1670.825375,1393.8018125,1209.4505,1099.097125,1001.940125,1043.3414375,1528.452375,1282.87625,965.507,1367.409875,1389.14875,1481.7833125,1104.8378125,1612.951125,1550.6073125,1172.492625,1468.5050625,1103.08725,1536.1681875,1443.2736875,1424.277125,1538.3245,1608.0720625,1643.294625,1347.541875,1247.4284375,1211.693625,1464.511875,1287.13125,1598.193625,1404.98025,1598.1324375,1644.7243125,1533.1625,1595.0896875,974.1674375,1490.1645625,1220.4963125,1142.3378125,1548.5733125,1091.81,1663.5751875,1252.17725,1248.5535625,1575.6203125,1530.323125,1075.90075,997.45875,1236.1441875,1352.527875,833.012625,1130.0536875,1611.283375,1256.2413125,1024.760125,1410.9285,1485.0055,1311.721125,1263.3583125,1046.500875,1224.821625,1225.6243125,1568.2035625,1496.8895625,1530.738,1318.193,1388.9445625,1282.178375,1410.154875,1358.866375,1590.19125,1280.5814375,1470.14275,1123.35375,1205.0581875,1444.274875,1269.8638125,1443.4523125
1.319806140676019,992.75825,507.9396875,631.9026875,815.6009375,622.2386875,556.5495,1223.670875,897.8638125,815.0751875,1301.1663125,1268.59375,583.1664375,1081.034625,632.93825,1357.3808125,1378.283,1434.9308125,1166.5645625,751.7161875,733.2405625,773.1934375,950.4075,730.181875,847.2120625,884.7508125,944.44775,1201.5291875,1140.129375,1380.3484375,1052.0939375,1036.393125,1327.476875,1383.6878125,1085.660375,1167.255,1609.1854375,1112.9024375,1155.945875,1388.940625,1215.704625,858.39725,1101.4725,1495.7029375,1052.0488125,1179.180875,1478.030875,1021.8941875,1289.4351875,1348.3528125,1256.7914375,1734.777875,1324.8129375,1580.862875,1262.18575,1103.2325,974.893125,862.591,972.5838125,1415.8004375,1190.0420625,897.0274375,1280.5444375,1331.892625,1382.86825,1022.8058125,1552.25125,1439.1266875,1107.794,1352.133875,989.85225,1462.5170625,1275.6128125,1261.27075,1408.3420625,1472.0268125,1556.9045,1251.715625,1157.010875,1143.47525,1379.0405,1216.458,1560.6275,1384.40675,1494.32325,1477.876125,1431.5176875,1483.0834375,932.6013125,1467.8328125,1113.7910625,1095.5136875,1398.333375,976.749625,1532.1115,1189.056,1158.8603125,1409.5674375,1404.11625,980.2291875,924.53075,1177.2336875,1194.9605625,716.822625,1036.6938125,1477.5173125,1128.5530625,908.6380625,1294.2884375,1399.584375,1234.8273125,1182.328125,975.3623125,1225.185625,1118.3675625,1473.371875,1358.6533125,1421.8486875,1188.7601875,1278.86375,1236.3886875,1294.5355,1212.5888125,1456.97175,1184.3865625,1326.77975,1020.6538125,1045.40275,1254.9584375,1158.402,1285.335875
1.3238786633981023,1056.044875,501.5920625,602.784375,749.325,606.516,455.8968125,1180.519875,820.9215625,745.898125,1240.2114375,1234.5731875,554.92175,1053.7254375,592.1335625,1248.8279375,1295.4315625,1371.906125,1109.429125,651.6194375,613.0636875,699.9630625,839.74425,702.4571875,786.68375,803.918,860.1085,1131.5386875,1094.260875,1276.2438125,993.3059375,972.559625,1255.6035625,1318.723875,1004.29375,1146.085875,1541.658625,1018.524875,1052.22375,1325.6479375,1145.2395625,772.5271875,966.6386875,1363.1295,909.41575,1083.08625,1471.804125,999.3850625,1123.77425,1262.392,1177.493375,1596.9060625,1224.776375,1508.04975,1139.45725,1014.853125,865.6638125,765.035,920.5399375,1269.5745,1101.8045625,839.414125,1200.538375,1271.0623125,1295.575375,963.93825,1498.776375,1344.6460625,1054.548125,1259.7791875,899.5130625,1397.919875,1124.757125,1100.4963125,1290.2883125,1345.550625,1467.8206875,1168.823375,1088.1415,1104.9800625,1282.135,1156.9371875,1508.23725,1356.18325,1411.79775,1334.87775,1345.0725625,1391.22175,892.6565625,1445.3448125,1040.95325,1079.380625,1258.433875,873.4486875,1409.609,1148.662625,1099.3414375,1266.5621875,1278.8085625,881.2335,874.2179375,1106.18975,1056.988125,613.9246875,968.8368125,1345.6745,1028.9298125,808.2026875,1205.8094375,1331.721,1192.6375,1104.9343125,933.5435,1239.82175,1038.23675,1369.8553125,1233.875625,1351.19725,1070.4259375,1164.2625625,1213.92375,1206.2114375,1079.867875,1353.1005,1095.875375,1201.54175,969.752,909.3940625,1081.280875,1077.8776875,1164.2303125
1.3279511861201714,1115.9459375,480.2743125,564.327,699.766375,616.6784375,380.014875,1118.4354375,743.181875,685.021,1196.0239375,1198.248375,549.313,1027.5938125,594.6146875,1143.759,1204.388875,1332.9596875,1055.2555625,567.9854375,498.42525,639.0495,731.38225,687.6855625,747.9685625,765.668625,773.546,1076.9728125,1053.47575,1173.7435625,944.4575,911.4819375,1191.850875,1245.1235,936.8699375,1143.923375,1471.27625,936.3568125,963.751375,1251.4614375,1100.6786875,722.4645,855.134125,1235.3975625,783.906875,1006.28725,1450.8456875,970.0688125,997.8661875,1196.4618125,1130.7208125,1470.830875,1149.0183125,1434.0018125,1036.326625,953.2498125,774.50825,712.3655625,883.4103125,1105.0350625,1024.7089375,794.4899375,1119.916375,1192.2674375,1216.0738125,919.0299375,1449.1998125,1263.3404375,1007.9805625,1173.8120625,828.20825,1328.4825625,995.885875,943.9848125,1183.8058125,1220.36775,1372.2248125,1097.9901875,1040.3539375,1085.9279375,1185.381625,1103.15875,1442.9624375,1309.6251875,1349.143375,1231.6931875,1272.3723125,1315.4239375,851.76025,1414.0609375,990.0950625,1078.043125,1138.5664375,768.3953125,1305.9703125,1122.8119375,1056.8534375,1151.2228125,1159.577875,781.972125,840.72825,1021.4783125,943.050625,528.71,912.3900625,1221.1798125,952.423875,733.63075,1147.592625,1264.3100625,1167.7628125,1029.715375,911.1316875,1255.381,969.196875,1248.76875,1109.28425,1308.82525,967.0056875,1052.612,1203.0306875,1125.8299375,971.6636875,1277.496875,1020.0009375,1088.033875,960.42325,796.8085,949.0523125,1016.277375,1073.1105
1.3320237088422546,1166.19025,442.7225625,527.851875,663.349125,643.8395625,334.9725,1036.7125,677.86075,635.0965,1158.5291875,1154.0744375,540.969625,994.4079375,636.662625,1059.6468125,1105.278875,1308.515375,1004.1933125,507.201625,411.114,597.7715625,632.0739375,688.29725,735.429375,761.0748125,694.45475,1026.4159375,1024.1749375,1078.1976875,910.8945625,845.197625,1128.984125,1166.9589375,876.791875,1132.5358125,1399.8323125,872.6550625,888.940125,1157.96325,1068.925625,712.13425,766.1768125,1109.312375,682.69275,949.5276875,1408.393125,921.2386875,921.0676875,1147.0576875,1098.7753125,1356.791,1090.95625,1347.334,954.0385625,916.477625,703.17475,693.0631875,858.9775625,956.511875,956.2236875,772.6033125,1039.39125,1095.321625,1138.0206875,890.6455,1393.1816875,1182.53075,969.4276875,1089.887875,767.2586875,1245.065875,890.24875,798.187375,1094.987375,1096.855,1268.9894375,1034.20675,1009.42875,1074.4770625,1108.583875,1050.418,1373.4935625,1246.1909375,1298.044625,1178.86425,1209.4255625,1245.452875,813.3935,1370.7918125,943.0481875,1074.029125,1043.774125,661.4558125,1221.352625,1101.2680625,1015.6464375,1054.6939375,1061.1428125,692.9685625,817.7749375,929.63825,858.392125,461.69175,853.0265625,1110.9585625,885.9684375,684.3010625,1118.844125,1187.75075,1144.494125,957.657625,903.695875,1263.3725,906.2260625,1114.1349375,980.07975,1273.6933125,877.98975,961.0866875,1195.3839375,1044.498,892.6596875,1226.0134375,957.8489375,980.9103125,971.0891875,705.2620625,867.3065,961.5600625,1007.45325
1.3360962315643237,1198.5510625,391.69175,498.68375,638.232875,676.210875,312.889,947.2463125,632.0070625,595.889375,1123.8371875,1099.526625,519.9178125,956.1248125,708.6999375,1013.106375,1007.234375,1283.483625,950.1860625,477.058375,370.4165625,582.875375,553.94825,694.96625,744.2251875,772.1560625,633.015875,967.2395,1007.5416875,994.45075,889.037375,772.47225,1069.62375,1087.4095625,822.1708125,1093.386625,1327.4166875,820.2330625,828.7973125,1053.8860625,1042.702,729.8513125,695.5018125,993.564125,604.1066875,914.361,1346.777125,851.8184375,887.67525,1110.8010625,1071.7339375,1257.3161875,1039.412375,1251.0419375,889.7028125,898.2739375,645.905875,688.3473125,851.7493125,850.06675,890.1454375,773.8159375,963.6316875,993.39375,1050.981875,879.5473125,1320.8919375,1090.2915625,940.7788125,1014.311625,713.011125,1148.28675,807.0545625,673.169625,1033.755625,980.3575,1157.8741875,974.6915,990.671875,1061.5786875,1061.767625,994.319125,1308.6143125,1173.3455625,1245.376875,1172.5983125,1153.2299375,1168.7348125,784.128125,1316.885625,890.5823125,1059.7354375,972.52425,567.6639375,1152.274625,1070.8498125,966.276125,967.5831875,991.5945625,620.72275,807.471375,841.52625,804.7550625,404.7260625,787.06375,1015.9458125,816.0865,648.3535,1111.732625,1107.0158125,1119.2925,895.5214375,908.9620625,1262.430875,851.09,975.8871875,859.004375,1228.4599375,805.7724375,899.6161875,1187.142,969.5356875,830.6345,1191.486,906.9488125,881.017375,980.2490625,628.2954375,824.381,909.7035,963.8408125
1.340168754286407,1203.61575,326.595,472.6194375,619.9186875,705.939625,294.8820625,860.51575,602.860125,571.3130625,1097.7556875,1034.415,492.2405625,915.1005625,800.198,1004.794875,915.431875,1248.2308125,885.48125,477.3395625,378.6299375,589.780375,505.9586875,694.5314375,760.5125625,775.3790625,591.567875,896.4646875,1000.974875,926.5915,869.825625,700.0468125,1021.7661875,1010.640625,777.0928125,1031.709375,1247.4863125,767.214,779.78525,955.8216875,1018.8376875,757.835875,644.600125,905.815125,538.93475,901.8005625,1274.9594375,775.7948125,882.274625,1084.9065625,1042.5758125,1174.868125,989.7065625,1159.174875,840.04325,893.0336875,591.689625,681.812875,865.7705625,788.7426875,827.22425,781.5910625,897.67925,905.9990625,947.686875,873.3434375,1232.6515625,985.861,918.4014375,948.6704375,667.2271875,1049.3466875,747.2101875,580.389,999.4694375,873.2843125,1040.3628125,924.9345,978.6874375,1044.5401875,1035.8956875,932.235,1250.494875,1097.17625,1184.2005,1198.4145,1104.17025,1077.7625625,767.6345625,1259.5845,837.859625,1038.9695625,920.7435625,508.0901875,1099.8446875,1025.10275,908.0090625,893.19625,943.6973125,569.048625,819.9993125,767.9445,780.4103125,348.91675,722.55375,930.3966875,739.255375,615.8864375,1114.832375,1038.69425,1095.56875,849.02625,926.020125,1257.414625,801.5015625,842.387,769.2658125,1173.252375,756.3615,864.649625,1175.5199375,913.8468125,768.6736875,1167.093375,864.648,791.931,974.25225,556.712375,805.1970625,862.609,939.273
1.344241277008476,1176.6241875,251.12025,445.664375,599.45,733.290625,267.389,777.9763125,583.0059375,568.6603125,1085.865,961.2665625,463.72875,870.3410625,894.52425,1017.746,829.933375,1198.1505,809.195375,496.561375,422.3633125,604.88375,485.17625,683.5138125,769.1645,751.136875,566.6554375,818.909375,1002.1034375,874.9068125,845.685125,639.2955625,988.8081875,942.662625,744.5563125,966.212125,1158.47325,712.92775,738.6813125,872.7694375,989.277625,785.587125,621.1875625,857.166625,482.054875,908.791125,1202.280125,716.3480625,887.9950625,1068.028375,1001.5373125,1109.4348125,948.3086875,1084.602625,796.1235,890.9303125,534.045625,666.8045625,894.7346875,759.834875,774.7434375,774.2948125,845.9335,849.131875,834.007375,854.903375,1140.2114375,876.047,892.3881875,890.0798125,630.596375,962.5976875,714.2450625,528.5908125,974.9855625,776.333125,924.595125,892.076125,967.138,1029.626875,1016.6904375,867.82925,1194.6106875,1022.5984375,1117.0583125,1239.4946875,1059.9788125,973.30925,760.0985625,1212.14975,791.62975,1019.7113125,886.0921875,495.11525,1070.0644375,972.057125,848.038875,846.181875,907.922,544.1024375,861.494625,715.9245,784.119,291.0684375,672.398,846.8284375,663.93225,581.602625,1118.224375,996.4323125,1078.7263125,814.7575,951.512,1251.1754375,750.938875,722.832,725.0519375,1122.994,729.9408125,845.4480625,1155.92675,883.92725,703.430875,1150.2283125,830.0208125,711.481875,949.7823125,487.143625,801.29675,822.7249375,929.64575
1.3483137997305592,1122.3941875,182.48275,422.9994375,571.5353125,755.5116875,235.5600625,698.61625,567.5075625,591.4459375,1083.6085,883.92325,432.391625,821.073375,971.002625,1031.0003125,753.5530625,1132.796625,729.6019375,524.0345625,482.008125,621.7485,481.9103125,668.2215625,763.1858125,699.1350625,557.0811875,740.4613125,1010.403,834.7920625,814.1103125,598.2780625,968.327,888.88175,724.77675,914.393,1069.455375,668.095375,710.058875,809.96075,947.974,812.55775,625.579,846.0401875,440.6710625,927.188125,1132.675,693.603,896.64525,1059.9385625,944.0913125,1060.009625,928.371,1035.70575,745.83975,878.5250625,475.7623125,650.3916875,927.9945625,749.9775,739.9168125,741.181125,809.682875,825.6031875,728.3613125,818.519125,1055.7085625,767.2155625,854.335875,843.9889375,604.5129375,898.4549375,707.1615625,520.218375,939.328375,694.6976875,828.72825,881.588875,949.52175,1029.2288125,998.3939375,809.055875,1136.5,956.038375,1053.0618125,1282.1110625,1016.2313125,862.8078125,756.4908125,1181.567375,756.536,1007.450875,868.58975,527.7210625,1066.5090625,925.7895625,796.5745,836.48475,885.2205625,549.6963125,924.5888125,686.1143125,812.7724375,232.9999375,648.8255625,761.6738125,603.602375,544.9671875,1112.4319375,978.8474375,1070.6178125,783.8251875,976.2060625,1241.5001875,698.4118125,630.7065625,716.9964375,1091.7398125,721.721375,829.6521875,1123.9029375,875.597375,648.3874375,1140.0054375,806.05375,633.67625,911.249125,424.461125,806.47,791.7495625,930.00125
1.3523863224526425,1052.9764375,143.9003125,413.4279375,543.815875,759.326,215.9238125,625.058125,558.363375,635.275,1081.174375,809.7251875,395.719625,770.0488125,1019.0463125,1033.5745625,689.249625,1059.411625,657.1605,556.292875,541.0485625,645.971,494.0173125,655.91025,747.055625,638.745125,560.960375,665.860625,1024.133375,803.4483125,776.13775,576.4175625,958.81225,850.9,721.3971875,884.108875,992.6960625,645.6785625,702.8956875,775.329625,904.7435,843.127375,642.7553125,863.353625,427.1550625,945.198,1068.71025,713.481875,907.2044375,1060.086375,878.580375,1022.5115,936.8976875,1017.0353125,688.8190625,850.145625,425.4185,644.3691875,961.3514375,752.468625,725.4705,692.63775,785.9586875,821.4376875,649.7123125,771.788375,981.8866875,665.2625625,804.976,821.8476875,594.6165,860.9210625,716.26525,551.3828125,883.545875,633.53,773.408,896.57425,920.7890625,1054.7533125,980.340375,763.3938125,1074.31425,906.0673125,999.607625,1316.7264375,975.6639375,757.587125,758.1749375,1157.798875,739.2885625,1000.7764375,865.6015,596.059125,1081.4680625,894.046625,761.3675625,853.0786875,881.682625,579.94325,990.5361875,671.41875,856.1670625,186.02575,659.1320625,680.424125,565.058125,512.9585625,1092.4180625,974.9115,1068.0113125,752.108625,990.841,1226.0281875,655.217625,577.81275,721.1000625,1079.1943125,729.79575,808.2804375,1081.5909375,874.965625,619.7066875,1135.2545,798.845375,560.564,866.83975,375.8143125,814.603625,767.0355,937.3945625
1.3564588451747115,982.396625,146.942625,417.3123125,532.338375,733.965625,217.5268125,559.6511875,565.737125,684.37375,1076.670875,749.95325,356.9630625,719.800625,1041.2280625,1028.2606875,638.8278125,990.8516875,594.28525,589.3814375,591.566875,684.02525,526.4716875,651.1591875,731.2393125,589.652375,569.4355,600.14575,1039.69875,780.1493125,733.336625,568.677625,960.5439375,829.115,736.6963125,868.6299375,935.377375,653.180625,721.554125,776.97125,879.459625,878.987875,649.6196875,900.93875,449.6576875,951.8763125,1016.919,767.271375,914.0009375,1064.2313125,819.385,989.698,965.363375,1022.5090625,643.6431875,815.5154375,390.8270625,652.0608125,996.0685,767.1734375,727.4575625,652.54025,773.0475,815.7416875,606.908375,726.0886875,920.05475,580.7725,754.266,827.8285,602.8429375,847.6645,726.8639375,611.5194375,814.856875,589.7159375,764.0630625,930.2010625,884.676375,1111.833125,963.98475,735.8239375,1011.5195,878.70875,955.4515625,1334.855625,947.771,670.5804375,770.185,1124.527375,740.5971875,992.0494375,869.6436875,681.9376875,1095.7916875,874.1379375,746.7355625,872.45125,898.8708125,623.0325625,1044.466375,664.0445,901.8209375,168.956125,700.928875,619.8310625,545.214125,492.91675,1065.5956875,975.90125,1070.4739375,725.7718125,990.011,1203.1195625,636.7420625,566.636125,720.6586875,1073.9706875,752.942875,783.095375,1038.0333125,867.8385625,623.2599375,1133.26225,810.870375,505.3759375,824.17925,345.454875,817.810375,741.8348125,947.772
1.3605313678967947,921.957125,183.041125,423.4878125,542.82975,681.5355,235.389375,499.941875,601.7680625,722.5745,1076.8541875,714.700125,319.975125,670.1776875,1043.5923125,1023.2579375,607.339375,935.919875,536.3235625,614.7223125,629.352375,731.1105625,578.8033125,657.3496875,723.7628125,559.622125,576.3340625,550.1880625,1052.499125,758.509375,692.309,570.177875,971.6671875,823.387375,763.1165625,851.3763125,896.8613125,685.113125,759.2739375,819.024625,883.622,917.8195625,629.873,956.6155625,506.0695,941.5384375,983.8161875,838.8906875,906.9743125,1064.735625,776.8325,961.82025,995.056125,1038.23425,633.81375,792.1479375,377.3605625,672.3716875,1027.4564375,796.9065,734.8275,634.9631875,772.9305,799.2775625,599.6149375,692.5700625,879.735375,527.5455625,715.04575,856.0621875,621.0360625,848.8793125,725.969625,684.2899375,748.0746875,557.152375,781.631375,964.214375,854.451,1196.9079375,956.7855625,726.753125,959.2604375,867.8650625,920.0973125,1331.1433125,938.426875,612.2445625,796.0243125,1075.5465,748.915625,976.5786875,877.7325625,765.597125,1094.013875,860.512125,748.646875,883.4615,930.897,668.6966875,1083.566875,662.3306875,941.4145,194.587875,762.9468125,596.515125,539.2633125,483.7875625,1046.61225,982.144,1081.4493125,717.1179375,973.60325,1173.5213125,647.3215625,590.6375,714.671125,1066.732125,789.131375,764.864875,1003.023875,853.77725,653.122625,1130.226125,835.4835,482.258,783.398875,337.741,807.31825,711.4255,955.0068125
1.3646038906188638,877.7639375,231.1625625,416.21625,563.2629375,612.8065,259.4166875,445.564625,665.555875,749.3589375,1084.802375,707.7784375,284.196625,625.92875,1029.8780625,1017.3365625,601.0675,890.976625,482.84625,624.678125,648.3885625,773.0144375,642.1921875,677.6853125,727.0894375,547.2450625,588.566625,520.6955,1058.329,732.9896875,664.709,576.7748125,989.082125,827.244375,789.4786875,819.7465,872.3183125,725.715125,802.8173125,894.9653125,909.36825,956.4405625,587.92325,1028.1366875,581.85375,912.9958125,968.7648125,910.1540625,884.4016875,1057.565875,752.716375,950.395375,1011.7410625,1055.476875,668.3,793.07625,389.401875,705.4149375,1043.503625,841.3736875,738.89225,636.0233125,789.5555625,781.015,621.8809375,680.444375,870.077375,514.184875,696.56175,896.7955,640.2715,850.89925,713.8618125,757.282375,697.23725,537.3509375,799.895625,982.68725,838.578875,1295.580875,970.99375,731.1316875,928.704625,859.423375,900.6605625,1307.6901875,945.3565625,586.1381875,835.0624375,1017.2468125,749.0623125,957.0204375,893.48025,837.8316875,1076.356125,854.8190625,756.518625,893.14675,966.6979375,707.0928125,1110.3923125,666.708875,969.5373125,263.677875,833.128625,610.0464375,547.5755625,478.7041875,1042.9135625,999.5255,1098.0768125,731.304125,951.1488125,1142.563125,677.5145625,638.548125,711.1093125,1056.3928125,837.300375,760.9250625,983.13825,843.777125,693.22925,1124.877625,864.6841875,494.99625,743.5845,360.1058125,782.3885,679.16775,956.198875
1.368676413340947,849.3770625,274.7835625,386.7353125,578.003125,542.0648125,282.5645625,404.4420625,739.2589375,774.9345,1092.249,724.85925,249.1145625,595.422,999.5725,999.1698125,620.143,843.7009375,439.9428125,619.987,648.9290625,797.86175,703.4903125,715.0206875,738.6610625,543.79975,614.346,512.7506875,1053.099625,709.7441875,654.551625,586.719875,1008.2605,829.245125,810.0025625,775.618375,855.66875,759.183875,845.5785625,982.5458125,936.7148125,986.89075,547.5224375,1105.2984375,659.5665,869.05025,963.297625,964.375375,859.91425,1048.419125,741.68425,964.5296875,1015.35325,1072.5428125,731.9018125,821.9266875,428.64675,746.7105,1037.7465,895.137625,738.9445,648.274625,826.515875,773.371375,662.663875,690.46725,889.2623125,538.3461875,700.255375,938.90975,657.8830625,848.7535625,705.5825625,831.152375,673.0136875,533.8321875,808.0905,985.997125,831.9893125,1387.988125,1012.2778125,743.2801875,921.842,846.9450625,904.941125,1272.4000625,963.69325,586.6780625,881.3210625,961.405875,735.5440625,937.926875,915.953125,896.3961875,1052.4459375,860.0136875,764.41075,913.53125,996.4521875,728.2755625,1127.937625,674.58025,982.3006875,367.871625,901.9465625,646.3585,570.964875,470.316375,1049.4773125,1027.569,1107.630875,758.650375,937.3835,1119.8018125,712.237875,697.557125,717.6260625,1048.582125,891.9993125,767.814375,982.2993125,843.4340625,722.2678125,1118.1431875,896.664625,536.2506875,714.05625,413.78275,753.9140625,655.338875,949.5806875
1.372748936063016,830.3573125,312.5540625,338.77175,585.166625,484.639,300.6674375,385.1445625,799.755,800.718375,1086.7664375,759.017625,216.9024375,580.146875,952.22425,962.055625,657.894625,784.4263125,415.717,611.2906875,639.5964375,801.60775,749.9100625,767.0856875,753.6093125,538.65425,652.26475,525.701,1034.241375,696.1778125,654.825625,601.9144375,1020.585125,825.8194375,825.0109375,733.1745625,839.575,774.4163125,891.8703125,1052.4568125,951.482375,996.7068125,532.2893125,1175.712125,729.0945,818.539625,957.61425,992.7929375,856.420375,1042.1585625,736.8343125,997.42875,1016.660625,1088.2554375,796.0350625,871.795,490.48225,786.548,1016.2605625,951.2781875,732.5968125,669.6450625,880.349,777.5079375,710.19875,714.0688125,925.97825,585.497375,719.9553125,971.152375,675.127375,848.459625,715.899375,911.2646875,677.465,543.827875,810.04125,984.301875,826.7993125,1454.77925,1073.5158125,764.620875,931.5639375,832.6396875,932.9569375,1234.3079375,988.2090625,602.31275,925.66875,920.2500625,717.9165,922.67525,935.3724375,939.0891875,1028.9646875,867.98075,775.4081875,950.4935,1012.921,729.617625,1137.2295,682.877875,979.2110625,491.4353125,958.92775,691.8834375,604.197125,453.7983125,1059.7160625,1052.4498125,1097.9215625,785.6133125,935.839,1115.2419375,734.732,758.6548125,734.8835625,1049.6689375,940.38225,773.6750625,1000.8855,849.245,726.706625,1107.2163125,932.1399375,594.776625,704.5395625,486.9825,735.8603125,645.907,931.5661875
1.3768214587850993,811.9058125,354.8263125,282.3535625,594.3855,449.0219375,309.6260625,389.2639375,832.6966875,812.705875,1064.608625,800.7175625,189.4344375,573.8025,895.7759375,910.666625,703.9426875,711.83725,413.3374375,605.7995625,623.2390625,786.6356875,773.66175,822.703875,766.529375,531.975375,696.26225,556.9473125,1003.8870625,683.83375,657.8075,623.5653125,1018.018125,825.1468125,835.5925625,706.51275,820.3599375,769.493875,945.536875,1088.546125,952.7690625,978.441375,544.6364375,1235.693375,784.472,774.0779375,947.539125,996.460625,885.6009375,1031.85975,734.56375,1031.3403125,1027.5325625,1099.1001875,842.86975,926.396375,560.504,815.14275,992.3286875,1003.1165,715.4838125,697.2083125,935.4574375,786.1568125,762.5728125,743.4055,966.7745625,632.1135,746.0190625,983.727375,693.098125,851.276,746.2335,995.02425,702.4235,564.66375,807.6433125,978.32975,823.3705,1478.425,1142.0728125,802.3219375,947.7020625,818.84475,975.6999375,1197.3205,1013.0590625,624.3189375,960.2200625,901.363375,713.2940625,912.8835,940.8645625,970.5945625,1003.00725,863.566,795.0835625,997.4439375,1007.3113125,717.5003125,1133.1489375,687.6466875,960.0999375,613.8250625,995.0733125,735.8918125,640.5145625,430.5600625,1076.880375,1056.286125,1064.483,809.554375,933.3404375,1128.63125,729.1563125,815.8925,755.76725,1059.1231875,973.3645625,765.1586875,1028.908125,859.4844375,705.6411875,1084.2593125,967.78,659.7998125,714.323875,561.076875,737.984375,645.7470625,901.8305625
1.3808939815071826,785.990875,408.4643125,226.6175,609.2811875,430.9740625,307.71825,410.8464375,840.15775,797.7079375,1031.24275,833.933625,169.1743125,569.667625,841.8140625,856.2345,744.807125,633.19525,422.303625,597.8590625,588.5895625,759.796375,772.14025,865.64425,771.2399375,535.12825,737.3475625,602.2043125,968.469125,654.0053125,659.3834375,651.231625,999.993375,835.877125,836.4714375,697.4524375,801.833875,751.2349375,1000.33125,1090.6246875,946.9208125,931.932125,566.2724375,1289.8430625,817.8553125,743.359125,933.042625,979.3121875,934.554375,1008.399125,736.2511875,1053.2915625,1052.637,1101.469875,874.75475,967.8655,618.5154375,825.8375625,974.9394375,1045.0491875,690.9861875,720.6478125,973.6206875,790.994625,829.386,774.737625,1001.9208125,658.651125,768.93425,971.1773125,707.8831875,847.0126875,781.5425625,1072.591125,733.8899375,596.8905625,796.2244375,956.367875,820.901625,1450.3213125,1205.8340625,855.3675,959.3449375,808.420125,1019.8474375,1156.3475,1034.949125,650.74575,979.1981875,900.5080625,729.313875,907.203375,928.6885625,1001.398375,968.7398125,841.038125,819.3034375,1039.4035625,970.9395625,697.3161875,1107.4780625,680.6838125,923.021,717.5128125,1007.336625,768.862875,677.807625,409.4288125,1108.6076875,1034.2739375,1011.760125,835.367375,916.394125,1144.1320625,689.532125,859.392875,772.3735,1069.0983125,994.1073125,733.41175,1047.5675,876.6365,663.338125,1041.8863125,995.01775,725.305,734.9893125,622.6880625,764.265875,642.354125,863.992625
1.3849665042292516,746.2135,465.0865,177.8240625,625.426625,422.0656875,302.4123125,439.168,832.7280625,762.6018125,990.9981875,847.2323125,159.937625,567.0835625,795.219,807.9946875,773.36,558.5490625,425.0894375,581.3549375,525.727875,729.0325,749.095875,884.0565,762.222,556.6495625,761.7589375,653.6236875,935.7223125,598.0240625,654.4175625,686.3606875,973.1931875,857.66625,819.501,693.78825,788.4030625,726.06225,1044.6759375,1065.469625,939.8943125,864.96825,576.8211875,1341.7343125,822.7745625,725.6761875,912.5711875,946.7879375,980.323625,969.669625,743.2678125,1061.058875,1084.0484375,1089.5996875,901.2363125,983.7110625,652.732875,817.035375,960.9303125,1073.5838125,670.691375,725.245625,986.93625,785.32,916.17,801.0374375,1028.264125,661.44025,780.6046875,940.267875,712.923875,827.7084375,799.8178125,1134.445,757.9831875,635.338875,776.855125,906.0920625,806.854875,1381.6438125,1252.2780625,909.1621875,955.788125,805.604625,1053.3061875,1105.99475,1052.6601875,679.803375,976.96,905.23575,755.5706875,901.2350625,903.3055,1034.5156875,925.2246875,808.1525,837.076375,1065.8520625,901.63825,668.9385625,1058.565125,657.225625,869.8403125,792.1751875,998.5770625,785.59425,717.2785625,403.854625,1155.29975,992.87625,953.584625,862.4099375,887.93325,1142.03675,625.3720625,878.6833125,785.5199375,1076.116625,1007.221125,677.6845,1041.7499375,900.2405625,606.92225,977.4816875,1004.3868125,790.153375,754.0374375,668.8629375,809.6813125,626.0065625,820.27875
1.3890390269513349,689.48125,508.2655625,138.06525,642.6493125,418.2,308.2565625,467.59,817.05175,729.5623125,943.880375,845.174,166.094875,571.9036875,754.671,771.3139375,795.9445,490.955375,413.5424375,560.7888125,444.637625,698.446375,714.6964375,879.0084375,736.3071875,592.5864375,759.37225,698.437625,906.4663125,523.2986875,638.7909375,727.5490625,946.391,879.4159375,784.6144375,678.7045625,781.1316875,696.1015,1068.506125,1027.3170625,931.7715625,794.458625,567.0923125,1384.85075,803.4946875,716.198875,878.8781875,907.771375,1008.911,918.11475,751.3624375,1056.153875,1106.69375,1054.068125,924.1903125,970.9089375,670.059625,793.6284375,940.0975625,1086.69525,665.3353125,701.5979375,973.8215,767.6084375,1012.04825,812.217125,1048.6674375,650.7305625,777.9940625,908.8574375,709.336625,797.8068125,790.3636875,1172.0715,767.809375,668.4791875,760.0424375,826.013375,768.9654375,1295.9110625,1268.25575,946.306625,934.604,811.5649375,1069.24425,1052.0988125,1065.06225,705.3494375,950.1193125,908.679125,778.4058125,887.09125,872.612,1060.7716875,876.4421875,775.5426875,847.6525,1076.67625,804.4705625,630.2095,993.072625,622.2681875,808.8483125,835.3470625,974.9388125,787.0645,757.587125,423.273625,1204.4743125,936.2625,904.18175,887.03975,860.8333125,1113.396125,555.9408125,872.694,804.1351875,1087.124625,1006.19075,609.8236875,1009.446,923.2918125,548.5899375,898.0305625,990.82575,847.5715625,758.2363125,697.788125,861.05725,596.19525,774.5898125
1.393111549673404,621.822,529.250125,106.4045625,663.6098125,414.556875,337.774,498.0540625,795.3614375,714.04825,892.1668125,840.9486875,194.398375,591.0164375,722.064375,752.59025,821.3004375,426.8483125,387.67075,543.9103125,366.70525,666.0938125,677.832,858.3085,698.0875,629.537,732.0111875,725.5339375,868.29525,441.31525,615.0073125,762.391625,923.593375,881.82225,739.6865,643.0464375,779.666125,665.208,1065.39075,994.61975,913.1099375,737.3139375,538.606625,1405.1285625,774.297375,705.5403125,824.03925,871.7679375,1018.5851875,859.2138125,753.9800625,1038.8868125,1109.221625,992.012125,939.2779375,936.395875,686.24275,764.152125,907.81725,1083.315375,673.0229375,650.6755,932.2056875,743.2039375,1096.8808125,803.737,1067.5660625,640.4705625,767.759625,884.085,704.5859375,766.902875,759.776,1175.3846875,762.18525,688.423375,754.820625,729.88475,710.3003125,1208.8853125,1247.35575,955.3669375,902.5934375,821.4316875,1063.08425,1007.2948125,1070.5875,717.596,900.6775625,911.918875,794.342625,856.999125,840.30925,1065.731875,827.025875,745.5338125,860.4195625,1075.19875,691.249625,580.370125,919.269,581.632,750.278125,849.0254375,942.0625,778.811875,792.316,464.8078125,1234.552375,866.517625,866.6696875,913.978875,842.5090625,1063.4314375,497.32125,851.7183125,836.949625,1106.9033125,980.1749375,548.6385,962.528,934.486625,500.338,821.53325,956.945375,883.19075,742.265625,704.7564375,904.145375,553.48575,735.7139375
1.3971840723954871,560.5626875,531.4621875,82.1365,684.9076875,403.4736875,397.760625,529.2671875,771.56375,716.511,841.5163125,843.537125,244.5076875,625.3439375,705.529625,753.457875,847.613125,366.118125,342.4109375,534.5195,306.5698125,626.9201875,638.0129375,827.877125,663.0075,654.752625,688.7321875,732.826875,806.21375,355.8625625,590.183125,771.859625,903.352125,851.0325,693.724,593.79325,777.7716875,638.3858125,1031.327,977.3871875,869.005875,696.448625,501.3305625,1394.6009375,745.7893125,679.537875,750.3479375,846.3483125,1014.7414375,796.73275,748.5153125,1010.494625,1086.9903125,914.1055625,941.1579375,886.78325,709.778375,735.2811875,871.752875,1060.8229375,680.294375,583.0331875,863.5973125,715.6510625,1158.5090625,779.8068125,1084.4554375,639.0016875,760.5833125,853.6769375,699.590125,739.3770625,722.9099375,1138.78625,738.9988125,692.290125,760.082875,637.889375,645.3390625,1121.9043125,1195.9654375,932.1836875,864.6325,827.859625,1029.3885625,979.5369375,1066.1601875,708.0895,831.880125,914.317875,807.4235625,808.7290625,802.6981875,1037.046,777.333625,710.686875,878.128,1060.13275,580.2631875,525.5911875,840.297,533.956625,701.481625,830.710625,899.8449375,767.243875,814.2118125,516.616625,1229.9244375,794.6545625,834.848375,948.74575,833.6523125,1007.1891875,455.797875,828.7815,887.6271875,1129.9934375,927.970625,507.95875,917.5201875,925.36325,464.2870625,767.4025,913.4215,885.9581875,711.8576875,690.4541875,930.2440625,494.5145625,709.6269375
1.4012565951175562,521.2799375,524.7010625,65.95075,698.9294375,381.7106875,484.8765,545.905125,752.0745625,728.6926875,798.152,853.3168125,301.19775,666.9061875,710.3949375,762.571,861.5775,312.2910625,273.39425,534.6643125,269.40475,582.045875,588.71075,792.2088125,644.152,667.1460625,636.854,724.4503125,718.887,266.42825,571.6175625,742.861875,882.7560625,792.217,653.143,549.9179375,764.3055625,613.0011875,962.52275,971.8090625,793.7556875,656.883,473.6230625,1356.419125,717.090125,628.115,671.432875,834.562,1001.8615,727.503125,739.958625,973.0825625,1044.54875,839.0515625,925.91675,821.6621875,740.1345,706.01775,845.794625,1014.0776875,678.2653125,515.3368125,777.9476875,681.9196875,1197.1135,750.0094375,1089.3401875,643.586625,756.7628125,806.9025,689.1598125,710.55225,690.4449375,1067.2286875,695.4188125,678.6520625,768.2269375,562.8655625,588.8180625,1030.99725,1128.9903125,877.2821875,819.2946875,826.9123125,966.9381875,965.19,1046.9391875,678.1788125,745.495875,910.2401875,823.61775,746.01825,754.59775,969.04,723.1784375,664.7058125,890.7608125,1029.319125,487.2601875,477.1545,753.793875,474.9503125,663.5720625,775.2676875,843.2661875,752.700625,820.66225,565.115125,1192.193,737.08275,802.1676875,981.3691875,832.5380625,957.9436875,431.9690625,808.27125,951.8238125,1147.9085,856.4599375,491.638375,882.426625,894.609875,433.9490625,744.5595625,873.986125,854.350375,676.55,661.6084375,939.2535625,422.885625,690.0543125
1.4053291178396394,504.224625,518.6015625,59.828125,701.355375,353.722875,585.882,532.833875,738.3814375,740.0689375,768.55,865.508125,348.3295,704.88375,734.1446875,761.349,851.8846875,265.3304375,191.338,544.042,256.2571875,539.51125,528.7204375,750.8064375,639.2555625,675.7088125,577.751375,703.5310625,620.573125,181.5975,564.1605625,677.329,859.5651875,722.281875,619.4205625,524.1941875,734.9945,582.2466875,863.1484375,967.8053125,698.627375,597.93825,467.8419375,1299.6570625,681.4889375,554.4518125,603.7430625,831.3108125,981.7190625,648.356875,739.8086875,927.5750625,996.6033125,784.502375,896.9419375,741.230125,768.527125,666.869375,836.27225,941.301375,673.984625,460.4160625,692.8373125,641.986,1211.985125,723.4705,1068.6114375,641.4628125,744.7095,746.9814375,670.700125,670.5878125,662.7795,973.7275625,635.69825,652.205375,774.2335,509.2106875,549.0108125,941.6609375,1059.7986875,793.9575,764.8291875,817.1171875,881.6266875,949.19225,1010.414125,639.392,646.904375,893.3589375,841.3618125,677.5509375,693.754375,865.5058125,658.5836875,612.983125,887.0856875,983.689625,415.84825,441.308875,659.645625,406.884125,629.60625,688.3490625,771.847625,726.6388125,815.2033125,600.4009375,1135.3960625,698.9075625,766.882125,993.672375,836.066125,917.028375,424.6828125,783.9098125,1015.911875,1153.6520625,778.1093125,494.8795625,852.6530625,844.8533125,407.046125,749.464625,842.929125,796.8369375,646.1466875,623.637625,937.1559375,352.372,660.5030625
1.4094016405617227,499.112,513.8659375,65.3224375,691.65575,326.91125,691.4794375,493.7033125,724.145875,744.207625,751.706875,877.162875,383.6335,731.544625,769.1759375,736.9415,822.418,222.75375,116.8845625,555.565875,264.90675,503.169,467.329375,700.467,633.977375,685.61925,509.6965,670.407625,532.686375,117.72375,567.996125,593.8924375,837.2433125,654.8865,588.2590625,515.052625,698.5913125,547.0969375,749.5284375,956.8920625,601.1715625,513.9269375,475.84675,1235.7359375,640.49675,474.7569375,555.2119375,827.535875,957.53925,567.5795625,756.6003125,871.801625,958.9891875,757.594875,865.0804375,653.1696875,778.109875,610.034,836.8466875,850.403875,680.4086875,422.0074375,627.0958125,601.8233125,1196.9879375,703.591125,1018.9634375,619.214125,715.7094375,682.653125,643.170625,615.52,635.4281875,874.8210625,577.5959375,624.2588125,776.0323125,478.615375,521.3324375,870.356625,997.2185,690.4953125,701.004625,795.319625,784.8424375,914.5523125,961.6175625,605.572375,548.118,860.8263125,846.164875,613.0521875,620.821,738.6360625,582.06325,568.4400625,864.8005625,927.5769375,361.328125,413.7726875,565.945875,344.8780625,592.314875,587.5183125,694.6791875,679.540125,804.92725,620.6201875,1075.229,672.845125,731.9184375,978.55325,839.1696875,879.449875,430.1158125,748.775375,1059.1145,1142.5500625,714.763125,509.318375,820.2165,778.0076875,387.597375,769.3710625,812.8125625,728.7104375,628.31225,580.0941875,927.787875,292.2895,607.2804375
1.4134741632837917,499.0626875,502.81925,80.4869375,667.06075,306.9160625,803.169625,445.569875,706.3783125,738.990875,733.3895625,887.819875,414.8005,741.7579375,807.175375,690.8368125,786.1479375,185.483875,58.1885,560.575125,291.349375,469.0883125,416.223375,645.4715,611.5975,694.2810625,437.0516875,626.1008125,469.2255625,85.8729375,577.868125,514.919,828.2821875,594.4434375,553.8754375,512.7653125,669.475375,516.936625,636.286375,934.321375,511.5018125,420.5101875,480.8923125,1173.1444375,607.0556875,407.4696875,522.8233125,819.5445625,930.117,501.3754375,788.339,797.8225,938.5809375,751.361875,842.602625,568.6411875,755.8830625,536.8906875,836.52425,756.0404375,696.579875,396.9668125,593.3508125,563.5135,1151.795,688.9555625,951.3996875,575.171625,672.4745625,621.2165625,605.4929375,551.5015,603.306375,788.413125,540.9994375,601.1563125,773.25075,469.0829375,489.0250625,827.1815625,950.0305625,581.2568125,625.526375,761.020375,691.62425,854.574625,909.0839375,585.81725,464.7889375,817.9321875,826.89975,557.1568125,540.6371875,605.0350625,498.4971875,536.609375,828.125125,867.228,319.9008125,384.680375,485.521,306.53725,551.9574375,489.107875,622.1275625,610.5228125,795.43675,631.153125,1019.8166875,653.1633125,698.9943125,941.6293125,829.6555625,845.8688125,436.3083125,701.342875,1063.471,1113.09175,682.7954375,522.8165,782.604625,695.9290625,376.4365,786.8210625,775.577,663.4086875,623.84675,534.7004375,908.5989375,238.688375,529.6120625
1.417546686005875,506.0499375,482.3545,100.3805,623.7140625,300.763625,918.764375,400.2558125,690.7974375,722.0398125,695.8579375,892.8353125,445.755375,734.62625,839.5603125,637.2814375,751.4336875,160.1769375,7.79275,556.6355,331.540125,433.18325,379.847625,593.6205625,562.281,697.94375,376.1121875,574.1424375,428.4615,88.5283125,586.3845,449.834375,842.601375,538.68525,513.560875,506.708,656.7425625,496.0725625,527.5736875,898.7730625,433.7326875,337.9899375,477.6039375,1110.87625,589.9670625,358.971625,501.9390625,805.7623125,893.5485625,458.5210625,822.914625,697.8299375,931.1284375,749.4105,839.3571875,496.386125,704.4376875,453.3544375,827.6711875,670.0675625,708.0304375,378.770875,593.024,523.973125,1087.35675,674.3888125,879.63375,523.0046875,623.849,569.2806875,563.3379375,487.7966875,559.8330625,727.1116875,528.999375,581.8375625,766.49575,476.5666875,438.324,807.2548125,922.219125,483.2760625,539.4395625,720.4349375,615.681,775.2888125,856.5885625,582.806375,411.02625,775.4505,790.3325,511.69725,462.3596875,480.3106875,410.1358125,508.970375,784.9353125,806.971125,291.04475,348.8428125,427.561125,292.1340625,510.1735625,403.69125,556.3455625,529.0464375,785.809875,634.855375,965.1395625,639.379625,666.6933125,891.062,792.6211875,823.604125,425.920125,639.3984375,1027.8693125,1066.0300625,674.9930625,517.4051875,743.4531875,605.216625,370.8570625,787.8804375,731.6288125,606.751375,628.09725,490.1731875,875.5955,184.306875,441.467375
1.421619208727944,522.0361875,458.0560625,124.370625,564.8734375,319.461875,1019.959625,361.2879375,681.5539375,692.9948125,631.991875,883.4756875,473.23975,715.516375,856.521,591.1009375,720.871125,155.69925,-36.3815625,547.36225,378.0440625,394.20975,357.335625,544.5661875,490.2511875,695.4463125,347.572625,520.277875,405.0489375,122.793625,591.0779375,394.2774375,873.8515625,485.066,466.3655625,490.950875,656.124375,476.050125,425.960875,852.655375,375.5335625,274.73325,471.70775,1040.6986875,586.947875,323.7449375,489.5440625,778.893375,844.524875,434.8259375,844.8370625,575.5594375,926.086125,738.253875,855.2170625,442.9130625,642.2855,367.7108125,807.0475625,595.46575,703.86125,364.431375,616.9501875,480.66825,1019.4105625,651.387375,811.2033125,480.3906875,580.4895625,530.5456875,527.94875,431.8944375,502.023,689.2145625,528.0725,565.655125,749.1368125,498.436625,373.349875,797.6610625,903.0301875,410.7225,454.7209375,678.224875,557.0293125,688.5776875,802.6208125,595.861625,392.509,739.06425,748.70425,477.336375,393.7069375,375.4841875,316.9350625,475.03025,745.46375,747.3774375,276.885875,307.295375,397.1625,284.8931875,464.549625,339.0294375,493.029625,449.5023125,770.92175,625.728875,904.1093125,627.384875,636.9909375,832.534625,727.6896875,816.058625,392.94525,559.75425,969.8448125,1004.0814375,669.5829375,480.694875,707.227875,515.7654375,368.9813125,768.22525,689.5250625,557.243375,636.9118125,449.0888125,832.3806875,129.1924375,366.151375
1.4256917314500273,538.6228125,437.320625,159.777625,501.3233125,368.1539375,1084.094,333.4441875,673.1605625,658.64125,550.636125,856.0679375,494.6633125,690.00425,848.8375,558.175125,696.351375,175.02075,-66.670125,539.9479375,420.1741875,352.6656875,347.2914375,489.9561875,409.3986875,686.060625,361.0165,469.539875,399.4949375,182.3301875,593.8084375,341.5933125,906.7454375,433.5731875,410.0186875,463.8515,653.576375,443.243625,339.048875,802.5588125,345.271875,228.272125,464.8846875,959.628125,591.217,298.1223125,482.608875,732.5855,790.6219375,419.7401875,841.5775625,444.902625,912.7415625,716.049125,876.0510625,410.976375,593.293625,290.47625,773.6700625,526.9958125,682.757,357.401375,652.9934375,434.6255,959.0856875,615.3485625,749.7615625,455.1938125,554.4955625,506.459375,503.18625,388.606125,435.004875,663.7791875,522.2970625,556.6945625,709.7319375,527.8115,311.3376875,784.90625,874.126625,370.658375,389.327375,630.13125,500.168,605.9985625,748.558,618.8065,402.5858125,706.536625,703.1621875,452.6964375,334.4440625,297.8161875,227.3884375,436.751375,715.964875,684.2545625,280.305875,264.199375,398.3015625,270.2350625,414.3385625,295.323125,429.639125,381.2013125,750.2345625,597.430875,836.2855625,610.0233125,618.252625,771.17475,652.8236875,816.42175,349.5811875,468.5270625,913.896,932.99725,653.14075,416.95475,670.181625,432.260375,370.95025,733.526375,657.866625,510.457375,646.3303125,417.39175,789.4426875,80.089,321.0395
1.4297642541720963,545.5480625,426.71725,213.5339375,445.4643125,437.4118125,1101.6324375,321.60925,657.695625,629.84975,471.6188125,818.403125,512.191125,657.98925,815.0883125,537.068375,680.9213125,210.8606875,-78.218625,539.4099375,454.0564375,315.6806875,345.545625,421.231875,332.4451875,666.6840625,403.997625,423.571,408.297,256.880875,589.63775,291.8834375,930.0730625,386.074625,343.25625,424.2909375,639.07725,394.2320625,271.9085625,755.4804375,343.4589375,192.4965,447.897875,875.740125,595.8518125,284.887875,477.114,673.36575,742.4616875,403.5783125,807.28,322.9815,883.9713125,685.2288125,884.439125,393.8668125,570.6736875,230.0976875,724.4948125,456.1970625,647.724875,360.791625,690.112625,393.06325,904.563125,568.268,699.055625,446.3648125,551.7196875,500.988125,482.3546875,357.350125,366.614,643.0633125,504.263,555.535375,648.0436875,550.0376875,263.8855,755.1545,826.7259375,359.1226875,353.9071875,571.1175,433.7164375,539.25475,702.1715,636.6755,429.3055,673.835125,646.575375,437.2798125,277.7284375,251.0409375,157.77525,405.7415,695.69425,612.28775,301.548625,229.3765,427.4103125,246.405125,366.46825,262.9335625,370.7524375,320.483375,725.639625,554.0578125,763.689875,586.7785625,619.6039375,715.006375,588.2014375,815.3358125,309.607875,380.513,879.2720625,859.5345,630.185375,340.793125,622.1358125,352.3168125,381.6605,697.155,635.5515,464.956375,647.2208125,402.756125,754.1520625,45.617625,302.9595625
1.4338367768941795,543.9856875,431.5701875,278.5230625,408.097875,508.67775,1081.086875,323.9084375,636.1106875,609.3795,412.782875,784.8485,528.1594375,617.6775625,769.04575,520.957125,678.1734375,247.4895,-71.661875,545.662125,487.4985,293.9275625,343.6165625,336.135,266.1270625,636.15475,446.3449375,379.7823125,420.4840625,331.5976875,566.9590625,249.5003125,936.547875,347.7548125,272.970875,372.9695,611.76175,341.2766875,220.442625,713.683875,364.2611875,161.0995,411.898125,801.070875,595.6570625,286.073625,464.345875,618.3251875,703.3245,385.629125,746.0101875,228.3891875,836.5654375,644.122,870.1165,378.4704375,571.9195625,191.70075,655.3591875,377.46925,604.4109375,371.506625,716.697375,366.38475,845.63875,512.878125,659.7329375,449.4945,567.3654375,516.8348125,455.70375,331.900625,304.3511875,623.4034375,479.11975,551.618,578.934375,551.2863125,230.483875,697.2395,764.5344375,361.6305625,346.59825,507.0245625,361.210625,500.9701875,670.557125,633.203125,464.972625,638.8301875,575.6940625,426.6165625,216.24525,233.2210625,119.3635,388.6468125,681.289375,535.4146875,332.372125,213.8760625,469.7233125,219.9211875,332.0625,231.765375,327.25475,259.8408125,692.8293125,507.5921875,685.85025,561.9284375,642.524625,674.030625,542.5134375,808.22825,276.1705625,307.4000625,873.7334375,787.3334375,613.517,263.757625,558.3318125,276.7193125,404.721625,671.212625,612.2711875,421.101,626.57875,407.4961875,725.074375,31.5596875,293.8721875
1.4379092996162628,542.43775,454.9885625,336.5091875,395.6555,567.0119375,1043.9805,336.3026875,617.371375,589.527125,376.854125,763.2396875,541.7391875,570.7016875,732.0974375,499.75,691.467625,269.71175,-47.7198125,557.169375,529.7394375,290.5683125,333.7251875,241.3374375,211.9533125,599.1010625,457.4476875,335.0043125,428.590875,389.896,522.48825,218.4650625,923.3919375,324.8915,216.0029375,318.4445,577.847375,295.560375,176.5525,675.6733125,402.1799375,132.006625,359.2073125,745.1435625,587.8670625,298.68,435.018875,581.7840625,667.6958125,377.5514375,671.9475625,172.978625,767.32175,589.7480625,830.258625,356.5631875,587.2065625,180.6066875,568.078125,293.6720625,561.887625,380.487625,720.1861875,352.942625,777.0618125,450.9908125,629.01275,456.8511875,591.69725,547.707625,418.2896875,307.189125,255.1775625,598.8950625,461.6534375,532.4280625,520.09425,526.48475,207.312,614.52075,691.3483125,363.7110625,357.280875,451.1565625,290.2910625,495.8085,653.1403125,603.1705,505.775125,601.9060625,496.9474375,406.8064375,146.899375,236.5641875,108.4741875,380.3965625,668.3630625,466.503875,358.07575,216.4530625,510.728875,201.5420625,314.0474375,196.893375,306.80125,205.4035,644.237125,467.764125,602.4033125,538.1265,679.3755625,652.526375,509.9920625,790.5175625,251.751,254.937375,890.91425,716.78575,608.49475,189.9658125,483.997625,212.5736875,432.74575,656.950875,581.851625,376.702125,576.5925,422.5684375,690.14175,37.0698125,279.4930625
1.4419818223383318,546.3638125,498.0035,377.667875,406.269875,606.9856875,1013.5593125,355.86125,612.09875,564.859625,353.2650625,747.8480625,553.743875,518.6536875,715.0341875,468.7411875,720.9374375,272.947875,-7.0938125,575.4933125,579.2485,297.66925,314.9586875,149.969,168.92925,560.411625,423.5989375,295.386875,435.652125,416.3321875,468.569125,200.3350625,895.45775,316.712375,189.3444375,275.73625,549.3116875,252.9675,136.5026875,637.1344375,453.2775625,111.9719375,294.6938125,712.70825,570.8935,316.9978125,391.586375,568.165625,627.33,387.724125,601.1950625,151.862625,673.066125,527.018625,767.9164375,328.163,608.2883125,202.6941875,471.5599375,216.8461875,527.6346875,378.5711875,689.67275,331.69775,704.7000625,387.4734375,604.64525,462.2463125,614.5891875,578.88275,378.0184375,284.5123125,219.8880625,557.7784375,467.696625,493.71675,481.2475625,480.9801875,192.0311875,524.8550625,607.2143125,358.088375,370.4415,412.0895,223.56425,511.81725,640.12325,556.583,547.3275,566.71675,421.7804375,366.739125,75.2824375,249.2143125,111.6065,375.0896875,651.5215625,414.765375,371.201625,224.497125,546.6595,204.95475,300.6735,158.1454375,305.83075,173.73225,578.0908125,433.5675625,516.03325,516.4583125,720.9600625,645.33775,477.182625,756.5308125,242.651125,224.5401875,911.148,647.3445,607.0185,118.56,409.4383125,165.30475,452.1761875,650.1493125,546.861,331.0995625,502.803,433.2074375,634.7513125,58.4523125,257.740875
1.446054345060415,556.52925,553.2448125,408.0203125,432.778125,627.1325,1000.1729375,373.096875,628.108875,537.7096875,331.1529375,724.0325,566.76825,462.0595,716.371625,435.0210625,761.167625,262.4920625,47.61675,605.9370625,622.089,304.32525,290.615125,76.5859375,134.5041875,515.9364375,355.0448125,276.39475,445.7704375,401.5114375,422.2240625,195.1769375,859.838875,317.675875,197.7296875,253.837625,535.8039375,202.2584375,99.4316875,592.92275,510.1034375,110.8735,219.120125,700.7051875,544.975875,336.4301875,349.2661875,575.2884375,577.43675,405.543,542.6181875,147.7125,560.3128125,472.12325,690.963625,294.70925,629.041875,260.0298125,374.771625,157.4496875,499.435,364.1515,620.6323125,281.51175,642.977125,330.910125,584.112125,466.4433125,630.2510625,594.8583125,350.6273125,267.2985625,191.004375,493.1383125,501.236625,437.8655625,460.163625,425.619625,181.5621875,447.8549375,517.4058125,340.29775,376.1493125,387.2888125,159.926125,525.2470625,617.598625,508.700125,584.82275,537.570125,356.5810625,310.4999375,15.4830625,258.9548125,118.8229375,375.727375,627.2154375,375.4971875,375.4655,227.670875,578.547,237.18,275.3945625,122.616125,313.4058125,171.842,501.848625,394.4223125,433.983375,497.162625,757.8953125,645.045375,436.9594375,710.240625,249.3273125,211.1064375,912.4915625,577.1840625,592.2346875,47.6088125,344.9568125,134.517375,455.483625,648.9838125,510.485125,288.918375,422.214125,432.2614375,556.18825,97.59525,232.59375
1.4501268677824841,568.5709375,605.4288125,437.058,466.9786875,625.6498125,998.4169375,380.1249375,666.4661875,510.66125,304.5215,685.8636875,582.282,405.2066875,732.0915,412.105375,803.0091875,246.085875,111.3359375,649.1978125,645.0340625,309.4855625,261.90825,31.66675,107.798875,455.5244375,275.7461875,285.891625,456.0338125,348.8460625,394.5098125,204.633625,820.17825,326.30825,231.867,249.7413125,533.0631875,142.83025,63.2704375,544.348,560.9046875,131.28525,133.949,697.2704375,512.5089375,356.13375,323.00975,600.0435625,518.8621875,409.430625,497.0251875,144.3676875,449.5779375,445.23075,609.676125,257.3156875,642.551,346.9551875,283.64925,115.2289375,467.188,339.2894375,519.8059375,203.7709375,604.60075,289.903125,563.962125,470.4775,643.1145,589.1318125,345.2189375,253.1524375,156.6489375,414.1899375,549.5979375,367.624375,447.39125,371.2566875,171.9826875,394.031625,439.224,306.6075,382.3350625,367.80625,97.1668125,517.217125,576.560375,465.91325,614.3291875,516.285,300.249125,252.126625,-23.1199375,261.34325,126.854,386.0369375,593.4516875,336.26325,377.2453125,222.155875,605.2218125,287.4816875,233.822,101.92825,324.097,190.7593125,427.6999375,343.0556875,364.6601875,480.9968125,777.66225,646.1918125,391.8959375,665.2089375,266.36925,205.2589375,886.1575,502.7884375,552.235875,-21.3440625,296.9675625,115.39425,444.853875,652.9304375,473.33775,253.600875,352.107375,426.8679375,467.322375,157.3975,207.0014375
1.4541993905045674,578.178125,646.2394375,464.8819375,497.4899375,602.718125,999.0620625,384.4904375,720.9469375,487.18125,273.401375,646.8364375,604.6575625,357.008875,759.38525,407.1785,834.47425,227.9564375,174.3243125,699.1340625,649.1060625,322.6150625,230.57875,14.9814375,91.9406875,378.08025,203.34325,313.86875,465.338,276.44125,389.70125,230.02025,778.55475,342.316375,275.944375,254.773875,525.3225625,90.6191875,30.9825625,498.799875,593.35,167.16075,41.419125,688.40325,475.07325,378.7768125,316.421625,640.9020625,458.2433125,386.9165625,461.7960625,137.1881875,360.55275,455.7006875,537.4181875,223.482625,646.5063125,445.3924375,201.8588125,86.104375,424.6741875,300.4766875,405.1351875,122.356125,588.1210625,269.1635,544.2130625,468.995375,664.08775,563.782375,357.460125,233.2243125,108.5615625,334.9063125,591.725375,287.716,436.191125,329.4731875,160.7773125,360.2895,395.8603125,256.864125,404.096125,348.4288125,33.452875,487.4574375,514.79925,426.1931875,633.7390625,503.9586875,248.2798125,202.7470625,-43.38175,263.26075,133.47725,405.8264375,552.467,295.5253125,381.2765625,209.0605625,625.0955625,332.08675,191.852625,101.7556875,342.289375,216.1098125,361.9115625,285.473375,311.79975,470.920375,771.226875,640.127875,340.943,628.96075,289.0246875,203.436625,840.5350625,421.2413125,493.195875,-82.1630625,265.0799375,100.62125,432.31175,658.0861875,437.0436875,219.4910625,300.78225,429.05,385.430625,231.105,181.4469375
1.4582719132266364,592.646875,680.5899375,487.1704375,513.8154375,563.3719375,995.889125,400.8930625,781.33325,476.670625,245.48725,622.6881875,641.994625,327.59275,799.31975,415.9278125,843.5553125,209.8364375,226.092375,752.2375,645.295,347.031625,202.1453125,15.7579375,90.3085,295.731125,140.6639375,342.2780625,479.842125,209.448875,403.6825,267.835,734.7708125,361.049375,314.612625,263.7023125,503.9855625,62.46225,14.4950625,460.691375,598.7144375,211.4269375,-55.0059375,668.6065625,434.6418125,405.560875,318.8711875,691.9865625,408.406875,343.6978125,432.3055,131.90925,300.595,494.015625,487.2905625,206.0723125,644.652,528.5155,134.731375,70.9840625,374.016125,247.9351875,300.068125,62.08425,578.3984375,267.956625,531.5064375,453.3145625,702.227125,522.5938125,370.0288125,200.0730625,50.078,262.74275,611.26975,210.3366875,425.1425625,309.196875,145.9368125,336.2441875,399.169375,199.44325,443.5400625,331.2239375,-31.0238125,444.5445,438.9645625,389.64075,643.8581875,502.117875,194.5456875,162.3546875,-52.1971875,272.09175,138.1260625,432.00575,513.2539375,264.8775625,389.4860625,195.001125,638.5741875,348.27025,173.1668125,118.1700625,371.5105,238.302125,300.7220625,236.9598125,272.2805625,468.996125,738.1341875,615.7925625,278.9575,598.8666875,311.3805,214.211,790.3695625,333.880625,435.407125,-127.2625,242.8836875,82.8951875,435.403375,656.173375,407.9014375,176.9698125,265.5530625,442.60175,318.980375,304.1265,156.073375
1.4623444359487197,624.7955,716.7298125,505.4403125,515.4565625,516.6724375,985.4620625,435.9451875,835.0098125,489.2844375,229.146125,614.8585,695.9781875,323.4054375,853.9185625,423.273625,824.314125,197.091,261.2714375,807.2604375,642.1836875,372.77025,180.978375,22.7840625,104.2786875,225.0094375,87.178375,363.37825,504.6325,162.2146875,425.85,310.25125,685.5826875,379.6955,339.321375,281.4748125,478.1915,57.6965625,25.964125,428.5095,577.1718125,261.869625,-143.787375,643.898,394.9325,432.63725,314.425875,738.1659375,383.6275625,298.0498125,405.3820625,137.4721875,270.090625,544.6083125,463.696,212.2216875,636.799375,576.2174375,95.4226875,71.498625,321.1313125,199.2608125,226.567375,29.3855625,563.3335625,282.32025,530.4480625,417.8044375,754.856,472.254375,364.7540625,152.93425,-5.0060625,205.152,607.249875,154.30825,413.9839375,310.676125,121.68875,314.712875,439.9813125,150.6401875,485.292,319.2206875,-90.2264375,390.4185,367.7979375,363.3453125,647.516375,508.15675,132.4751875,123.484125,-54.36375,283.00525,145.604625,456.63225,482.047,254.674625,398.0918125,186.4546875,648.9386875,328.962375,184.05125,143.650875,408.4606875,254.391375,241.7273125,208.3371875,236.7748125,473.2641875,682.8978125,569.803625,210.1198125,573.7039375,326.981375,246.9666875,745.45375,249.927625,395.921375,-149.008625,222.593875,58.7853125,463.603375,642.1909375,391.9811875,127.0073125,237.686375,465.5995,268.8888125,362.1268125,132.55375
1.4664169586707887,680.20225,757.9365625,523.7605,512.4835,473.246125,966.8765625,488.3270625,868.6650625,528.0864375,223.89,617.908875,756.720375,340.1286875,912.5896875,410.921125,781.842625,199.086,278.668,859.8605,645.9646875,388.003875,166.9236875,31.808875,134.22625,180.860375,48.4374375,382.57825,538.1524375,130.0075625,446.613625,348.6304375,631.3103125,403.240125,352.813125,313.13825,465.32625,62.87475,67.7765,398.839125,534.6855625,320.607625,-205.8253125,625.272125,358.2303125,454.9219375,298.1923125,764.2815625,389.28125,270.6034375,385.2535625,160.1214375,271.9729375,599.566875,459.9429375,240.2225625,617.9383125,585.9135,98.8161875,86.371125,269.4138125,179.588125,198.2155,18.3838125,545.7145625,305.4874375,534.1873125,364.3438125,801.6,420.14075,338.9150625,97.517375,-44.65175,172.5271875,591.0279375,134.9565,402.5494375,328.4014375,80.783375,295.66375,495.0835,123.3845,509.8129375,314.0965625,-128.9755,326.705125,320.2818125,355.9484375,645.71575,511.0748125,61.8206875,82.2065,-50.796875,284.019125,161.7873125,470.0265,451.6764375,265.132375,400.4934375,182.0413125,661.5333125,288.775,208.2150625,170.8465,446.49675,264.6791875,194.3121875,195.2041875,193.4140625,478.9178125,614.677625,508.7264375,151.5161875,560.039875,333.3079375,295.8068125,712.086625,182.2969375,374.0071875,-142.2290625,201.816,32.1888125,511.5914375,621.3311875,385.3154375,83.062,210.94275,496.1505625,235.2865625,398.5815,114.6124375
1.470489481392872,756.3321875,802.4900625,543.051875,521.7448125,445.6274375,942.2145625,556.3020625,876.8808125,587.937875,224.97875,629.452125,814.8576875,361.3830625,951.4505,373.727375,732.1063125,224.2758125,279.8723125,900.695625,662.3536875,388.6920625,158.737125,44.965625,178.131875,173.916,31.1934375,404.238375,575.59025,101.0348125,462.7004375,375.1554375,576.9790625,437.22425,366.0393125,349.658375,478.8114375,70.701875,131.116625,368.6001875,478.30375,389.351875,-226.501125,621.0675625,328.380375,472.3549375,280.600125,763.8095625,416.3364375,273.433125,377.4218125,198.540875,311.3033125,653.7996875,465.9115,283.1501875,586.732875,569.632125,145.471125,113.209625,219.92975,198.3154375,212.2786875,26.755375,534.30375,330.293625,530.010625,306.1539375,820.702125,366.516625,304.8003125,46.3711875,-69.1470625,172.11725,574.8181875,152.78475,394.6393125,353.56025,26.0820625,281.8893125,541.6691875,121.8215625,508.814625,319.32375,-129.571125,263.0524375,301.1523125,367.6793125,636.167125,497.2260625,-5.7159375,45.06225,-35.88125,268.69775,188.6238125,469.1625,410.3228125,288.13975,395.964625,177.6841875,682.0730625,251.360875,224.1335,191.2965,478.0068125,269.23675,173.7261875,184.228625,139.256375,477.482125,551.384375,442.95925,123.70675,567.3391875,331.3255625,340.9589375,695.4785,138.57975,353.5669375,-109.6505,184.758875,11.1744375,568.6410625,602.356375,381.607375,58.5380625,188.4911875,527.2215625,219.1574375,418.25025,106.03925
1.4745620041149552,844.8273125,845.491875,561.3090625,556.369625,445.8033125,915.2570625,637.047,865.9804375,656.9769375,233.0329375,645.339125,865.110125,373.59075,955.0819375,326.1328125,690.704375,278.1799375,270.7984375,916.983,687.869125,376.657625,158.8610625,68.6415,230.61375,208.2981875,39.9881875,428.2520625,611.08175,72.2421875,476.86625,385.608125,527.589625,479.7808125,388.5694375,377.6485625,523.32525,85.189625,203.2506875,336.4824375,418.406125,465.36575,-205.5926875,631.6385625,313.3331875,490.08175,278.0205625,737.0346875,446.725,305.1030625,377.0178125,242.7895625,384.7649375,698.2746875,478.0925625,328.2065,548.1151875,544.444375,219.2353125,147.57125,179.9233125,241.229375,245.7441875,52.2633125,529.58975,351.08375,511.2005625,264.8623125,808.2744375,309.2058125,281.993875,15.5153125,-88.473,205.5225625,565.783375,196.3315625,398.2529375,372.703,-30.1890625,273.9640625,570.1288125,145.202,487.6793125,333.325625,-86.2323125,208.584,301.3531875,389.5936875,618.681875,464.477625,-54.8433125,25.26125,-1.277,237.6593125,223.499375,461.4064375,361.11375,315.1909375,392.601625,175.73625,713.654125,232.5385625,220.9513125,197.0685,498.8950625,268.4821875,186.0315625,170.8639375,83.6931875,462.050375,512.0554375,386.009125,137.7305,597.0774375,325.5486875,364.57475,696.93175,115.85075,322.1976875,-60.7943125,176.1730625,0.49625,623.6314375,588.6904375,386.3895,57.784625,179.3149375,544.5855,225.419,429.8695,107.725125
1.4786345268370242,934.7795625,879.8243125,574.5190625,613.3891875,475.109875,886.2726875,723.5014375,848.0130625,717.223,252.624625,654.900125,898.525625,378.65575,928.8981875,289.70475,660.1326875,361.634,263.6495625,898.3364375,707.936375,356.7254375,170.3073125,107.5930625,283.9699375,279.4851875,79.1308125,458.5048125,638.328125,52.3025625,495.3,384.240625,485.233875,524.23075,422.389875,396.4621875,592.6751875,108.6283125,274.7505,304.287625,367.7849375,543.6365,-155.042875,646.6531875,316.2633125,509.8848125,301.1394375,686.619125,465.253875,359.6540625,370.837375,279.90775,477.637125,724.6738125,497.6831875,360.852,511.633625,522.306375,302.55475,183.0430625,163.854375,288.9459375,266.3926875,82.93825,523.8435625,361.50075,482.477375,257.36275,776.77175,253.50275,289.952125,15.84,-109.329,269.1171875,564.4626875,251.91275,419.4445,375.4824375,-78.7663125,273.42275,585.4080625,191.18525,457.65175,348.9790625,-13.235,165.296625,305.6046875,412.712125,600.715875,426.98775,-79.651,33.48475,54.5115625,196.40975,257.2886875,459.702375,321.1961875,340.932875,396.1003125,179.201375,753.1030625,235.10875,200.4508125,188.9635625,512.35825,265.9805625,222.6713125,161.6505,37.8123125,437.18375,504.41275,352.2380625,189.08175,638.4895625,323.9620625,364.943,715.8965,104.2339375,285.195625,-7.25475,176.3778125,0.397375,659.2028125,581.00575,410.50975,76.9399375,186.65775,536.6004375,259.244875,437.8495,117.736625
1.4827070495591075,1018.4624375,900.090375,582.3725,676.208875,519.1101875,854.1229375,807.2594375,833.2396875,753.163375,286.9270625,648.7689375,909.0333125,386.4630625,886.0208125,278.8336875,630.2995625,467.2569375,272.58025,845.5850625,709.6995625,339.454375,190.13425,156.0183125,327.88225,371.6816875,149.4053125,501.9199375,655.54,51.9606875,524.8914375,381.475625,450.255,567.769875,461.7115625,414.10475,670.010125,135.411875,337.94075,276.769625,337.22975,619.58475,-85.4459375,652.49475,330.9503125,525.152625,348.3864375,620.52925,469.0719375,433.24675,348.651625,305.8346875,571.553,732.363375,523.3774375,374.8323125,490.3900625,508.51025,388.8935625,214.6925625,178.808375,337.0713125,256.512375,104.2721875,509.63775,359.3258125,456.6143125,283.9745,744.0479375,209.379875,333.394125,47.294,-125.660875,353.0515625,566.485,308.4380625,460.83575,368.012375,-113.3456875,284.2783125,593.5965625,256.19925,429.1969375,365.075125,62.490375,136.2888125,301.2188125,436.076875,592.7085625,401.37225,-81.473875,73.0679375,120.491375,157.8645,279.74225,476.274,303.6381875,359.1385625,399.2418125,185.52625,789.770375,251.3525625,172.76775,180.4673125,524.8010625,265.556,270.48175,160.185875,9.808625,414.8141875,528.001875,346.1246875,259.948375,674.38375,331.4530625,356.225875,749.7536875,95.3319375,257.6575,38.085,181.6345625,9.508625,661.1273125,582.4015,455.4321875,103.4154375,204.7119375,506.2274375,315.3436875,440.8886875,134.2866875
1.4867795722811765,1091.3316875,904.4084375,598.153125,726.618,561.8209375,825.7678125,885.0323125,824.4979375,759.8681875,334.054625,627.303125,901.36425,402.2269375,836.9148125,297.17325,591.6205,580.8665625,302.42925,772.193125,692.42625,336.9864375,217.6665625,199.9603125,354.099625,463.00775,241.771875,556.013125,666.7489375,72.0468125,567.694125,384.4906875,425.7755,611.721,495.04925,431.9059375,735.3143125,161.6895625,386.169875,263.5741875,330.885875,689.933625,2.2416875,642.6484375,354.05125,529.1369375,409.82075,555.72525,465.4546875,519.264125,312.749375,331.0435,653.5848125,726.33575,553.4265625,376.01675,493.5294375,508.60825,479.745625,241.556125,214.9580625,391.61775,226.359875,111.3819375,486.8348125,352.7910625,448.4895,332.610625,723.07725,181.150875,393.9731875,96.8516875,-124.7178125,440.7185625,567.947125,358.6843125,523.396125,368.2616875,-124.1098125,307.263875,596.131875,333.9703125,411.177,385.47875,118.1905,132.85025,284.12175,462.4868125,600.9061875,391.6470625,-62.17275,141.0513125,179.6899375,139.36325,290.4853125,518.422625,312.829125,362.2993125,391.3343125,194.8225,810.2893125,273.375,150.6456875,184.028125,541.9454375,267.8103125,318.107375,165.387625,9.742875,400.124375,583.5225,358.6886875,328.68075,691.8189375,343.2740625,355.572125,788.239625,89.3321875,248.1153125,70.6569375,188.665125,25.548625,636.1876875,595.764125,512.535,116.1886875,221.80225,471.09525,376.6378125,439.1044375,158.0456875
1.4908520950032598,1147.195875,892.333625,642.6545,752.924375,604.1388125,813.8971875,958.32475,816.0951875,741.5149375,391.051375,601.59375,885.1434375,423.893625,791.9710625,344.1084375,546.13575,689.82275,343.7731875,695.943125,666.650625,355.739875,261.9329375,229.786,364.6876875,536.54325,341.4604375,604.97425,679.2805625,104.39225,618.5826875,393.8719375,419.54475,656.2939375,514.89725,446.84475,778.4891875,189.6604375,414.24425,277.3768125,342.5895625,751.2525625,102.969875,618.64075,393.4850625,530.2995625,475.9678125,506.930875,457.6685,608.7239375,279.2355625,371.4996875,720.8745625,713.43875,593.2081875,375.591125,517.1584375,526.006,574.0684375,267.7015625,258.38125,453.21825,204.275875,111.240875,462.471125,355.7109375,470.5388125,393.4135,718.16325,163.540375,441.9346875,144.564,-99.849375,515.8355,566.5355,400.54625,604.4913125,388.7855625,-104.918625,339.2734375,597.7716875,411.62325,411.289,413.4924375,150.0003125,168.10475,256.5410625,492.9688125,623.6840625,390.3141875,-24.7239375,231.6419375,227.0491875,151.2511875,297.4155,585.427625,350.899875,346.9625625,373.7159375,215.4718125,809.0279375,299.0355,143.9678125,197.940875,566.5191875,271.230125,357.1401875,178.763875,46.0535,386.7975625,669.6015,373.669125,382.4155,693.6814375,350.64375,371.6155625,815.9155625,95.8428125,255.749375,106.215,198.054,45.7778125,605.4039375,616.54075,568.644375,102.18025,226.3860625,452.9971875,426.9214375,439.7384375,196.437375
1.4949246177253288,1180.606625,865.1075,725.9743125,755.5161875,659.4730625,822.09875,1025.9293125,804.5176875,710.9019375,462.8410625,587.221875,868.359,450.9956875,762.6555625,418.23625,507.74225,787.382875,382.63375,633.5923125,647.3748125,397.800125,329.0280625,249.16375,370.99725,586.3975625,440.422125,634.214625,702.435125,142.7676875,669.851375,407.69225,440.879625,703.74525,527.98125,465.478125,803.30275,223.89875,420.58625,322.3296875,361.8423125,798.2621875,200.4426875,589.2833125,458.634125,555.365,539.3034375,477.0678125,440.11925,695.8186875,266.194625,433.2958125,778.3819375,700.3878125,649.8825625,378.9254375,548.5393125,556.4598125,664.4030625,298.705625,304.5331875,517.887,211.80075,118.4035,445.6311875,375.80225,524.1766875,466.2960625,730.31725,148.7961875,460.56025,178.0765,-53.3026875,572.2995625,561.718625,437.4421875,696.810875,431.784375,-60.3275,377.7775,609.6158125,471.414625,436.0363125,450.8163125,173.0061875,243.0925625,225.69725,529.11825,649.12125,390.12125,26.5535,338.62275,275.7890625,191.3441875,307.1685625,665.724875,412.8366875,318.703875,358.1620625,258.5260625,795.904625,327.457,157.8486875,216.4635625,598.358125,276.9970625,386.5659375,201.672625,114.5185,370.7935,775.219125,374.491875,421.8560625,697.711,352.1393125,401.688,823.744,123.0761875,275.7325,163.7581875,214.6620625,71.1065,583.662875,636.603125,607.7239375,73.0094375,217.8275,463.253,460.52925,448.293375,261.5168125
1.498997140447412,1195.0451875,828.1453125,841.529875,745.00125,736.3538125,843.340125,1081.736375,800.27425,687.166375,557.16675,594.476375,856.7620625,489.539625,762.039375,512.654875,489.94675,871.450875,412.7166875,599.57975,648.27025,464.10875,414.2280625,273.5194375,386.2305625,619.1855,537.407375,641.8900625,743.4101875,185.923875,716.1981875,426.2724375,491.6050625,760.6424375,550.8811875,498.7311875,812.4286875,267.5799375,412.6675,385.37425,385.036875,830.841625,284.7156875,572.4011875,548.8846875,626.0229375,590.83425,464.77375,411.8055,772.923375,281.01475,508.5925,832.885625,688.65675,717.178,385.67325,578.8523125,593.087375,745.4770625,334.1689375,355.7484375,587.329125,248.06425,146.133125,442.7123125,406.692625,592.3675,554.1935,757.41025,135.7180625,460.328375,199.7490625,12.7309375,612.806125,557.1570625,475.3826875,787.010625,495.317625,2.762875,422.537875,638.9128125,506.1426875,486.7561875,493.81375,204.645125,342.8920625,204.633,571.0276875,666.108375,391.24875,84.439375,453.0905,339.3996875,249.7829375,318.3486875,738.6001875,483.0455625,290.9046875,355.191875,329.05875,790.97775,358.6176875,190.6063125,241.1025,639.935625,292.5521875,415.937625,233.0558125,199.7004375,365.0435,883.49925,352.7348125,455.6094375,717.3178125,354.3718125,436.4824375,813.52425,167.4920625,302.9565,239.3970625,241.51325,108.098375,573.8365,654.8893125,618.679,57.8610625,207.462125,493.8706875,478.0925625,460.9571875,356.5320625
1.5030696631694953,1204.327625,792.4399375,974.5475,731.339,830.7778125,871.81275,1116.53175,819.459375,684.8135,673.47025,625.189625,856.1974375,541.3994375,797.479125,614.5240625,494.142125,945.253375,440.2105,602.539625,681.905625,552.6234375,510.10825,315.179875,419.6615,650.31275,630.9814375,635.1184375,803.4358125,234.155875,755.847375,454.470625,560.42825,832.3066875,598.1115,545.24,803.2669375,320.0028125,406.339625,446.7321875,415.1334375,857.533375,363.38175,588.170875,649.05975,735.236625,624.5120625,471.9453125,383.58325,827.2935,321.88,588.9995625,890.633375,672.0746875,778.370625,401.0395625,607.653875,638.5979375,823.5114375,371.1728125,413.809875,666.7225,299.456,198.532375,452.4775,433.482,648.1721875,651.6255,789.6399375,131.194625,465.29325,222.864375,101.4120625,641.4021875,559.088625,520.777125,858.4074375,574.5185,83.2911875,473.7785,678.0141875,527.7871875,554.680125,532.6736875,247.3718125,443.6803125,208.75325,613.3363125,677.884125,400.682,142.9863125,562.538625,414.7715625,316.1148125,320.8558125,784.9631875,544.834625,275.738625,371.1265625,422.4129375,812.42975,393.572625,233.099375,277.4394375,694.7658125,326.424875,460.2831875,272.804875,290.8216875,393.6679375,981.004625,314.8669375,492.4925625,748.6905,362.0788125,470.1026875,790.207125,220.707375,337.1083125,313.1766875,275.6521875,163.7023125,575.5350625,678.43125,605.569,78.153625,208.8224375,529.1475,482.4319375,469.3449375,466.5754375
1.5071421858915643,1225.348625,771.8024375,1110.151,721.364375,931.1673125,910.51,1121.0611875,868.2035625,704.8533125,804.9585,677.94325,873.3211875,597.344875,856.9956875,711.0403125,514.1841875,1011.9133125,476.81225,637.2708125,756.800375,656.0126875,609.2471875,374.9594375,473.382,694.4963125,720.4995625,628.291875,880.48275,288.5063125,789.5286875,497.049875,630.2448125,918.249875,672.6926875,594.7804375,784.7745,379.23,419.85725,496.61,450.82125,884.4536875,451.500875,647.14225,740.3765625,855.03325,647.4611875,505.674625,369.517625,855.082375,385.5111875,673.909125,957.5015,646.725625,825.7840625,436.0389375,640.2126875,706.6316875,910.724125,413.1981875,476.5161875,756.4581875,356.419125,270.964125,469.688,449.9246875,677.360875,742.483625,814.3138125,146.9280625,490.6998125,261.2365625,212.9494375,662.846375,572.9355625,577.0348125,901.3831875,656.99025,179.0928125,529.8420625,710.1641875,554.52725,628.6815,562.5364375,291.8124375,526.289375,247.1535,648.7478125,695.936375,428.063375,202.3190625,653.5708125,487.7384375,386.075625,311.4521875,799.3056875,590.3940625,278.9776875,409.13275,527.5369375,867.7125625,435.9950625,278.156625,329.1804375,755.5490625,377.953875,527.0364375,321.492375,386.51575,471.02275,1060.33425,279.8933125,539.9204375,779.3176875,374.3138125,506.545,757.4525,284.186875,384.7824375,376.5368125,313.51925,238.9325,589.2275625,715.1108125,589.17075,133.59175,229.658625,562.233875,483.1785625,470.0933125,567.2803125
1.5112147086136476,1269.8143125,778.7046875,1237.7896875,725.59975,1025.1345625,971.29925,1093.8781875,940.4404375,740.4063125,942.8180625,751.4103125,907.5589375,645.9988125,915.34775,791.8425625,546.3863125,1065.531375,529.1110625,684.3904375,870.6555625,764.312375,703.1998125,450.6943125,544.0769375,757.0141875,804.9205,642.6550625,972.170125,348.1339375,820.591375,555.563625,690.0105625,1011.0093125,762.0455625,647.1099375,778.949125,446.525625,470.2285,535.549625,484.1591875,905.503875,557.3908125,743.6820625,815.569625,962.048625,679.961375,576.1868125,378.99975,869.090625,468.0599375,764.272,1033.785125,624.4854375,866.19575,496.2833125,685.737125,801.7329375,1008.0834375,467.306875,539.0405,852.9065625,415.425875,355.399625,495.7420625,470.1664375,688.8249375,808.8269375,828.2720625,194.9493125,538.56925,317.544,339.1554375,688.030625,602.371125,637.16225,920.93975,726.9795625,281.2785,584.866125,728.7826875,597.0339375,705.1044375,591.61525,336.5766875,590.577625,316.763625,678.1215,728.5140625,478.226375,263.2246875,717.871,548.575875,463.085125,309.7053125,795.061625,626.9565,302.94275,465.339,629.1881875,952.6254375,495.4655625,329.1225,394.4696875,803.7005,438.96825,608.1195625,380.0695,484.7951875,587.7189375,1117.0440625,269.9460625,606.993125,800.2993125,389.7323125,551.6043125,721.668875,367.175875,457.0705,440.515875,357.8866875,325.330875,612.7581875,766.0156875,595.916625,211.0414375,268.4870625,595.369,497.11375,470.1928125,647.97775
1.5152872313357166,1341.21775,820.6838125,1350.8905,759.398,1101.559,1062.3285625,1046.2716875,1025.482625,789.2474375,1075.3453125,841.788625,949.465625,685.410625,954.8299375,850.2211875,591.717,1095.4076875,595.51675,728.26925,1009.4925625,868.7850625,788.0961875,543.5500625,625.2139375,835.0859375,877.6101875,694.332875,1071.882875,408.780125,852.58975,630.0665625,742.651875,1099.893875,847.4225,714.016125,802.412375,525.8275625,568.4945,566.5875,512.472125,908.939875,675.771875,859.145625,875.2738125,1048.589,739.618625,688.131375,413.4665,889.3016875,563.150875,861.514125,1111.3174375,629.5718125,907.5955,578.1174375,752.9443125,908.5700625,1102.77125,535.2229375,596.9705,954.114875,475.3134375,445.933875,538.870875,518.685,701.027,843.313,841.5288125,277.31275,607.2246875,385.365125,466.92,730.191375,649.5778125,686.307625,931.320125,778.3663125,383.4716875,627.8508125,747.29825,661.824125,782.4421875,631.500375,392.4484375,651.4585625,407.5819375,713.5336875,779.75725,546.1176875,324.178625,759.9526875,600.913625,551.8658125,348.7026875,797.7865,672.3161875,347.4770625,529.2888125,713.4693125,1056.06775,580.296625,393.67975,466.1401875,826.537375,505.6015,688.445625,450.684875,580.7608125,718.1020625,1148.0459375,301.3464375,697.8719375,811.8683125,409.040875,604.3509375,690.3201875,470.33075,563.161125,518.1356875,417.258375,409.3231875,642.4894375,821.314,640.8818125,296.45075,315.714,631.346125,534.9775,481.9209375,718.6204375
1.5193597540577999,1435.4974375,897.91425,1445.440125,832.5640625,1152.58075,1174.657125,995.80625,1111.3484375,854.9973125,1191.3598125,940.318375,991.66175,719.4730625,976.197625,889.3095,651.6185625,1099.3599375,667.301,770.9478125,1152.3589375,963.79575,866.26625,650.4766875,705.393,925.4495,929.6460625,783.4770625,1166.0256875,470.07575,886.7000625,720.024125,801.196625,1177.8995,918.4304375,800.0776875,855.2488125,620.7528125,708.25775,595.6538125,544.717875,892.037625,792.5713125,970.8179375,922.346625,1116.83975,826.19975,833.367375,468.096625,930.25125,666.6430625,968.2624375,1182.253875,677.6114375,950.137625,673.8396875,843.4544375,1009.58125,1185.3101875,611.5658125,646.667375,1060.2560625,538.575,538.1364375,605.675875,605.04325,727.325125,856.486375,867.0885,380.655375,694.3503125,465.6230625,581.3123125,793.283875,712.1600625,718.095125,941.2801875,817.0435,486.664375,652.1451875,779.273625,751.496375,856.0055625,685.72,465.669875,719.0623125,512.0615625,765.196,851.90475,623.0506875,382.46,797.7056875,655.3056875,656.0818125,444.9353125,827.5554375,739.15175,407.863375,593.1034375,777.4649375,1164.99675,688.201,472.144,536.8784375,826.8359375,579.72075,759.39775,535.330125,671.921875,839.6316875,1154.9004375,379.8261875,800.692375,821.1781875,433.024625,663.06575,667.18675,584.3725,698.28775,608.56825,494.9066875,482.9995625,677.9120625,865.1815625,717.428625,379.5299375,361.3863125,667.6220625,594.3945625,513.725,791.37875
1.523432276779869,1540.14575,1002.7068125,1521.868625,937.3721875,1182.03425,1287.218625,954.3343125,1184.3039375,937.6376875,1283.6405625,1037.7455,1033.9139375,749.6898125,990.5464375,918.9759375,720.7928125,1089.3753125,735.510375,822.2813125,1283.5385,1045.277875,941.7343125,758.442375,775.95525,1025.95625,958.8080625,895.868625,1242.422875,536.6606875,924.5545,824.4384375,873.0238125,1247.3464375,970.28125,890.3718125,927.7488125,730.09625,861.2978125,636.0130625,590.5296875,864.6356875,895.1544375,1063.7794375,963.2890625,1173.532875,922.529125,991.6465,535.831875,993.6955625,779.6536875,1082.5898125,1247.1925,763.0059375,988.7113125,778.2034375,949.8399375,1100.151375,1252.894125,690.119,686.7411875,1169.3214375,608.867875,630.5453125,694.103625,712.1695,772.2753125,868.8046875,909.432625,485.726375,789.798125,571.4625,670.447,870.3208125,780.2775,743.858875,948.4760625,849.8425625,592.35525,664.4905625,819.558125,855.33025,922.125625,749.25025,552.56075,790.068125,624.3669375,828.79525,942.9490625,703.0944375,434.3184375,849.537375,717.9593125,777.9510625,583.0125,887.5013125,822.3211875,474.9140625,654.9656875,827.50075,1264.0389375,811.9741875,554.15,601.639,818.1089375,661.6226875,823.3235625,632.49875,754.4393125,941.7724375,1147.45925,497.8274375,891.3063125,834.5460625,466.3286875,730.714625,656.7035625,704.8794375,841.9493125,701.692375,580.74475,545.75675,716.654875,889.5025,805.6255625,454.2413125,407.166625,701.8091875,668.9948125,564.361625,864.4884375
1.5275047995019522,1635.74875,1119.789375,1584.3425625,1053.0139375,1203.153125,1384.2344375,925.14425,1236.1560625,1031.038,1349.74225,1129.4244375,1080.068875,778.9633125,1007.1665625,943.7716875,785.3018125,1077.6619375,798.6999375,885.7394375,1397.9825,1109.446625,1015.8885,850.8629375,840.0548125,1130.8616875,969.5241875,1008.0818125,1297.684625,610.612375,968.517875,941.009875,947.13725,1315.3665625,992.9393125,959.8415625,1006.9266875,844.36,994.826125,702.4549375,648.60375,841.033875,976.91725,1136.722125,1005.7914375,1223.205,1007.161625,1135.8163125,607.5161875,1070.3699375,898.8321875,1197.6915,1308.770875,866.382375,1015.6123125,887.506375,1057.628125,1182.704375,1298.50275,766.007375,718.2159375,1273.6641875,688.3344375,727.4583125,792.038875,812.0479375,829.6405625,893.7085,961.2379375,581.8449375,875.6070625,708.339625,732.4305625,950.3424375,839.6536875,780.4955,949.3804375,877.4484375,692.87925,679.346875,855.7744375,953.07,978.0644375,815.4273125,648.5329375,853.9438125,738.5689375,889.4283125,1042.237,779.314,476.8380625,917.28975,788.4311875,910.7720625,730.041625,968.2260625,902.158875,537.7560625,715.68425,867.22875,1335.01475,946.9321875,624.6556875,655.959875,816.3051875,747.941875,886.1116875,734.5591875,819.0993125,1019.15575,1140.0468125,635.0531875,950.398375,852.66825,516.956,807.487875,666.8921875,833.6975625,971.3450625,790.6115625,658.377875,597.2514375,749.391375,898.5881875,891.2475625,519.20025,465.039875,737.13525,751.6609375,625.7504375,926.9296875
1.5315773222240354,1707.3228125,1232.7180625,1636.4418125,1161.5556875,1221.18125,1463.250625,908.489625,1271.4885625,1131.91425,1392.1991875,1211.11625,1131.340875,813.1698125,1030.6860625,963.310875,831.5503125,1063.1328125,858.481625,954.5739375,1491.2584375,1157.580875,1085.135875,916.505875,902.78875,1225.9529375,967.9281875,1093.5378125,1330.3891875,686.5308125,1014.0830625,1064.3344375,1000.5044375,1381.6160625,978.2226875,991.6998125,1079.083625,949.9493125,1087.2145,797.619625,708.3875625,834.062625,1035.244625,1191.786125,1053.122125,1261.383625,1065.294,1242.3400625,671.831,1146.5300625,1007.4065625,1304.378125,1359.5535625,970.108375,1023.548625,989.3606875,1148.007625,1255.4514375,1313.598125,830.5911875,739.617875,1360.9676875,779.230625,828.797125,882.6761875,887.6261875,883.387375,930.05125,1009.833375,671.593125,937.3008125,856.2243125,774.8270625,1022.36375,880.0115,831.1683125,948.0991875,895.8168125,771.5393125,705.7851875,882.19925,1026.94575,1018.2508125,877.5408125,749.4416875,900.901,850.202,934.5553125,1128.7405625,839.73475,507.6754375,984.5925,858.9271875,1038.991375,857.7806875,1059.898875,961.48475,586.8869375,775.70075,894.3474375,1364.6284375,1085.1745,674.35375,698.3740625,831.3665,833.01925,943.4345,825.9701875,857.420875,1065.4310625,1142.9695,763.508125,978.797125,868.885125,586.372625,883.13825,697.814,960.7301875,1070.8639375,869.946375,719.3123125,635.436,767.880125,900.6443125,969.7236875,575.193375,535.716875,770.71925,829.3585625,690.480625,970.433125
1.5356498449461045,1749.5949375,1332.290625,1677.590125,1254.0579375,1231.8683125,1528.7503125,904.362375,1305.3075,1242.6321875,1414.834,1273.12125,1179.785,854.848625,1058.2168125,980.2131875,855.0305,1038.879125,910.6203125,1013.3314375,1554.1291875,1194.285625,1145.58275,952.6779375,958.7495,1290.7991875,961.3691875,1134.0716875,1337.0225625,752.36625,1048.7074375,1185.8420625,1017.59975,1432.810625,931.861125,985.0445,1133.930125,1035.0739375,1131.452,908.7065,758.54175,853.562125,1068.674875,1223.5163125,1100.585375,1278.1943125,1092.4659375,1305.6509375,718.4235,1208.3115,1082.5785625,1390.6364375,1383.078625,1064.2685,1010.7935,1059.014,1199.325125,1306.20775,1298.627625,872.2286875,746.41425,1419.7551875,878.544,919.7423125,950.9623125,938.0355625,916.305625,968.838375,1044.112,759.4853125,970.39325,979.267625,803.345375,1074.0389375,900.090625,879.20875,953.1144375,901.238625,817.0240625,740.429375,896.2275,1066.5635,1035.771125,926.0489375,847.344375,926.2524375,950.0625,962.5588125,1176.769375,870.8659375,522.8046875,1034.5039375,913.3165,1147.7443125,952.0503125,1158.0065,994.9078125,620.208125,832.5515,907.4126875,1349.460875,1208.7735625,700.507875,731.439625,864.962125,907.1636875,980.6885,889.24275,866.51575,1077.9329375,1156.428625,856.3564375,991.72725,869.564375,662.049,941.9836875,733.5115,1059.2935,1129.489875,931.4263125,765.9275625,657.183375,770.0523125,902.881,1036.7085625,622.288875,601.4411875,787.926375,885.6494375,750.89475,991.57925
1.5397223676681877,1756.8148125,1415.4810625,1705.1455,1325.198125,1236.9058125,1583.8168125,911.0234375,1351.3074375,1360.716125,1416.506125,1306.368125,1211.2599375,901.723,1080.170625,998.4405625,856.13175,1004.7261875,947.341875,1044.6434375,1578.9676875,1219.18625,1196.30025,961.8120625,997.4686875,1312.3025625,956.94525,1130.8136875,1319.7094375,795.1526875,1060.73775,1292.595,997.645875,1450.232125,869.7610625,949.2143125,1162.939375,1091.1610625,1133.2820625,1013.16025,790.5978125,898.31875,1073.560375,1221.6464375,1138.6161875,1266.2665625,1090.6308125,1336.6524375,743.2079375,1250.855,1113.91525,1445.1468125,1369.887,1142.23525,983.0508125,1074.8289375,1195.2725625,1313.9995625,1265.16075,887.9934375,737.816875,1444.616375,971.298,983.4258125,988.089125,970.1968125,919.8698125,1002.9773125,1056.7421875,839.542625,978.08,1050.4580625,812.1021875,1090.892,902.46075,902.5589375,970.179375,897.041375,833.1959375,774.707875,892.88875,1069.085375,1025.4159375,953.682875,929.9605,931.601375,1021.592875,980.3253125,1171.88775,867.744375,514.6195625,1061.2495,935.3753125,1226.640875,1008.9329375,1255.071625,1003.675625,643.6325625,876.895875,906.279,1294.765125,1294.0800625,702.086375,752.5195,911.9541875,958.7928125,988.6658125,916.160375,849.1210625,1062.587625,1168.4264375,899.026125,997.3790625,844.2230625,722.0236875,971.3508125,754.5564375,1104.24575,1137.779,966.5685625,806.2889375,660.9731875,756.25,911.0625,1081.0509375,658.2739375,646.7093125,776.167375,911.734,799.58675,991.5883125
1.5437948903902567,1723.2895,1476.667375,1720.2848125,1371.28475,1246.4528125,1626.5375625,923.2679375,1409.0805625,1474.42375,1391.972875,1312.560125,1218.0285625,945.8194375,1090.077,1015.5285625,834.9769375,968.176625,967.3525625,1041.317,1564.5713125,1227.887375,1234.049125,946.357375,1014.73725,1291.9635,956.974125,1099.3910625,1287.0620625,804.0699375,1045.8249375,1368.1664375,945.9894375,1427.57675,808.1771875,895.218875,1160.661375,1112.8355625,1101.957875,1087.4110625,797.552375,951.095875,1048.124875,1180.2589375,1153.2481875,1226.6775,1062.6599375,1345.7404375,750.48175,1283.5904375,1111.7116875,1461.0655625,1324.7878125,1195.719125,945.656,1036.139,1136.839625,1264.7246875,1226.577875,886.3380625,724.884625,1435.8388125,1037.707375,1019.0523125,994.530625,989.5146875,895.758125,1027.997125,1047.624625,897.5524375,968.568125,1064.5795625,790.4984375,1064.6189375,889.227625,891.8519375,999.02175,892.4898125,827.40325,804.277375,869.728625,1036.1840625,984.2719375,959.9930625,983.650625,922.65725,1054.3190625,993.94,1122.4643125,835.06775,476.143625,1062.618375,919.1981875,1265.80475,1026.568,1331.0773125,989.4030625,663.0930625,895.3005625,887.8805625,1212.88,1322.19425,684.91275,751.717125,960.863125,983.9861875,968.688125,909.1866875,813.7625,1029.32175,1162.618,893.4019375,993.2560625,793.87925,745.4136875,967.366625,754.210625,1088.5884375,1095.316625,971.492125,849.0716875,650.3766875,730.6791875,927.522,1082.8211875,676.253,669.749625,734.979875,913.60125,835.5531875,975.0891875
1.54786741311234,1657.642125,1507.0433125,1726.785875,1393.15175,1260.0724375,1650.6816875,932.6095,1464.906,1571.5470625,1338.7071875,1299.498375,1204.546625,976.172375,1090.9345625,1023.606875,793.7310625,937.8171875,971.696,1010.52175,1517.580875,1217.5679375,1249.942625,905.944875,1014.187625,1238.562125,959.784,1052.8536875,1244.24525,774.34375,1005.002875,1400.31575,868.3295625,1374.320875,757.9136875,828.7819375,1131.3294375,1101.118875,1045.94575,1118.672,774.347875,992.8944375,1000.7958125,1102.1195,1127.169,1167.08,1015.5703125,1335.5535,746.058625,1316.8650625,1092.7755,1437.047625,1254.1354375,1214.3990625,896.494125,962.7893125,1040.1601875,1169.5161875,1189.480625,877.6645625,723.252125,1396.8101875,1068.33875,1036.096625,977.7415625,993.142,852.2310625,1038.6434375,1025.0476875,920.24025,949.9031875,1032.054375,740.0561875,1000.289125,864.443375,852.122,1032.358375,891.55625,799.50275,826.3638125,836.917875,973.123375,914.582375,945.6251875,996.192875,905.41225,1051.4521875,1002.0423125,1050.79,778.3148125,412.147375,1036.027875,870.091375,1253.97975,1005.631875,1359.833375,954.9894375,679.4155625,882.5425625,848.6669375,1121.4458125,1287.8115625,662.07575,725.6238125,997.4545,986.022,928.765125,875.2033125,771.1891875,983.8556875,1129.4525625,851.7910625,975.150875,727.057375,720.374875,935.37925,740.605375,1024.588625,1019.5969375,951.0043125,893.5271875,630.1205625,703.26725,948.80725,1023.7265,669.1240625,673.736,674.247,904.81575,859.236,941.5135625
1.551939935834409,1582.2650625,1503.5394375,1724.4281875,1396.3484375,1258.9899375,1649.96075,933.70425,1499.165875,1645.7635,1259.1859375,1271.3156875,1179.888625,984.574875,1087.281375,1017.0850625,738.07125,918.1889375,950.8755,964.629375,1449.2808125,1189.1653125,1232.3018125,839.7751875,1003.5936875,1163.534125,959.759875,995.1076875,1185.6784375,714.1614375,940.0473125,1384.4640625,771.1281875,1300.82425,722.9454375,748.642,1086.9825,1066.033125,974.778,1109.5125,721.506375,1018.6024375,946.4316875,998.1794375,1051.1215625,1091.977125,962.0186875,1305.9751875,727.320875,1345.0835625,1064.824625,1376.560875,1155.597,1190.094,832.4515625,877.5964375,922.1856875,1059.6661875,1154.4460625,869.404625,737.1331875,1330.4438125,1063.7755,1040.3096875,948.0385,969.8460625,803.489875,1031.184,999.8465,902.400125,922.2289375,967.1965,675.340125,907.36575,833.10475,792.350375,1057.9568125,886.8785,748.4828125,833.2805,812.569625,890.7585,824.368375,907.9225,958.2709375,883.31525,1021.203875,997.3785,974.548,698.2430625,344.0590625,985.9015625,798.348875,1185.60975,955.5390625,1328.367625,905.922375,688.7199375,842.7420625,790.1851875,1036.7241875,1200.5286875,639.7440625,685.078125,1009.683,965.42625,886.2490625,824.048375,728.1445625,927.95925,1069.035375,786.8638125,936.1256875,653.3008125,651.58925,883.5304375,726.58225,931.3368125,936.9235,913.0171875,924.0756875,604.11475,681.0074375,963.2543125,902.80725,637.75875,658.0005,606.8086875,892.938,864.8313125,881.121875
1.5560124585564923,1517.833,1470.8596875,1710.8815,1388.848125,1227.47,1626.9231875,927.439625,1490.6858125,1692.557625,1162.8065,1227.532875,1151.176375,966.5161875,1075.0955,995.6096875,675.9065625,906.3375625,890.44375,911.6573125,1371.0711875,1146.9398125,1174.271,752.3215625,990.9870625,1081.7934375,947.3768125,928.2451875,1101.7334375,641.456875,851.0646875,1323.46925,661.6438125,1209.8655,703.3308125,650.743875,1037.6288125,1020.0044375,898.238375,1068.64925,647.064375,1033.005375,893.2159375,885.2126875,931.105625,1000.2151875,910.155125,1256.7818125,686.447125,1345.281875,1029.523875,1286.574875,1028.1179375,1124.191125,759.3085,790.0269375,795.4219375,964.6615,1116.093625,865.23975,760.1488125,1238.7530625,1025.245875,1033.2851875,915.5759375,908.378875,765.746625,1004.370875,978.4366875,852.0366875,878.30525,882.23525,609.7136875,789.4346875,794.3016875,717.7785625,1065.073,866.2888125,677.6256875,813.59,804.0133125,801.9391875,727.2703125,845.263125,867.5423125,855.36225,970.59275,971.6133125,900.555125,593.408125,298.9540625,923.4490625,712.578875,1071.89525,892.0211875,1244.6965625,846.9106875,684.397375,778.9485,721.6603125,963.99125,1080.0185,610.0886875,643.3835,991.0423125,919.1656875,859.9186875,770.525875,689.405,864.31775,988.313125,708.667625,870.3396875,580.2445,559.348,813.951,716.090125,826.8646875,865.5405,859.3739375,921.903875,576.480125,659.7035,955.78875,736.887875,592.697375,617.261625,541.6369375,877.438375,844.36775,785.96875
1.5600849812785755,1468.796375,1418.39775,1686.7630625,1376.4851875,1167.9693125,1592.9175625,912.60075,1428.0274375,1701.60625,1065.98625,1167.617,1126.38275,925.5615625,1045.2480625,961.7350625,615.9269375,893.180125,787.2733125,855.01925,1292.3078125,1093.37325,1080.3155625,652.8929375,978.438875,1006.077875,914.6068125,860.6263125,990.11375,572.7010625,739.05675,1228.2495625,547.7961875,1101.9655,694.8500625,536.0540625,984.3093125,968.3746875,825.29075,1002.6666875,562.5405,1040.237375,835.9486875,777.9706875,786.054,891.5786875,858.1275,1186.358,623.4765,1294.854625,987.176125,1178.545375,885.529,1030.9439375,689.935,698.638875,675.5413125,895.0418125,1063.314375,862.0733125,783.74125,1127.4304375,955.0595,1012.7386875,881.5913125,806.58275,742.954625,958.880875,957.049875,787.509125,812.258625,790.0541875,550.557125,651.5746875,739.400625,635.502625,1050.45375,825.9703125,592.837375,761.2963125,801.2115625,716.671625,645.048125,760.2701875,734.4849375,822.081,908.496875,917.2405625,830.41625,469.293375,291.1199375,856.101625,618.4705625,942.741875,829.1105625,1123.5535625,781.350625,659.0725,689.9241875,655.972375,896.4444375,946.7605,561.0309375,599.9975625,940.0870625,848.170625,852.7948125,725.102625,658.3715625,797.3998125,898.0285625,628.762875,785.8819375,512.4405625,467.5163125,719.915375,700.261875,728.57775,811.8284375,792.352,880.238625,547.141,626.587,914.41925,553.5746875,546.809,548.9995625,485.9895625,854.557125,796.2571875,663.6929375
1.5641575040006446,1420.8831875,1355.652375,1650.93775,1358.9430625,1089.7686875,1553.1009375,882.9604375,1321.5121875,1659.7096875,982.0435,1096.022125,1113.1828125,874.583125,996.476625,918.8413125,568.7704375,870.91675,652.0333125,798.6650625,1218.66775,1025.3635,965.9624375,550.222875,960.2619375,940.6815,858.8729375,800.6423125,857.08325,515.2586875,614.6376875,1111.3744375,439.4658125,984.88725,689.2200625,416.0141875,923.5988125,909.4880625,760.1683125,921.3871875,480.367125,1042.4128125,766.7511875,679.571125,638.4961875,774.5093125,800.05275,1094.5854375,551.360375,1192.071375,933.9705,1066.51475,748.7513125,928.177,632.7800625,601.59,579.8525,838.825125,986.176625,849.3474375,795.94875,1008.2444375,862.45475,972.9084375,835.880625,673.128875,719.0526875,900.3325625,924.36925,723.8679375,728.43275,703.0666875,501.5469375,509.1503125,660.3541875,558.8464375,1020.613625,774.407,505.3006875,682.40525,783.5880625,641.753875,593.6593125,655.138375,584.72925,792.75875,844.9365,832.130875,766.9501875,341.542,314.9169375,783.892,522.5853125,830.8330625,773.0028125,975.824125,711.96725,607.2929375,574.746625,599.913375,824.85125,813.6471875,488.1771875,545.5761875,858.623125,759.745125,853.222375,685.19275,627.35425,733.97125,807.6965625,559.0225625,701.67275,451.012875,390.902125,598.534125,666.1651875,647.936125,771.310125,721.1923125,807.2388125,509.6343125,569.4264375,830.973875,382.1028125,507.258375,459.6024375,448.8195625,819.8086875,728.972875,536.2899375
1.5682300267227278,1358.7374375,1287.896375,1595.496,1328.4621875,993.404625,1499.161125,836.7346875,1196.9355625,1560.0050625,913.29725,1023.1720625,1110.826375,826.499625,939.512125,871.184125,544.0445625,840.2335,504.1954375,750.491125,1149.9021875,941.1290625,850.6085625,449.7234375,928.612375,884.3369375,782.1626875,743.5714375,714.545,468.6690625,497.290375,979.66225,347.8560625,874.9801875,677.3209375,306.384125,852.486,841.6335,696.461875,840.3100625,413.0119375,1040.5884375,685.4855625,584.041875,506.26475,667.2666875,733.734,987.171375,487.0435,1058.931125,867.7338125,960.578625,627.339125,828.312875,582.174125,500.076,512.8005,775.060875,882.5958125,818.307875,781.6454375,893.745375,762.12325,913.3878125,767.8024375,520.5546875,672.103625,837.67575,870.82225,663.8889375,638.76075,625.1485,460.8103125,382.1279375,561.8501875,496.44625,986.7739375,722.675625,432.152,588.5288125,733.8303125,578.1380625,564.3830625,530.577625,445.744,776.4135625,783.0180625,725.7343125,714.88325,229.4070625,352.7805,708.1285625,431.285,749.41275,722.823125,813.4873125,640.6448125,528.6826875,435.4145625,547.55825,745.72175,686.704125,398.55925,476.1401875,755.5514375,666.1355625,850.4009375,642.920625,580.7054375,679.2945,722.2878125,504.82125,629.105,395.8605,333.0815625,465.4725,605.586,585.435875,730.7835625,653.8775,718.4086875,454.8419375,482.9201875,703.946125,239.351125,474.683875,361.592375,434.5765,771.8245,657.3521875,427.0201875
1.5723025494447969,1280.552625,1215.6958125,1514.7026875,1277.654125,876.5291875,1421.0835625,783.881,1075.080625,1406.15125,854.757,957.147375,1111.68625,786.563375,886.3453125,825.6199375,542.317625,808.9488125,370.3576875,715.927625,1080.1301875,847.8359375,748.364625,356.8248125,880.0610625,833.7969375,689.9670625,676.9003125,575.730375,429.9428125,402.71525,841.17425,280.309,786.31075,650.384125,217.94275,766.875625,769.1709375,624.1309375,769.8848125,364.827375,1035.297375,596.2834375,491.9555625,397.00175,590.0371875,664.8861875,872.813875,436.6335,926.7818125,798.6849375,861.0028125,514.3005625,738.9394375,523.3408125,399.5370625,461.586,693.83625,758.158,770.10825,733.62375,794.065875,665.6380625,842.555875,676.18375,360.9341875,592.5649375,772.3986875,793.9695,600.458,548.738125,555.312875,420.0794375,284.25225,462.775375,446.2453125,953.7790625,673.936875,385.6659375,485.5151875,652.1685625,519.7455,533.481375,392.9130625,326.7849375,765.391375,718.4768125,616.139125,672.400125,149.529,386.466625,635.0841875,347.1778125,692.107625,674.464875,654.1165,570.6991875,427.8916875,277.9715625,489.7275,663.073,568.4640625,307.457875,394.3925625,649.1663125,583.197375,837.322,594.72475,511.068625,627.2815,641.8455625,463.304625,563.9460625,349.5956875,292.37325,349.1123125,519.122125,536.3310625,674.9324375,590.967125,627.7646875,378.667875,373.1145625,542.1045625,125.509125,444.3625,267.5974375,435.961125,715.754,594.963625,350.46775
1.57637507216688,1193.3199375,1137.6636875,1413.264,1210.01925,751.68075,1321.288875,734.8946875,961.82425,1216.9995625,800.643125,900.75325,1108.5575625,751.0251875,839.7126875,787.81075,552.2956875,783.6536875,274.91725,690.0366875,1006.645375,755.7435625,665.052375,277.6925,815.325375,785.1374375,593.2884375,596.6124375,451.400625,399.038375,333.4764375,713.037125,234.858625,716.4469375,605.004375,155.26675,663.813875,701.989375,542.7100625,708.12125,327.6886875,1026.555,501.71475,413.5175625,307.7553125,555.0145,604.941375,756.7055625,393.6869375,819.1274375,743.75475,760.993,395.391125,661.6024375,448.5200625,308.7624375,408.498625,602.509625,622.933375,711.77025,659.533125,718.5583125,577.258,766.441,569.9486875,208.9024375,490.10825,698.9566875,700.116375,527.595375,454.54325,496.6806875,369.038125,216.3386875,380.071125,402.9234375,915.872625,622.773375,365.0619375,375.9226875,556.74,461.950625,487.9115625,257.7113125,222.5885,738.338875,649.5716875,521.5260625,629.080125,107.939375,404.1313125,571.4655,272.6496875,651.649375,623.36,516.6968125,508.113125,316.729125,114.6519375,428.9150625,587.7825625,461.053,226.51525,307.1573125,560.5968125,522.3609375,802.6641875,540.4445625,424.6751875,559.440375,563.756,430.8191875,496.0565,315.62775,264.9328125,267.4533125,416.7436875,499.179375,594.438375,530.450875,544.1391875,289.89175,259.910625,363.5418125,31.533625,408.8623125,185.9523125,436.548625,660.9721875,549.51675,310.8555
1.5804475948889491,1101.8685,1055.7679375,1299.9129375,1138.4424375,642.4845,1217.1834375,685.2850625,857.4501875,1022.836125,746.6813125,858.228,1095.3414375,707.8255625,792.385125,754.798625,556.3061875,768.0600625,224.9995,660.938125,935.507625,670.6684375,601.1223125,215.48025,735.684125,736.730625,505.4826875,511.3850625,348.056625,383.2845,274.8005,610.1173125,202.1249375,643.7199375,547.11525,117.00925,547.200375,646.1690625,457.225375,648.888875,292.0029375,1011.7068125,405.8909375,354.211625,234.3731875,559.8429375,563.835875,641.8593125,351.5103125,740.2206875,708.5730625,657.4216875,264.3046875,592.1935,365.027625,232.723,342.85825,511.1960625,488.8559375,653.565,572.9933125,671.39175,494.64175,681.8485625,460.9949375,81.5219375,388.6834375,615.3031875,601.198625,451.840375,357.2294375,454.9066875,302.03375,168.863125,315.733125,363.7564375,863.5849375,563.2896875,361.165,269.776125,471.9514375,404.735375,433.3489375,141.163875,130.7439375,679.5165625,581.0238125,452.6485625,575.40275,96.9414375,403.1345,522.4224375,212.5041875,626.4585,570.048875,413.416625,458.5575,214.874375,-40.4205,373.694875,530.3308125,367.19125,154.792875,222.3773125,503.236125,482.990625,733.0441875,480.55875,328.383125,464.347875,489.085125,407.534875,418.413375,292.6104375,245.1144375,217.1155625,313.0181875,475.131375,492.0375,475.5493125,471.84575,208.66425,166.6144375,192.2115,-52.6045,361.790875,118.9918125,421.06625,612.0979375,517.7031875,304.7490625
1.5845201176110324,1008.313,974.7893125,1183.0476875,1074.2688125,565.1240625,1127.4096875,620.88,766.2185625,850.9211875,694.425625,831.317875,1065.0536875,643.3476875,734.75275,720.8734375,541.754875,759.02725,208.5946875,617.0156875,874.1391875,598.5635,553.60025,170.9461875,642.4465625,689.5095625,430.3895,431.9019375,267.292,389.68525,202.1295,531.8821875,173.3004375,543.73525,487.858,94.5101875,430.749875,598.324,369.2714375,589.7569375,259.9511875,979.807875,318.4073125,310.3060625,177.109,590.029125,539.82225,534.2484375,310.946875,677.9853125,680.2135,555.8314375,130.970125,525.435375,287.9676875,170.46875,264.397,420.2691875,368.2685,605.2405,482.7631875,647.2550625,414.989875,588.12975,357.20225,-8.554625,310.743,524.722625,507.6560625,389.673125,273.0019375,430.7345,223.1194375,130.5855625,260.9245625,326.908125,794.4590625,492.5801875,359.937625,182.8674375,413.964,347.5386875,383.1169375,47.1569375,53.388875,590.3691875,516.0806875,406.6966875,507.2925,103.6093125,384.3336875,488.925,169.0365,612.508375,519.6171875,343.9173125,425.639375,140.562625,-179.4729375,326.94675,492.56425,290.031375,86.866,144.23275,477.5134375,453.3231875,624.1853125,413.610625,219.7528125,353.4825,423.6264375,393.532125,332.116875,275.189125,227.5926875,189.1256875,219.316125,460.2565625,381.8529375,429.792375,410.6581875,152.400875,105.1671875,49.050125,-132.628625,302.2649375,63.690625,382.6915625,560.2230625,484.6820625,323.3766875
1.5885926403331014,918.357625,893.8661875,1073.4426875,1021.5806875,522.0134375,1058.9504375,534.9499375,692.2853125,716.0374375,649.731625,812.5863125,1010.465875,555.693375,662.912875,687.44475,508.9944375,738.4125,205.78225,553.1388125,821.4920625,545.8040625,515.335375,142.2856875,539.950125,639.60175,359.5744375,362.1371875,203.6660625,411.4713125,103.770125,467.2061875,142.847125,410.454125,439.2533125,76.6108125,334.3195625,551.65825,281.6561875,527.731125,239.888125,916.65225,246.682625,278.290625,139.57825,626.531625,515.8128125,436.9628125,278.16125,618.828125,642.6085,466.0715,14.724125,455.976,228.5191875,122.90925,184.4524375,328.099375,268.526125,566.61075,391.850375,633.9120625,342.827875,496.52325,262.4015,-57.2074375,264.518875,435.5705625,419.851375,354.575625,219.8240625,417.460125,143.718375,93.743625,204.9681875,292.8155625,717.06825,412.16825,346.23525,125.882875,383.68075,291.4028125,347.945125,-33.5063125,-12.1350625,486.1000625,452.4490625,373.72225,426.8794375,117.0634375,349.179125,463.914,139.3179375,596.7468125,471.77625,299.25725,409.5156875,98.229625,-298.1680625,289.945625,467.6448125,232.731,24.8275,73.671,473.773,419.199625,489.9316875,340.1913125,96.2589375,251.2083125,370.1481875,382.076375,251.4771875,259.356375,209.804125,181.1860625,140.21,442.982375,282.3803125,387.63725,353.400875,122.9178125,71.4518125,-53.862875,-207.168125,238.043625,12.9945,327.3335625,491.3945,442.175375,355.8343125
1.5926651630551847,839.25975,807.0546875,980.8380625,982.5114375,505.9516875,1011.4224375,435.540125,635.020125,618.62225,611.7169375,792.9713125,928.0780625,460.7529375,580.16375,659.058375,467.251875,682.3740625,200.70475,474.521125,767.5366875,505.9881875,478.8469375,126.3396875,435.4933125,576.3853125,284.6650625,300.9829375,149.772,434.83575,-8.95525,405.345375,108.6599375,261.5628125,411.6203125,56.54825,277.2535625,506.415125,202.5886875,456.582375,230.90225,821.984,188.7209375,260.25275,124.1936875,652.857,471.7960625,343.596875,256.009875,557.5881875,594.295125,395.0563125,-68.568375,381.98275,189.7945625,91.869875,118.03825,243.579875,188.37175,525.877875,298.1488125,616.1606875,285.3830625,420.206,179.167375,-66.958125,243.716625,359.9605,326.9215625,345.1188125,197.4405625,405.207375,71.1838125,56.843625,139.8366875,267.3500625,641.5555,327.8791875,314.2686875,97.2951875,369.8275625,241.013,333.8573125,-109.3813125,-76.40375,386.9083125,388.77025,349.2198125,346.1403125,131.8869375,304.1255,436.50675,114.0219375,559.7938125,418.32475,272.3640625,402.5235625,80.6885,-386.705625,262.5465,448.86925,195.705875,-26.2253125,15.1468125,478.8035625,375.619,356.128375,268.715,-35.567,174.268,323.4298125,360.9883125,196.9753125,238.745375,190.4975,191.976625,76.6723125,412.0681875,209.556625,339.4339375,290.8219375,112.8808125,50.1428125,-107.564625,-270.523625,179.6173125,-38.335125,273.055,403.7990625,401.542375,391.2365625
1.596737685777268,774.0924375,714.027375,908.4071875,960.0629375,504.4763125,978.951,339.751,589.0789375,548.2694375,571.4944375,769.882,822.729125,380.8171875,496.1193125,637.249,426.355,583.35775,189.3458125,392.8455625,702.01475,458.7813125,438.8350625,122.454875,333.942,496.5255625,207.3140625,244.2285,105.7525,452.4644375,-114.5141875,344.092125,75.0690625,125.393625,409.6028125,30.556625,266.7159375,467.057125,138.7888125,377.5803125,225.9089375,714.24175,139.0205625,256.5723125,125.8765625,661.7088125,401.7304375,247.7851875,239.2865625,493.0139375,544.93,338.9173125,-115.854625,309.510125,168.6288125,75.98825,64.5853125,185.6099375,123.868,468.531125,194.5215,580.348625,244.2535,360.7306875,105.3453125,-47.2825625,233.018625,303.76425,221.7035625,344.1570625,190.9108125,388.21725,4.061375,24.8615625,63.783375,256.4729375,572.4481875,244.4564375,271.138375,84.113375,356.9725,201.244375,343.526125,-177.9184375,-146.9143125,310.46575,329.575,333.3875625,280.731125,147.5671875,261.065625,402.904375,79.6410625,490.8661875,357.5456875,261.89,390.921,78.291,-435.35575,241.4305,439.8625,174.02775,-67.05825,-20.7689375,482.391125,328.9444375,240.7531875,209.4455625,-162.3285,121.834125,274.4084375,322.6294375,175.785875,201.2666875,167.41325,214.3414375,29.7104375,365.375875,169.08625,279.17425,223.88975,118.8694375,26.2104375,-106.9760625,-320.910875,132.4178125,-86.711375,238.2263125,310.555125,380.8458125,421.4233125
1.600810208499337,722.86425,622.1501875,853.46325,953.20575,504.162625,946.1374375,264.5995,547.78425,493.9148125,525.5195625,747.2785,705.7625625,329.9389375,424.7111875,620.8588125,392.223375,463.0538125,178.80525,319.876,622.063125,389.1795625,392.2784375,132.90375,237.42,413.8716875,136.084125,189.7088125,75.635625,459.8166875,-194.452625,291.652,50.9416875,23.83075,430.118,-2.907375,288.3815,435.729625,92.090875,307.53975,223.01375,617.94425,96.4135625,259.0916875,131.2061875,652.7994375,316.7963125,156.3083125,218.446125,424.0980625,500.6329375,287.6884375,-135.576,247.7021875,159.05275,76.86925,6.6319375,172.2925625,69.485,391.031625,76.1438125,520.8721875,217.3416875,309.632375,34.5855,-14.09025,217.8845,261.5715625,111.3635625,332.2011875,185.3428125,367.98375,-56.3436875,2.6203125,-17.2605625,260.1324375,512.1591875,164.1401875,230.3324375,68.3126875,335.1171875,170.8255625,371.8225625,-228.77825,-216.670125,262.4604375,282.0944375,324.8201875,236.7569375,163.19275,233.61675,369.557375,28.184875,397.7925625,302.0625,268.9434375,362.7659375,77.2460625,-446.643,227.325375,448.437125,161.3830625,-102.18025,-27.2193125,480.306125,291.68675,143.8886875,168.1543125,-269.57775,80.0161875,218.5578125,269.7538125,170.77025,140.0421875,139.9334375,236.0138125,-2.2976875,311.5816875,156.668375,204.6818125,163.606625,140.9108125,-3.9255625,-63.917,-364.7484375,98.33375,-120.0571875,229.8940625,229.3765,385.60575,443.876875
1.6048827312214202,686.70375,541.6688125,812.115375,955.628625,497.755125,898.2921875,221.2881875,508.334625,450.863375,482.2564375,733.3269375,589.248125,304.8933125,376.634375,606.8635625,367.523375,359.599625,178.8736875,262.85325,536.93825,297.8824375,343.445875,162.9074375,151.6865625,345.663125,78.812375,139.52525,60.539125,450.2255625,-240.293375,256.55025,42.713125,-29.968,464.188875,-39.8569375,317.7635625,412.5545625,62.6338125,264.831,223.60825,548.89875,63.5496875,256.973125,124.77675,624.0423125,234.3693125,85.369,186.26275,352.375375,460.30975,238.56375,-139.0495625,202.720375,154.3475,99.938,-66.9173125,210.239,19.832,304.6201875,-51.00375,443.847875,200.5913125,257.8375625,-34.858125,21.019625,194.4984375,223.5786875,11.1395625,301.5555625,176.356625,347.76725,-99.7401875,-9.6603125,-92.53725,271.6228125,463.4296875,89.2039375,202.8125625,39.246625,303.0215625,141.083375,400.538125,-255.0279375,-273.316,234.92125,250.682,319.70375,210.1271875,172.7804375,227.1538125,343.520625,-33.8613125,301.133,263.9488125,292.44225,311.80975,62.9188125,-434.23925,223.871375,471.1526875,155.9670625,-133.46175,-9.6439375,472.107375,277.994875,58.5898125,146.0735,-349.33875,36.4055625,159.61025,211.381625,153.9590625,62.120125,113.9758125,249.0931875,-27.9736875,262.6973125,169.1490625,120.1589375,120.1561875,174.5808125,-33.6355625,-4.25,-407.5971875,79.003875,-124.79675,241.8105,169.61225,404.860125,459.352875
1.6089552539434893,670.034375,483.89025,780.6685,958.7623125,485.6513125,836.8863125,211.5421875,470.4948125,417.262875,452.592625,733.409875,483.17775,287.3039375,354.1406875,592.7344375,354.678625,297.4168125,193.61975,221.6671875,466.610625,195.841875,298.49025,217.4078125,85.889125,294.7041875,43.013625,95.0138125,58.8505625,421.3368125,-256.4398125,238.10575,50.564875,-32.2324375,501.0595,-73.75,339.9998125,394.20625,46.9765625,248.926625,225.5369375,507.4116875,45.2579375,243.12375,99.540125,573.4489375,163.6588125,45.06525,141.5353125,279.6540625,421.2534375,196.1613125,-134.4300625,173.0980625,145.6103125,140.2263125,-147.8584375,287.8199375,-23.13475,223.906,-172.2923125,359.0613125,186.833,203.19925,-98.3724375,57.513625,166.762875,180.0924375,-65.58625,256.852625,167.97,326.072,-116.8800625,-13.5504375,-149.835625,280.2988125,424.9708125,22.976875,191.7138125,0.0435,265.3894375,105.9140625,405.7995625,-262.0006875,-311.63225,215.944375,231.2635,313.1189375,197.435375,169.0660625,234.0131875,325.4958125,-86.608125,221.6811875,245.241875,323.8885625,240.16325,31.4273125,-414.2850625,231.083,490.5561875,158.8404375,-154.8335625,17.13075,457.583125,292.123375,-15.930125,141.1221875,-404.2051875,-11.1860625,104.90325,154.1734375,111.9308125,-19.188125,100.6085,257.452125,-57.025375,222.4106875,209.0754375,41.8171875,100.266,207.7653125,-56.7834375,50.0218125,-444.9755,72.083375,-96.4735625,261.1640625,129.07125,421.1224375,467.7755
1.6130277766655725,676.9844375,452.9398125,755.088625,954.962625,470.5838125,775.1854375,226.5455,432.008625,390.1605,439.25925,743.535375,395.09325,260.0451875,354.7466875,575.473625,355.6205,274.052625,221.2538125,193.0115625,423.3259375,99.8636875,251.0989375,290.68125,46.6721875,251.5623125,34.5711875,58.1948125,65.8356875,380.861875,-254.4838125,229.96225,64.936875,1.9323125,529.839625,-102.448625,352.460875,375.348,41.2748125,241.9294375,222.253375,482.8931875,48.9945,214.1099375,61.6488125,510.3724375,103.77475,28.104875,85.9881875,211.10125,383.1609375,162.3546875,-127.306,150.9538125,122.7644375,178.0189375,-223.34175,377.3459375,-52.156,155.5323125,-272.077875,271.39375,172.8200625,152.4073125,-151.2964375,96.510125,135.2328125,124.6493125,-112.84625,202.7050625,162.598375,295.6541875,-106.5008125,-8.116125,-182.768,278.491875,387.3443125,-31.2353125,189.617,-40.3721875,230.691625,71.6434375,375.6605,-263.9041875,-328.5028125,198.5995625,209.8570625,300.3791875,201.7830625,154.1258125,243.592375,309.9401875,-114.6955625,170.262,244.277875,347.0838125,161.5580625,-12.6313125,-399.068875,246.3576875,484.1021875,166.201875,-156.5419375,36.6168125,437.7851875,320.5081875,-74.144125,151.0960625,-440.5024375,-59.5215625,56.4468125,98.8684375,51.704625,-94.2608125,104.1905625,268.979375,-90.069875,187.2230625,275.0694375,-7.433375,104.269375,223.112375,-73.7140625,87.3266875,-471.115625,69.1898125,-43.106125,275.6874375,105.9438125,420.655125,469.0046875
1.6171002993876415,704.8094375,438.1811875,734.8173125,939.95875,453.797,722.4065625,255.141125,390.0874375,367.87975,439.56875,753.723375,329.7453125,219.6264375,373.79475,549.791875,368.0883125,271.5273125,258.5075,174.6079375,397.78825,29.132625,189.1074375,365.856125,33.1019375,207.8291875,46.9113125,36.423125,74.0071875,340.6803125,-241.7580625,228.2945,69.1991875,42.4296875,541.662125,-130.356875,353.883875,353.70475,51.01725,228.19775,210.5035625,463.3343125,79.1386875,171.5254375,25.308875,450.436625,50.79375,13.3149375,21.00025,158.354875,348.6579375,132.175875,-123.639875,133.375125,81.906375,196.133,-288.265375,447.9313125,-65.100875,100.77125,-339.671,184.720875,162.0471875,112.9689375,-194.16875,131.9480625,94.3618125,61.2941875,-132.360625,138.708875,158.3700625,251.3296875,-75.5435625,8.1515,-196.5109375,262.3523125,339.2015,-71.3003125,185.3823125,-74.267375,207.8443125,54.7090625,318.0245,-266.6281875,-317.6119375,179.798875,174.16525,280.7330625,223.532625,142.94525,250.1774375,287.981125,-122.789625,144.831,256.2371875,347.8535625,94.2163125,-62.18125,-391.217375,263.8121875,440.0680625,166.9456875,-137.324375,37.0030625,418.37025,343.203,-113.1091875,174.2645625,-462.1255625,-104.11125,15.0521875,44.235625,-15.288875,-157.9895625,114.9954375,283.9925,-118.196375,155.725375,354.80575,-13.5655,119.8884375,205.9253125,-87.1106875,103.839625,-487.375,60.4201875,21.006625,276.54375,106.067125,392.8116875,463.4134375
1.6211728221097248,745.0976875,421.6285,722.409875,913.0873125,438.1665,681.684375,294.113875,346.620125,352.2514375,445.2765625,755.80825,288.641125,174.3414375,402.5909375,513.7705,382.41625,271.968625,298.6435,163.27125,373.924,-4.7890625,113.7426875,432.990125,35.8316875,163.35775,61.8443125,38.2274375,78.5768125,307.3621875,-218.91675,231.3668125,51.0563125,66.7540625,534.1006875,-163.8914375,338.1385,330.3373125,87.9940625,204.5046875,195.5326875,441.3365,128.3906875,121.76425,1.547375,402.457125,0.45525,-14.005875,-48.3011875,130.2213125,321.09125,101.293125,-126.54325,122.8711875,28.8454375,195.3124375,-334.7155,477.715625,-66.5199375,63.9488125,-372.4466875,107.117625,157.0614375,88.9591875,-227.39825,151.684375,37.18175,5.083375,-130.1800625,72.1219375,151.8329375,198.422125,-34.8895,30.025375,-201.317875,230.355125,280.449,-93.58475,176.166625,-96.23175,200.5608125,64.2689375,248.54475,-260.09975,-277.6486875,153.56075,127.517625,257.834375,250.8111875,151.939625,251.0406875,255.4875,-125.7865,134.7515,267.881375,324.1454375,47.9695,-107.1565625,-382.4646875,271.8328125,367.344625,152.124125,-106.6198125,14.027375,405.6059375,350.1179375,-136.309,204.505,-474.433375,-137.782,-8.5563125,-5.13925,-83.4893125,-212.0261875,120.8900625,291.7320625,-132.0599375,130.358875,432.6486875,18.7866875,129.0028125,155.7171875,-96.7848125,102.8430625,-499.4218125,40.7023125,82.171875,263.3548125,130.5743125,328.697,447.6493125
1.625245344831808,788.9449375,389.7165,718.5190625,876.054625,431.48,653.65225,341.64275,307.9855,345.8439375,438.9434375,747.544125,267.3890625,138.1005,430.0665625,470.158875,386.3964375,268.4508125,331.057,155.879125,342.1925,-1.6071875,41.3798125,498.8096875,45.0521875,125.704875,65.1505625,65.3719375,79.4134375,284.9281875,-189.821375,235.8861875,8.0645625,71.5301875,513.3830625,-202.7331875,297.9631875,305.039625,154.985,176.7659375,183.506375,417.6453125,178.7265625,72.9896875,-10.146375,369.077375,-51.0539375,-44.4405,-112.15675,125.353,302.58075,71.5683125,-128.5350625,119.4095625,-27.552125,190.090375,-347.665,460.2565,-60.5508125,51.1224375,-378.062625,47.2823125,154.5485625,85.3063125,-246.1658125,142.89525,-38.08325,-29.974125,-115.9980625,21.97075,140.4978125,148.061375,6.7600625,45.9256875,-201.8329375,185.5441875,224.4960625,-88.780375,167.2783125,-107.5938125,205.7558125,89.9928125,178.3045625,-237.120375,-220.2553125,114.4960625,84.607875,236.7864375,263.1690625,183.328,245.135625,220.2448125,-134.4616875,127.1453125,263.1701875,283.5029375,21.2754375,-137.915875,-361.2761875,261.67925,284.76725,122.2325,-71.4133125,-27.7278125,396.570875,346.721625,-149.137125,227.609125,-484.059625,-152.055,-2.5228125,-38.1705625,-149.0903125,-263.76225,122.036,276.849375,-127.5885625,113.5843125,498.083125,70.45,123.134875,88.0129375,-102.4129375,91.975,-512.777875,12.49725,128.49,243.433625,163.2288125,229.88,419.0443125
1.629317867553877,825.896125,340.641,718.5875,830.89825,439.3243125,634.5505625,385.8060625,279.5293125,347.9295625,409.7535,731.851625,256.9108125,123.42075,447.420125,421.871125,375.2848125,267.7155,351.0818125,150.9633125,296.022125,34.046125,-11.074,570.809,55.3024375,104.939125,56.9466875,112.305,77.869125,280.266625,-165.6551875,238.6211875,-52.148375,64.5065,491.75625,-237.079875,230.9481875,274.70025,239.6230625,156.1204375,173.722,397.7263125,212.58875,31.2736875,-16.9705,350.514875,-104.443375,-58.35825,-163.7806875,132.578,291.935625,48.202875,-112.7125,122.869375,-77.724875,191.053875,-319.605375,402.3804375,-45.529375,61.2393125,-373.8155625,10.2705,146.9964375,101.357,-247.2878125,101.5508125,-122.3275,-42.5545,-101.6489375,4.2105,128.1350625,108.32975,44.4034375,50.2096875,-198.111625,134.6501875,187.6945625,-46.814125,164.9129375,-118.93025,213.0146875,112.9585,113.951,-209.073375,-163.49325,69.395,56.624125,222.4560625,243.534,224.226375,233.3685,193.7395,-155.418375,111.8028125,233.196125,235.82625,5.61975,-148.451875,-321.36,239.5846875,208.28525,85.230125,-28.18,-78.2116875,380.344875,343.3576875,-153.3078125,227.4956875,-493.710125,-143.657125,28.884625,-48.8655,-203.6303125,-313.0014375,128.395875,233.648125,-103.84925,102.958125,546.5903125,123.2171875,107.32575,20.6323125,-105.4800625,76.8865,-526.8259375,-16.5926875,152.8104375,223.9355,178.0710625,114.87,382.706125
1.6333903902759603,844.8295625,286.9128125,716.297875,778.9831875,454.729875,616.82125,412.2770625,262.437375,356.063125,370.6638125,713.9521875,249.7,130.258,450.6493125,372.8645,348.6535625,278.995125,366.3164375,148.3738125,231.3768125,95.2025,-39.8464375,642.480125,63.9224375,103.6335625,48.0893125,168.1491875,72.994875,297.6115,-157.7656875,238.6634375,-112.889,57.507625,482.5035,-257.99925,142.8931875,235.4135,323.680375,150.743,158.965375,382.9996875,225.5319375,-0.935,-21.558,346.502375,-156.2476875,-53.00175,-203.933,135.6713125,287.246375,35.254125,-68.0771875,134.5106875,-112.12375,194.1358125,-258.9989375,317.4049375,-21.7985,83.1936875,-375.2773125,-3.570375,129.8496875,122.22425,-235.972375,39.4984375,-197.0679375,-42.4691875,-94.5034375,20.4829375,123.163,82.352625,74.7235625,48.1005625,-193.127875,88.461375,177.6225625,28.195625,171.7110625,-143.7969375,205.3901875,122.092375,62.98625,-193.8056875,-118.442375,37.404875,44.6300625,213.6815,188.1308125,257.127125,216.000375,179.5121875,-194.0485625,85.734,181.9478125,191.7075625,-8.295875,-136.155,-268.998125,223.298375,150.1149375,50.5890625,24.7085,-126.9138125,351.671375,340.2415,-143.12825,197.19475,-500.2384375,-117.3175625,71.4664375,-40.8193125,-236.6514375,-345.6585,145.112875,171.2725625,-63.353,88.70575,576.0650625,167.6044375,91.8013125,-38.489125,-102.284625,59.33425,-536.0091875,-41.010625,159.520375,209.8846875,159.1859375,9.1501875,348.4074375
1.6374629129980294,844.5163125,249.5350625,708.0719375,719.608625,463.5293125,590.474625,416.248875,253.347625,369.064,346.5705625,696.810125,243.858,146.610375,439.8613125,329.3456875,302.1561875,300.790625,388.5766875,148.046625,155.356,169.092,-54.1713125,698.0278125,73.115375,109.93975,46.645125,217.2686875,60.699375,331.0319375,-170.1524375,233.894,-157.5875625,63.8806875,492.4413125,-266.1611875,47.5768125,187.7125,394.9170625,156.0976875,129.6679375,368.554,228.2259375,-21.2606875,-18.257875,357.899,-197.9035,-41.4970625,-236.812375,125.721125,287.7801875,34.015375,-0.9665,157.6596875,-128.482125,188.563125,-179.8545,224.49525,-4.8508125,105.909375,-383.431125,-2.9491875,108.5076875,124.0323125,-221.8689375,-22.6161875,-246.66125,-43.1290625,-95.8329375,56.34875,127.433625,68.9774375,92.427,48.6706875,-188.8185625,58.045125,187.1819375,115.9680625,185.305875,-186.9591875,170.674125,112.85325,35.4355625,-198.65125,-83.8308125,32.749125,42.015375,198.543,106.95425,270.895875,189.877125,176.12775,-249.6420625,54.1015,125.394375,161.079625,-24.6513125,-103.822125,-218.57125,223.786375,119.411,22.391625,76.508875,-166.6039375,316.0199375,331.327125,-108.2881875,142.1054375,-495.733625,-81.6826875,116.693375,-18.2109375,-242.9713125,-349.621875,166.89425,103.52525,-12.98225,58.1031875,581.0873125,200.49175,84.339625,-87.6325625,-83.440625,38.1334375,-538.6291875,-59.6623125,160.052625,204.6985,112.916125,-75.0505625,324.093375
1.6415354357201126,833.18225,243.7959375,693.059875,652.378375,460.0615625,545.4508125,406.953125,246.7199375,388.14975,349.88575,679.2634375,242.7963125,162.8763125,416.932125,297.7383125,236.467375,324.1210625,423.603,146.2265,88.99975,237.0881875,-64.02275,723.5231875,86.707,106.4071875,47.846375,245.436625,38.1920625,367.7901875,-195.123,220.7400625,-182.397125,91.3396875,514.434,-267.012625,-38.9413125,140.625625,451.4951875,157.0031875,80.4244375,347.526875,232.0051875,-28.478375,-0.58075,381.3441875,-217.68025,-33.0474375,-263.509375,108.1538125,288.5999375,40.63575,71.2679375,198.9419375,-130.8384375,170.878375,-94.2008125,141.857125,-13.501875,128.8309375,-386.2486875,-3.5769375,94.2874375,87.4105625,-208.542375,-67.137375,-268.4866875,-51.80525,-106.0608125,90.805375,132.0155625,64.8069375,92.7570625,55.7924375,-177.5381875,44.1234375,197.4808125,199.213625,201.1013125,-231.6096875,110.9325625,78.5323125,37.332875,-221.631,-52.2201875,52.1904375,38.9964375,164.519625,18.81825,268.599375,149.5871875,178.8548125,-308.6871875,25.9430625,83.053625,149.3909375,-44.57,-57.1661875,-176.8359375,235.837125,118.064875,4.942375,112.715375,-193.337875,278.984375,315.214125,-44.84225,75.193875,-476.2203125,-45.865625,159.097,16.756625,-225.4858125,-329.2619375,186.9209375,39.2691875,38.133375,6.35475,553.585875,224.645,86.7788125,-122.36775,-45.455125,11.6955,-538.0283125,-67.99175,160.9538125,205.370875,63.267375,-142.3560625,308.652625
1.6456079584421817,816.5045,267.994875,672.00725,582.3553125,448.4308125,479.09925,404.8400625,240.42825,413.635625,374.5144375,658.369625,251.267875,175.347,385.1761875,283.6774375,167.8675625,345.3214375,465.72,136.708,53.849625,279.71,-69.6984375,714.6975,101.3330625,88.94575,39.8494375,245.7455,6.906375,398.387625,-217.183875,202.203375,-196.2080625,135.904,530.003,-263.302625,-105.0018125,105.4993125,499.890625,142.041875,17.9920625,316.1684375,239.562125,-27.235,29.11925,405.2565,-211.64325,-29.0,-280.814375,93.68675,278.8534375,46.20975,134.5608125,260.159,-119.584375,148.544875,-14.2641875,75.171,-47.6490625,153.7486875,-376.388125,-13.9449375,91.6693125,12.8,-194.19125,-84.4495625,-272.813375,-64.280375,-126.092375,109.5105,126.7956875,69.04125,80.6688125,62.4595,-148.1113125,36.4161875,191.9620625,274.2570625,218.282875,-245.7978125,38.506875,15.095625,65.4456875,-257.097125,-19.796375,82.397125,28.0935,115.20775,-53.24125,263.4266875,92.195875,178.591875,-349.6751875,6.538875,70.9259375,154.133625,-70.1880625,2.57675,-139.6798125,246.2008125,137.2216875,11.3901875,127.273375,-204.26975,239.8055,290.18225,40.175625,10.1868125,-447.313125,-18.8798125,188.53425,59.800375,-192.59975,-299.5560625,201.822,-15.490875,81.5733125,-56.2155625,492.760875,245.6863125,96.8064375,-139.391125,5.2958125,-16.8328125,-536.6205625,-61.1844375,160.444125,201.088625,32.3760625,-199.329375,294.3971875
1.649680481164265,793.0205,303.94075,646.865875,519.033375,431.328625,400.728125,424.3949375,239.50425,437.94775,408.24475,633.050375,269.074625,182.0760625,350.8694375,292.961375,116.41,361.6495,499.8886875,113.8313125,57.4589375,282.0559375,-63.9165,679.8475,107.6376875,71.4895625,15.4160625,218.2595625,-29.823,418.5853125,-224.007,187.44775,-208.0575,185.2218125,523.7686875,-251.6201875,-144.7585625,86.6586875,548.9150625,115.131125,-41.4728125,278.26425,249.668875,-24.856625,60.50575,419.48925,-191.34,-31.4895625,-286.6693125,85.744375,247.5465625,41.7195,185.0094375,328.1365,-88.935625,133.6210625,52.24775,21.5475,-90.5895625,175.49225,-360.5445625,-27.2139375,97.4224375,-75.5709375,-181.2225625,-74.1761875,-275.5415,-73.7975,-156.2109375,106.934,109.0470625,82.57225,68.4926875,61.053,-99.42025,25.9005,167.1764375,338.899,240.82,-210.1995625,-36.9630625,-68.7841875,105.5418125,-295.3900625,7.786375,112.628125,11.15225,69.552375,-93.395125,266.6518125,20.322,170.8065,-358.2025625,-8.0441875,94.1125,162.62425,-104.539125,76.8324375,-103.0115625,244.5044375,158.9064375,49.058125,126.6266875,-198.2266875,197.5679375,247.6139375,136.9349375,-43.2616875,-413.2528125,-8.389375,192.8034375,105.1868125,-152.83125,-274.548625,206.772125,-53.9361875,113.6518125,-112.6485,411.70575,267.2846875,112.6866875,-146.474375,60.1426875,-43.2570625,-533.887625,-46.2159375,154.4160625,181.947375,23.0551875,-247.960625,278.3606875
1.6537530038863482,755.670375,330.2084375,619.0821875,469.8539375,405.876875,329.3798125,462.135625,252.79625,445.830375,444.096375,607.6141875,290.66875,185.0064375,322.8870625,332.91825,90.3474375,363.08225,514.67075,73.3070625,88.2613125,239.452,-41.6438125,638.1691875,100.7724375,65.2184375,-23.1974375,167.1253125,-65.566125,427.180875,-212.786125,181.913625,-218.8868125,223.587,494.7176875,-229.921,-158.516625,81.9703125,602.8774375,90.528,-84.1234375,242.2175,254.913625,-23.58025,82.3573125,422.235,-173.0510625,-40.6999375,-281.5603125,82.522,193.6469375,18.6660625,225.8756875,379.51225,-37.580125,132.686,105.905625,-25.00425,-125.939,191.1386875,-346.7555,-31.970875,106.6429375,-143.4164375,-174.8396875,-45.149125,-287.84425,-80.2314375,-194.7929375,81.84325,81.66425,102.360875,63.0058125,54.6839375,-42.565125,14.423375,129.975875,383.584875,271.17425,-135.8235,-115.474,-151.6505,138.0349375,-327.3689375,16.906625,136.64425,-1.4335625,43.7484375,-101.94425,281.94275,-59.2871875,160.609875,-336.4469375,-25.736875,142.4303125,158.371,-145.4211875,162.1996875,-71.8726875,226.950625,167.2671875,106.0624375,125.0023125,-177.4783125,155.4221875,181.7683125,237.1450625,-83.205125,-372.7513125,-15.826125,167.4313125,148.906125,-109.9194375,-259.9993125,193.3666875,-72.2570625,133.016875,-156.387,330.8650625,291.5765,131.1805,-161.2273125,113.8615,-71.7774375,-527.516625,-36.4255625,137.3521875,146.1584375,20.470625,-288.0510625,263.3125625
1.6578255266084172,696.56675,337.459375,590.705625,431.4810625,372.0351875,282.77775,504.63125,284.02525,425.2798125,479.7465625,591.23425,309.105625,189.7194375,310.764875,406.2435625,87.4680625,342.8905,509.2048125,19.1998125,123.8275625,159.167125,-6.04425,608.400125,85.236125,64.543125,-68.3289375,101.6831875,-88.285125,425.4240625,-184.2469375,183.337125,-223.600625,236.888625,453.0775,-210.6671875,-150.2516875,85.0868125,661.189,77.49425,-104.1426875,215.115625,240.591875,-17.7525625,86.8161875,414.09775,-160.16625,-50.16025,-268.9353125,85.773375,129.720625,-28.385375,259.8868125,398.690125,20.6174375,141.4691875,147.2115,-71.9180625,-143.1664375,206.8968125,-332.392375,-25.771375,112.0373125,-165.342625,-176.4295625,-14.783375,-309.6596875,-86.3430625,-238.5820625,36.6514375,51.828,121.6758125,60.63625,49.076,5.9689375,11.719625,92.4201875,398.8755625,303.868875,-53.4525,-196.647625,-214.8843125,151.4546875,-351.5625625,-3.3108125,153.1483125,-2.535875,40.592125,-89.599875,307.177,-137.5721875,155.1815,-299.53575,-48.916875,197.2279375,133.39275,-182.410875,247.4364375,-54.367625,195.576,158.2885625,164.1710625,133.6074375,-148.3425625,113.9689375,104.057625,330.4018125,-113.6909375,-329.5873125,-32.0805,120.4529375,185.6365,-60.9128125,-253.26425,157.65,-75.432375,136.911125,-190.508125,266.575375,319.051875,140.492375,-196.86,163.0366875,-111.5663125,-514.13675,-40.4234375,100.5268125,99.2531875,10.9376875,-318.4199375,251.6656875
1.6618980493305004,616.738,328.5055,566.6275,392.2753125,335.671375,263.7045,537.4115,328.79,376.7420625,509.546875,591.563375,318.2744375,195.965125,317.832,497.89875,102.6719375,303.6473125,485.9383125,-32.5785,147.584,58.5426875,31.732625,594.058,73.243,56.5381875,-113.8313125,39.25475,-88.335625,413.580125,-136.9110625,185.5323125,-214.6018125,222.8225,411.937,-217.14025,-122.614125,85.146875,717.517375,73.7963125,-102.3719375,204.4648125,196.959375,1.81725,68.2783125,397.865625,-143.77875,-53.7145,-258.1653125,99.370125,70.5709375,-93.6700625,284.2565,386.6559375,63.8245625,148.724,169.778875,-119.9598125,-135.3776875,227.4668125,-308.1365625,-11.2633125,103.5224375,-139.25825,-182.35675,-2.2261875,-333.3435,-92.204125,-283.630625,-21.2804375,28.316875,134.5860625,48.5415625,43.1215,31.9434375,25.183625,63.323375,381.79975,327.84475,12.7570625,-271.14125,-254.999125,149.087625,-371.784375,-50.4425,166.6478125,4.877,53.81825,-69.6911875,334.607125,-203.6599375,153.5494375,-261.663375,-74.1553125,244.65475,91.7010625,-205.612625,316.0571875,-46.78525,156.6881875,137.774875,211.8621875,150.1186875,-116.8870625,68.0803125,39.2671875,404.8638125,-135.20725,-294.0675625,-40.54175,63.2393125,204.1611875,-1.5405625,-249.7054375,109.6265625,-75.92325,127.6809375,-213.25475,226.0118125,344.6869375,126.1238125,-250.6956875,203.8674375,-161.608375,-491.85,-62.7185625,39.2579375,51.267,-7.7561875,-336.5646875,243.9273125
1.6659705720525695,531.0720625,309.8818125,549.7499375,349.7586875,301.511375,260.0915,548.7303125,377.641,311.7823125,520.5579375,604.5374375,316.8788125,193.86525,335.926125,578.5759375,128.4090625,251.2225625,443.7073125,-65.0245,158.7199375,-41.3515,56.600125,583.4510625,78.021125,31.2986875,-157.5966875,-3.5465,-67.1601875,387.4845,-75.4975,182.0618125,-187.0581875,195.033875,380.6708125,-263.303375,-77.3195,73.19725,758.2134375,72.1573125,-85.7730625,214.35075,128.908125,37.7991875,24.72075,382.0360625,-120.5286875,-51.8305625,-261.414875,125.7476875,23.019125,-159.136375,299.103,351.7405,76.49075,145.244875,165.503625,-157.934875,-100.0936875,247.2036875,-269.0136875,10.44725,76.738625,-83.922875,-186.157125,-18.378875,-354.3551875,-94.8316875,-324.4861875,-85.9738125,13.28125,137.839625,11.2733125,32.1770625,29.989625,56.7034375,39.538875,335.438125,337.5811875,57.7894375,-329.24875,-279.4129375,145.4851875,-390.1199375,-107.1520625,181.7728125,14.3934375,71.88825,-54.917125,350.1470625,-245.8870625,145.918875,-222.6098125,-97.374125,282.822625,45.8254375,-217.4246875,352.353875,-34.5891875,118.8950625,116.15825,242.6625625,160.0086875,-85.0215,13.5998125,5.20575,453.42025,-140.6990625,-274.508875,-25.98425,1.017125,195.1670625,63.4183125,-243.8570625,69.0318125,-83.733875,116.8991875,-219.531875,206.474,360.20225,89.42525,-305.9546875,234.5364375,-205.8353125,-464.7239375,-102.2656875,-40.9259375,14.4435,-34.0184375,-338.812625,241.852875
1.6700430947746527,458.933875,289.381,537.9398125,316.1276875,274.615375,255.9303125,535.616875,421.4419375,247.246875,504.4145,614.568125,314.6733125,176.16875,351.277,629.0191875,152.6195625,190.7998125,380.1901875,-72.8995,166.935375,-122.8419375,54.691375,564.47675,106.04275,-11.7529375,-201.207125,-25.0320625,-34.9836875,341.786375,-15.384625,169.8201875,-147.3351875,171.27975,362.05625,-334.5555,-21.499375,51.0321875,770.8375,67.7434375,-65.6099375,233.8731875,54.0215,80.68875,-35.2106875,371.0946875,-98.29575,-51.43125,-281.3011875,164.1285,-8.936375,-203.08875,317.547,301.0653125,55.3041875,130.027125,136.6060625,-169.0270625,-40.9808125,255.587875,-215.9439375,37.572,41.3158125,-22.1335625,-183.327,-64.4570625,-372.51225,-92.093375,-353.2056875,-156.391875,0.5690625,133.7934375,-55.7536875,12.05975,6.59175,104.0038125,13.5,268.290375,336.8084375,91.4984375,-370.3375625,-298.1326875,153.22675,-402.9600625,-148.3360625,199.55275,21.7265625,78.95775,-51.4420625,341.760875,-261.44325,124.9085625,-172.5220625,-111.4951875,314.8003125,12.1821875,-229.676,345.0240625,-9.59575,87.6761875,102.5723125,254.3858125,152.8986875,-53.3944375,-48.4395625,-3.6723125,476.134875,-125.150875,-272.5185625,12.2711875,-62.886625,161.8060625,121.33775,-229.6160625,48.3766875,-97.386625,118.4353125,-208.9421875,200.2429375,363.307875,49.8615625,-344.7296875,256.995625,-227.20325,-441.1215,-146.791125,-133.4988125,-1.317875,-69.1589375,-320.4496875,245.5740625
1.6741156174967218,409.4990625,273.72125,531.02325,304.894625,262.961125,239.040625,503.846125,459.548375,196.5250625,470.1585625,608.5866875,331.61075,146.5544375,351.247375,650.317125,164.0226875,125.63375,298.5395625,-67.312625,178.976625,-173.6556875,20.1824375,532.809375,156.6133125,-57.6628125,-244.968875,-34.5519375,-3.4495625,276.9531875,31.1916875,148.3004375,-110.0560625,160.772,355.811625,-391.3955625,29.1525,29.18075,757.16125,60.192375,-48.683625,243.16525,-7.686875,116.7316875,-94.2189375,356.537625,-84.8115625,-61.7491875,-305.9224375,207.320375,-16.165,-209.641375,353.1764375,244.7845625,9.063875,108.26125,99.5338125,-148.4914375,30.6774375,246.3074375,-146.2795625,68.3464375,13.241625,33.8923125,-170.729,-132.0131875,-383.2924375,-85.7721875,-360.9983125,-226.0536875,-19.8950625,129.7224375,-138.04725,-17.887875,-22.6808125,158.50025,-15.4025625,193.752625,329.9728125,127.823375,-397.0858125,-316.7456875,169.8263125,-400.6499375,-157.4305625,217.9241875,22.5046875,65.3819375,-56.9744375,309.326125,-264.724875,91.89925,-113.4995,-107.0380625,336.1563125,-2.34025,-248.8085,288.9303125,20.189125,60.1176875,100.3544375,250.623625,135.0848125,-23.8355,-109.110875,-9.57725,480.0778125,-90.9459375,-280.90275,57.806875,-121.6821875,118.8600625,163.249875,-208.8608125,48.356,-106.478625,138.0166875,-181.9276875,200.380125,361.32775,24.3910625,-358.4451875,272.6624375,-220.9250625,-422.56025,-174.7458125,-237.9093125,7.279625,-113.802375,-279.7095625,247.824625
1.678188140218805,378.331875,263.6810625,533.72025,322.008875,268.0706875,203.9744375,460.5690625,499.9446875,162.95,434.519375,583.2340625,380.155125,112.9321875,329.8125625,650.147,163.14225,57.377,206.1788125,-63.09175,190.869625,-189.860625,-40.89375,492.272125,220.10125,-85.0255,-281.2660625,-37.5065625,18.11975,204.053625,62.981625,116.3555625,-82.818875,163.485,358.445625,-400.6288125,60.071,16.7846875,735.8156875,55.1176875,-31.6201875,233.384625,-43.5275625,138.862125,-139.4639375,327.95175,-80.130625,-84.29775,-320.9065,241.678625,10.0709375,-177.1060625,400.031875,194.4550625,-45.6084375,84.2315625,71.943,-114.5386875,98.5274375,219.55575,-57.4045,101.692125,0.2810625,82.4093125,-146.0956875,-204.2464375,-373.40425,-77.7715,-347.002125,-280.6674375,-55.46075,128.865625,-207.004375,-53.140875,-39.91325,208.9659375,-43.198125,125.4743125,316.36275,170.904375,-408.107125,-332.6395625,181.913,-375.50775,-136.6971875,230.172125,11.075,37.741625,-68.364625,261.885,-273.2061875,54.487875,-64.41175,-84.09625,335.9035,-5.9216875,-267.94925,190.4945,39.13925,32.85725,104.8469375,238.9345,120.7134375,3.9725,-155.1653125,-30.2854375,478.62575,-43.767375,-287.2855,89.433625,-170.0321875,80.9276875,186.58175,-194.9174375,68.1379375,-103.7191875,170.983375,-135.9755,201.286125,364.0126875,12.0215625,-347.635,276.86975,-191.5238125,-399.4485,-168.1574375,-346.6914375,35.8563125,-160.4329375,-223.17375,236.96575
1.6822606629408883,357.21175,255.753625,549.168375,362.059875,280.5205,153.533,410.6731875,547.2678125,141.939875,405.8158125,542.300375,449.027375,78.27475,292.5090625,630.9028125,161.3871875,-4.208625,110.6945,-62.6119375,195.3344375,-176.2435625,-116.184625,454.8406875,276.571625,-86.396375,-295.844125,-35.49375,23.7316875,141.762875,78.8976875,80.180625,-61.003375,176.0884375,357.1105625,-358.7463125,65.9999375,18.1431875,725.1244375,61.3084375,-7.8785,209.6248125,-50.4295625,145.818,-170.4818125,287.7388125,-78.10375,-109.989,-320.4016875,256.4349375,65.533,-121.975,438.0036875,153.032,-89.8385625,58.744,60.5585,-94.653125,149.10375,177.5535,38.038375,136.0064375,-0.3336875,122.694375,-112.4461875,-265.67875,-329.696625,-64.749875,-321.4820625,-311.3813125,-104.4756875,125.6500625,-238.8429375,-90.2706875,-32.58175,248.1265,-63.1833125,67.8894375,291.358125,215.8610625,-399.1325,-334.122375,178.33725,-330.2639375,-98.126875,225.080875,-15.380375,12.21325,-83.5615625,206.1625,-286.608125,25.1275,-40.1325,-55.943375,308.951875,-5.596875,-273.4248125,72.4508125,37.576125,9.991,108.994625,223.4081875,116.46525,32.53825,-179.1753125,-70.279375,481.7898125,9.8665625,-281.4445625,91.1000625,-207.900875,51.4553125,192.9633125,-202.0569375,103.781875,-89.0175,209.7204375,-72.049875,197.5430625,374.098,-0.4825625,-319.8483125,265.7426875,-144.90375,-361.974125,-127.13975,-440.36725,73.4299375,-195.64,-163.4163125,207.9045625
1.6863331856629573,344.3758125,248.5074375,575.497125,409.780375,290.1546875,94.5888125,357.796,596.55975,125.5795625,382.5103125,495.144375,513.3091875,41.520625,254.18325,591.799,165.0696875,-38.4268125,19.4785,-61.560625,193.841625,-140.451875,-194.8933125,432.4685625,309.9890625,-72.137,-278.3984375,-33.5164375,15.6934375,104.914625,75.1521875,57.919625,-38.179125,194.3775625,333.960375,-284.4,49.62475,35.820625,723.4296875,80.71775,24.145125,178.7688125,-34.6015625,137.5378125,-197.169375,244.9956875,-67.4484375,-132.457,-306.947125,251.081375,135.2556875,-69.5325625,452.972625,116.1105625,-108.9559375,30.929,63.3980625,-101.4963125,177.2214375,120.9583125,114.5758125,172.172,6.8595,153.4910625,-75.5148125,-309.4924375,-257.3305625,-39.3560625,-297.7370625,-324.0903125,-158.9038125,113.6675625,-234.921375,-127.8886875,-0.609,272.5720625,-64.8491875,12.008375,249.3821875,259.4855,-368.232,-308.9308125,154.491375,-275.711125,-53.9534375,194.5635,-52.958625,1.4311875,-99.9665625,143.173125,-287.96575,12.25975,-37.9245625,-36.4414375,265.3833125,1.6355625,-256.51,-33.699375,16.419875,-4.2365,112.67075,200.4495625,121.9663125,65.3474375,-182.8851875,-123.9528125,484.2415,62.933375,-260.18525,59.7218125,-236.2331875,24.3323125,192.303875,-232.6729375,142.7774375,-66.2783125,247.322125,3.9310625,184.3670625,383.546125,-21.9195625,-285.1085,244.21975,-85.03825,-308.952875,-66.875875,-506.27,106.787625,-212.6470625,-109.70925,166.8323125
1.6904057083850406,344.6769375,242.1315,604.378,449.9735625,295.453625,32.1095,306.908,642.5171875,107.0728125,358.4599375,454.59725,556.7060625,5.62425,230.4836875,538.87175,173.8248125,-32.3944375,-61.2645625,-58.98175,192.864375,-90.3236875,-269.4718125,427.0375,321.55575,-54.552375,-231.2808125,-36.3806875,4.2203125,95.351375,56.74525,62.9599375,-16.412625,213.639375,285.1375,-199.909625,18.601,70.6615625,714.1385625,107.1595,60.6835625,141.8084375,-12.9604375,117.8611875,-229.3225625,203.48925,-38.754625,-152.8155625,-284.9156875,230.111625,202.4076875,-35.9815625,446.2810625,78.8741875,-101.657,0.388375,75.595875,-127.1065625,188.1845625,48.50475,155.2296875,216.5489375,18.9361875,172.691,-39.7428125,-334.678375,-180.407625,0.8650625,-284.718875,-335.7618125,-208.213875,95.575375,-213.5555625,-160.1979375,43.1421875,279.8414375,-41.3916875,-50.4281875,186.6988125,301.5054375,-316.96275,-256.5126875,111.1950625,-224.019625,-16.2203125,143.9794375,-92.30775,7.4453125,-116.151625,78.2189375,-259.170375,6.9965625,-44.4945,-31.574375,225.31825,18.9371875,-218.9398125,-105.05325,-19.2483125,-8.882,117.273875,169.45275,136.373625,104.0050625,-174.94425,-179.9758125,470.650125,104.906,-230.108125,9.4854375,-254.19225,-4.4895,197.5880625,-275.03525,172.08825,-43.2735,275.8986875,86.0384375,160.206875,377.9444375,-46.4181875,-248.389375,219.7095625,-15.5574375,-247.7658125,-1.6315,-543.7026875,126.24325,-216.2805625,-64.8671875,121.7375
1.6944782311071096,362.12225,234.4598125,621.5829375,474.69375,300.806125,-26.805375,262.801375,681.698375,84.18575,327.574625,431.351125,575.81175,-20.360875,228.791125,487.1678125,190.8945,4.8598125,-125.586375,-54.8811875,197.0916875,-36.284,-334.7425625,430.2386875,320.24975,-34.3470625,-169.0696875,-44.567375,-2.36375,101.923875,41.6961875,87.4530625,-5.313875,233.662,225.49775,-122.772,-17.25225,115.73425,684.5941875,134.0408125,94.5611875,94.4734375,-7.8651875,96.23325,-266.266625,162.44425,4.4855625,-165.715,-253.756125,198.833,248.757375,-17.86425,430.6116875,37.4403125,-82.5235,-31.273,90.3338125,-155.4245625,192.5654375,-41.384375,161.215875,275.71175,29.314375,175.94375,-10.0639375,-341.0256875,-116.36575,52.2675,-284.47875,-358.841125,-242.31425,80.1705625,-184.537625,-178.292375,82.7281875,269.5199375,3.1066875,-113.1346875,107.4064375,340.3491875,-248.591125,-185.984375,55.4586875,-181.177625,8.6586875,89.991875,-122.373875,23.8843125,-131.35275,24.2688125,-195.075,-11.5084375,-47.95725,-40.882,202.818375,38.121375,-168.5476875,-135.96775,-67.0520625,-0.7918125,119.63625,141.1055625,157.9958125,139.501125,-164.6195625,-228.759875,430.8256875,123.7133125,-206.3668125,-33.6270625,-260.4051875,-31.8534375,210.5988125,-312.1806875,187.1530625,-30.958375,292.1896875,166.6303125,124.8536875,348.9354375,-59.0054375,-210.408875,193.56375,56.8578125,-190.4008125,59.5215,-550.9985,129.6328125,-215.2959375,-29.9975,73.7328125
1.6985507538291928,392.7020625,218.081875,616.7950625,484.0514375,308.86325,-65.74825,227.33875,705.9185625,57.624625,288.63975,424.0355,569.461875,-24.7735,245.5245,450.07825,221.2839375,51.16725,-168.6931875,-46.37575,211.0910625,6.3724375,-390.560875,431.5325625,307.5450625,-2.1969375,-108.426,-55.93025,-1.9986875,109.908375,48.4686875,107.8880625,-18.891375,260.101,171.1904375,-64.5440625,-43.9434375,154.0840625,630.91725,157.70225,117.72175,37.0221875,-34.196,80.3635,-296.591875,120.8340625,48.1729375,-159.26425,-207.4865,167.2345625,261.3590625,0.07425,417.849,-7.7744375,-68.582125,-62.2671875,101.73725,-173.2435,195.185125,-143.3691875,140.8740625,347.6111875,29.646,163.962875,8.723625,-328.133375,-61.5128125,111.616,-290.32725,-387.1521875,-260.36775,73.523125,-143.9624375,-177.78325,111.2126875,248.440375,56.6969375,-165.15525,27.191875,371.8736875,-165.97675,-109.592625,-0.8971875,-143.82075,25.840125,43.3268125,-132.743,45.6264375,-144.3070625,-9.0333125,-108.91875,-53.48675,-42.1705,-56.29075,192.8053125,42.747,-115.9240625,-133.2525,-118.667375,23.6618125,121.522125,128.275625,184.3708125,153.65525,-154.971875,-267.255875,366.5401875,113.749875,-200.790875,-45.8891875,-255.02225,-56.32825,223.1726875,-332.54725,191.099125,-39.139625,303.21175,234.043375,80.19125,301.510125,-47.5248125,-172.7546875,165.11325,125.4640625,-146.115625,110.5345625,-529.179125,122.8250625,-212.9003125,-7.9468125,21.4605
1.7026232765512619,422.8323125,186.4385,592.882625,484.505375,319.1506875,-66.717,197.848875,708.3215,26.9714375,244.0805625,418.1444375,534.76775,1.011625,271.27375,427.1299375,263.069125,86.4611875,-192.812875,-30.853,237.3105,23.9846875,-441.50725,424.9119375,277.09725,48.8863125,-57.8616875,-66.30675,4.9544375,106.942,81.693625,103.1810625,-70.8535625,295.6288125,129.8688125,-31.3535,-47.0928125,168.4494375,556.69025,176.23575,126.053375,-14.9869375,-91.78825,68.519125,-303.9705625,79.5075625,80.8421875,-129.3623125,-141.709125,144.4285625,245.092125,28.6754375,410.0928125,-49.38875,-61.6188125,-91.0415625,107.449375,-175.633625,193.9003125,-238.2910625,102.624125,420.8919375,20.2913125,148.305125,17.8285,-297.3110625,-3.62925,176.7016875,-290.471625,-399.8774375,-273.69575,73.04825,-85.696,-160.27825,128.892125,225.56575,108.448625,-205.8920625,-35.2105,388.8063125,-73.4206875,-42.4080625,-44.727375,-107.538,43.306375,4.838625,-121.16175,72.797875,-153.367375,-21.878,-23.4724375,-109.917,-27.6135,-60.8076875,176.454125,23.638375,-75.3384375,-109.535125,-157.0304375,61.121375,135.180625,133.6290625,213.0385,136.612625,-143.603375,-291.83225,289.321375,78.1253125,-207.682,-24.4745625,-241.1924375,-82.104,230.531375,-336.9946875,189.4909375,-72.675875,320.6585,279.4489375,36.3754375,247.6139375,-10.6359375,-136.60925,137.51675,185.567125,-115.796875,150.421125,-492.4380625,112.7014375,-207.6559375,-6.00725,-31.9779375
1.7066957992733451,435.9588125,145.7565625,564.4310625,482.8154375,333.89925,-30.04375,166.600875,691.157375,-9.903375,196.0545625,402.785375,471.5025,53.4693125,298.7866875,407.675875,303.4610625,100.136875,-205.7421875,-11.3146875,271.003,16.9045,-492.4920625,410.7806875,225.7235,113.8191875,-20.847125,-74.82425,17.5308125,82.122,130.377875,67.50925,-159.646625,332.6598125,103.26375,-22.183875,-19.8933125,151.626625,475.3016875,187.3590625,120.4129375,-40.3015,-166.8565625,52.040625,-278.774375,42.988,100.52475,-78.7030625,-60.4731875,127.72,217.918125,64.3835,402.829875,-81.10925,-50.1913125,-114.0405,106.9345,-166.595125,188.697625,-301.0615,60.5443125,482.5289375,11.994375,138.9194375,25.5699375,-255.7215,62.431625,243.3525,-277.8388125,-379.8124375,-290.820875,66.603375,-12.8510625,-130.5721875,135.191,201.9241875,150.5253125,-240.5414375,-71.6453125,384.468375,19.3755,1.0044375,-65.02625,-71.417,61.6145625,-23.9011875,-94.0390625,106.716125,-158.6395,-23.280125,45.587375,-166.128,-11.654625,-38.7158125,142.159125,-14.291375,-55.309,-80.2655,-173.3791875,100.746,172.393125,149.559875,237.7193125,99.495125,-132.9985625,-294.3083125,216.083,26.20175,-210.35625,11.3448125,-223.24475,-108.1954375,237.71875,-332.136125,186.8235625,-126.5390625,347.9894375,305.9095,6.776,198.7358125,38.967,-100.59325,113.09175,231.717875,-94.8970625,182.5030625,-460.1163125,101.5424375,-199.9385,-31.6275,-78.3401875
1.7107683219954142,427.1606875,111.54675,543.8229375,477.86925,355.0779375,20.5585,128.730125,660.8045625,-51.4471875,147.38975,383.1600625,385.2426875,115.57625,328.1424375,388.576375,330.642875,93.3429375,-211.90125,7.5551875,300.6765,-0.6964375,-542.6835625,391.741125,164.0121875,178.0159375,-1.0214375,-89.1770625,29.585375,32.253875,179.259375,9.3305625,-261.1278125,357.89075,88.4693125,-28.942625,33.801125,107.6836875,404.4060625,189.7129375,106.5641875,-37.4461875,-241.39075,26.336375,-229.520125,13.9251875,109.5079375,-12.8901875,23.7050625,110.2331875,194.515125,92.8054375,392.1275625,-99.139125,-23.90125,-124.809125,101.793,-151.414,184.7336875,-316.204375,33.0918125,521.3745625,14.740875,133.2016875,38.5153125,-216.6608125,131.2823125,303.61075,-253.4098125,-327.161125,-301.92375,42.7066875,59.5134375,-93.9871875,127.8366875,175.38025,175.672875,-268.8875,-87.976375,360.4659375,101.40775,16.5713125,-59.12875,-34.9720625,75.7975625,-37.4834375,-55.669375,144.770125,-165.0300625,-27.9663125,99.916,-212.3240625,-5.2871875,9.8395,95.3774375,-58.7460625,-44.0421875,-58.723625,-173.8005625,129.734125,228.749875,168.021375,249.589875,65.567625,-132.9268125,-271.234875,163.400625,-26.52925,-202.12,41.44825,-203.1541875,-129.3671875,254.8065,-319.3290625,182.8151875,-180.5425625,376.412125,324.436875,-3.8184375,162.041125,83.7653125,-63.5813125,89.0000625,260.234375,-81.7855625,209.8315625,-441.33125,90.880875,-192.3210625,-79.8378125,-107.749125
1.7148408447174974,411.38025,93.1394375,531.828125,460.604,376.7286875,61.2685,89.450625,625.0476875,-91.619875,101.8348125,369.67475,286.51125,170.3489375,364.26375,378.6988125,344.2951875,74.92075,-210.20975,26.9690625,316.7569375,-16.367625,-578.7711875,368.732375,113.890125,227.707875,-0.2088125,-117.8494375,30.1708125,-29.0345625,220.48925,-56.5826875,-343.478375,362.0529375,76.8123125,-42.4025625,100.5041875,49.5925625,353.8720625,186.391125,93.3995625,-29.774125,-304.563,-4.26675,-175.8543125,-12.1116875,106.1160625,54.0300625,97.9764375,94.1973125,181.7969375,104.2806875,375.0155,-98.4731875,19.6665,-117.306125,98.094,-127.9525,187.033,-287.028125,33.1598125,529.3366875,24.51325,124.86425,53.5195,-192.8304375,191.8765625,346.931,-221.1825625,-254.84425,-285.267125,1.306125,114.435125,-54.1650625,106.364375,147.406125,181.8236875,-284.856125,-95.4674375,325.6090625,164.6179375,12.6995,-36.824,0.6548125,81.7410625,-29.16225,-6.53725,178.7025,-181.176375,-46.68025,146.1611875,-241.549125,-19.514875,67.27475,51.4796875,-94.9995625,-17.537,-47.3473125,-167.104375,139.7076875,286.5319375,182.2379375,244.765375,50.1876875,-146.73275,-226.237375,139.413625,-63.2395625,-190.8269375,55.46825,-179.7429375,-147.9016875,288.233375,-298.7765625,172.2454375,-207.2954375,395.7159375,340.17225,3.05775,138.55625,118.4513125,-26.926625,62.1424375,269.1483125,-78.0649375,231.9860625,-433.359625,83.2136875,-183.861125,-131.412125,-114.7213125
1.7189133674395807,409.623625,90.8145625,526.715375,423.9340625,387.2690625,87.30875,54.9494375,597.372875,-124.076875,58.1834375,359.9634375,187.4833125,215.289,410.1204375,385.188125,347.2198125,54.1855625,-200.4186875,49.2254375,320.7715625,-26.869375,-581.1174375,344.3950625,88.2413125,253.31575,-16.4951875,-158.8580625,15.520375,-80.57525,254.8068125,-115.1889375,-387.01525,347.3780625,57.583625,-56.1078125,165.6170625,-4.9994375,324.164375,183.894875,85.4661875,-40.747875,-355.766875,-34.3415,-130.8133125,-40.936125,87.4136875,103.019375,159.4159375,85.989875,181.090625,101.898125,346.057625,-78.9779375,74.0981875,-90.63975,103.6241875,-90.037375,197.3534375,-234.1934375,59.902625,507.768375,26.7465625,112.6165,63.251375,-191.018375,233.59725,363.89575,-183.8555625,-175.609375,-227.6288125,-49.4365,144.750625,-9.762875,75.324875,121.8093125,175.348,-285.2653125,-100.8763125,285.6121875,204.7300625,0.1673125,-15.9359375,28.5763125,79.62025,4.5545,47.4695,200.22,-210.22325,-76.936875,179.371,-250.986,-58.9328125,112.0280625,22.576125,-110.7475625,33.5154375,-35.7336875,-156.08,133.41125,331.18725,184.9763125,226.14325,50.985625,-165.6224375,-163.4961875,146.3935,-73.2799375,-184.4911875,48.7451875,-151.245625,-169.9565625,333.6156875,-274.983875,151.584,-190.372625,401.9335,345.916875,29.2185625,125.290125,150.2991875,9.2224375,35.6773125,256.0063125,-82.02,248.3835,-428.368125,77.2036875,-168.90525,-169.228875,-99.963125
1.7229858901616497,427.368,101.8048125,527.0753125,374.6879375,376.4135625,106.55625,26.045,592.021875,-147.7653125,10.73375,338.1001875,99.2306875,257.790375,462.6441875,400.3948125,338.0815625,38.4430625,-187.3575625,68.860875,321.214,-33.2321875,-539.514375,327.41,78.2705625,248.6203125,-43.2128125,-198.0844375,-2.5774375,-111.1678125,286.101375,-157.823875,-392.3695625,326.4081875,27.8814375,-64.1239375,222.901625,-41.330125,313.8486875,184.0855,79.7334375,-73.110375,-396.2774375,-62.6503125,-95.1763125,-71.1285,61.516875,123.5090625,211.1708125,83.956,186.4249375,91.8209375,300.60025,-50.570625,126.4425625,-52.746125,119.8579375,-37.3315,217.07425,-178.9515625,94.4224375,465.490875,14.115625,97.11125,65.2438125,-209.3983125,249.458,351.3525,-146.3604375,-100.2790625,-134.480125,-97.8455625,155.4903125,45.372625,40.1493125,103.7009375,166.12175,-276.8585625,-104.16125,240.2545625,224.387,-13.744875,-12.514625,37.3811875,71.9935,59.8550625,92.1253125,207.9546875,-247.061375,-107.8075625,191.6726875,-247.5436875,-116.65075,135.9905,7.3940625,-105.78425,94.197375,-14.9956875,-140.4000625,121.5301875,352.8715625,176.2220625,202.2715,54.8641875,-179.3620625,-87.5348125,183.08225,-52.775125,-180.8358125,24.637625,-113.96025,-193.825375,370.6758125,-253.0226875,122.7868125,-133.782625,389.780625,329.35425,74.77775,120.2765625,183.269625,45.677625,18.8914375,222.5425,-87.6544375,262.8000625,-417.9428125,67.245625,-143.07475,-186.990875,-70.2426875
1.727058412883733,454.8583125,121.068375,526.2018125,333.4370625,341.742,125.0925,3.709625,608.2244375,-168.538125,-43.2645,290.154625,29.709125,299.0531875,510.3339375,404.920375,316.2113125,32.016,-178.4506875,74.4578125,325.1003125,-38.0059375,-459.1611875,327.181875,65.4256875,215.935875,-71.8081875,-219.797625,-7.73075,-121.1630625,314.324,-186.421,-375.087,309.85175,-2.336,-58.1404375,274.1283125,-55.57625,321.07425,179.818875,70.587375,-111.9974375,-424.2865625,-90.8626875,-64.9548125,-95.417125,48.256625,119.173125,251.509625,81.4469375,188.062,76.3436875,239.774375,-29.15725,164.26325,-19.8238125,140.2596875,23.66875,245.5160625,-126.3528125,109.509625,409.7973125,-8.5386875,73.770375,62.720875,-237.4239375,237.9816875,317.9025,-117.4554375,-39.6389375,-24.6855,-130.25425,158.230625,110.869625,2.4743125,96.1754375,160.487875,-271.0814375,-106.2383125,190.597375,229.9775625,-22.074625,-32.7069375,20.5649375,57.997,128.086625,113.3746875,205.3274375,-287.7859375,-134.5134375,186.84975,-245.0631875,-178.9430625,147.2314375,-7.4151875,-90.9991875,144.180375,10.6511875,-122.4658125,113.462875,343.3246875,163.371125,185.524375,50.2129375,-184.183875,-4.312,237.4318125,-2.8371875,-173.2918125,-3.0965625,-60.5695,-211.1175625,372.4515625,-238.3985,92.8889375,-55.12725,348.141375,286.0680625,126.600125,124.4728125,210.19375,76.02125,18.5466875,178.4545625,-89.8110625,279.063875,-397.078125,43.90575,-108.6811875,-184.5266875,-40.7666875
1.731130935605802,479.563,142.8545625,518.2330625,317.832375,293.1045625,139.783,-9.8921875,620.851625,-190.8961875,-100.1385,219.9228125,-19.551875,331.192875,539.3600625,384.382375,287.7591875,33.7029375,-176.7118125,57.349125,332.219,-44.58,-355.3654375,343.9195625,39.7071875,166.36,-98.70675,-217.809375,6.84075,-113.232,335.6255,-209.591,-349.3729375,298.511625,-20.725875,-32.686,319.4098125,-53.648625,338.2660625,163.2465625,51.834125,-139.9113125,-441.1494375,-119.34775,-40.5814375,-110.8489375,62.3945625,102.49075,275.25025,78.022,179.521125,58.2001875,168.15275,-23.8265625,181.7178125,-6.047,157.1520625,84.0355,276.9420625,-70.5466875,89.9010625,348.3933125,-35.8334375,34.722875,62.3511875,-265.1878125,204.0285625,280.249625,-102.9036875,2.012375,80.7634375,-138.738,161.9688125,173.637875,-34.8880625,94.5284375,155.3736875,-271.7954375,-114.2745625,141.4056875,229.318875,-17.3056875,-66.0651875,-15.0151875,33.761875,198.5846875,107.49875,192.6668125,-329.098,-161.22325,176.878125,-252.3724375,-233.5709375,153.2050625,-34.8799375,-73.3489375,177.4758125,32.8501875,-105.47125,116.4016875,304.9148125,154.3470625,183.0826875,32.5891875,-181.422,79.1320625,290.2633125,71.45425,-159.1755,-18.6915625,9.758125,-212.73475,327.376875,-236.327875,69.660125,28.38225,272.9236875,227.0335625,162.302,136.1318125,221.6874375,85.84275,30.8931875,136.3906875,-87.658625,293.9993125,-368.48425,-3.7154375,-71.92325,-169.11525,-28.435625
1.7352034583278853,490.8875625,162.881375,502.317875,328.5173125,248.6585625,142.820875,-16.2144375,598.592,-212.141625,-150.71025,147.6931875,-51.1774375,347.003,544.46925,336.1008125,262.902875,38.42975,-176.0385,19.4910625,333.76275,-54.422875,-244.599875,369.7528125,8.7340625,109.15425,-123.8298125,-197.3441875,39.18525,-87.2778125,345.2885,-233.047125,-316.501625,286.7018125,-28.3245625,7.7189375,352.1629375,-39.216125,354.1265,137.50275,18.87125,-148.534125,-453.3489375,-145.1365625,-30.4388125,-121.8901875,98.7146875,83.467125,279.2401875,81.748625,159.3745,39.512375,94.867875,-29.654,179.5805,-12.7421875,164.87775,136.04,303.6331875,-10.448,43.900625,294.7125625,-66.1234375,-18.165375,70.128625,-290.3195,156.762875,251.7075625,-101.768,30.032875,167.178625,-125.222125,168.49825,219.0711875,-64.8158125,88.004375,142.125125,-272.2096875,-136.355,97.008875,232.4216875,2.3905625,-92.9278125,-50.031375,-2.099125,257.6730625,82.232875,166.499875,-358.4575625,-192.0945,168.9315625,-265.441,-273.66925,152.3550625,-77.45175,-50.1638125,201.1013125,50.342125,-88.1050625,134.3059375,255.5819375,155.4150625,190.546125,4.19875,-174.9890625,150.226625,329.261,162.1761875,-137.5075,-11.789875,78.76375,-189.29625,248.21075,-245.0295,56.0526875,110.15175,178.850625,172.5626875,167.2228125,150.0309375,218.00375,66.29675,46.57175,102.99325,-80.3978125,299.58125,-342.02475,-77.3551875,-34.7213125,-158.8195625,-39.0806875
1.7392759810499543,483.39425,178.66675,478.7116875,352.3936875,222.7221875,133.127625,-21.6833125,537.8523125,-223.9179375,-185.324,88.9254375,-66.4790625,345.574,528.8444375,261.6554375,246.4209375,44.556,-164.1711875,-25.8206875,320.454875,-67.7578125,-136.2300625,396.8746875,-10.9935625,49.0179375,-142.2464375,-173.6126875,83.0065625,-42.994375,336.1755625,-253.9215,-273.6705,268.6160625,-35.24775,50.315375,367.2085,-10.3615625,363.1955625,115.4921875,-25.3396875,-135.678125,-463.5413125,-167.401125,-44.1140625,-130.420375,136.683875,61.3550625,262.14375,100.8893125,131.8330625,21.7236875,40.0125,-35.2576875,163.6941875,-30.632375,160.9734375,178.48075,319.681125,46.35925,-3.546875,262.9775625,-95.0408125,-71.704625,84.7601875,-312.6516875,107.0933125,236.4481875,-106.7463125,50.3800625,227.4304375,-96.064375,174.4705,244.32225,-85.3256875,70.3378125,117.97525,-266.874625,-174.9735625,60.3186875,242.5851875,28.0991875,-102.410875,-63.8725625,-47.4210625,292.585125,49.0535,123.82875,-359.7166875,-223.7504375,158.2229375,-274.002125,-299.9795625,148.1880625,-126.4709375,-22.4575625,221.8526875,65.2464375,-64.6695625,163.27475,219.3174375,167.427375,196.602375,-29.7028125,-168.2943125,190.35475,353.37675,258.42275,-104.5250625,18.513,116.427,-140.6905,161.017375,-257.8918125,49.1975,189.11175,91.9716875,135.5494375,141.346125,165.8788125,206.9604375,24.8820625,60.07825,75.4465625,-64.422125,291.73,-328.2514375,-161.5884375,4.6193125,-170.5486875,-63.250875
1.7433485037720375,458.8258125,191.1626875,446.967875,373.83725,216.0245625,121.32425,-32.0140625,465.6089375,-218.74725,-200.8880625,41.6924375,-69.8544375,329.745375,497.29925,167.6846875,232.973125,54.524375,-130.5619375,-66.056125,290.05425,-85.95175,-33.565125,421.634375,-14.2444375,-10.215375,-143.855375,-160.5890625,131.6345625,15.89475,303.1845625,-267.72525,-225.9848125,242.3325625,-45.8354375,82.8325625,369.488,31.51475,369.256375,106.8470625,-70.3545,-101.39825,-462.8890625,-188.315625,-80.4534375,-130.04475,159.42625,29.856625,228.2165625,133.740875,105.568125,14.0131875,25.4986875,-32.4266875,143.8663125,-51.3621875,150.1853125,213.1618125,323.8840625,90.451,-31.706125,256.6470625,-117.6669375,-115.702,96.5201875,-330.77,64.43575,231.2656875,-105.826125,64.6656875,258.879125,-62.4120625,177.4044375,253.3165625,-105.1654375,45.3848125,87.1633125,-259.0498125,-225.590375,31.3473125,250.5104375,45.4535625,-98.03025,-51.0246875,-94.937125,302.2228125,16.3843125,65.2339375,-330.80525,-243.506,134.3949375,-271.615375,-317.13775,155.2254375,-166.6673125,-1.28425,238.1111875,78.6125625,-29.1088125,196.3416875,208.0991875,181.278,189.05175,-64.5600625,-162.424125,190.0095625,366.103,346.8710625,-57.3053125,62.8774375,104.0945,-83.9918125,86.677625,-275.3756875,40.6488125,256.26275,31.63875,112.55775,94.153875,188.1019375,190.686875,-22.3265625,69.09375,45.9895,-40.38325,274.3100625,-332.290875,-232.221125,40.7826875,-202.26125,-82.04975
1.7474210264941208,421.44725,204.4845625,409.845875,383.8924375,218.9495,120.4026875,-43.642375,409.927125,-197.2876875,-197.2670625,1.61075,-73.7825625,304.985875,451.4005,73.299875,210.401375,69.05375,-75.012125,-101.3250625,245.8123125,-107.5520625,57.007,444.0865625,-11.4281875,-65.6261875,-122.8753125,-155.9763125,176.5100625,79.421,254.225875,-272.78675,-182.9350625,207.6185,-56.5848125,97.933125,368.29,79.09925,377.9326875,110.655,-106.449375,-54.25275,-433.211125,-207.570875,-126.8114375,-116.460625,166.043125,-12.6969375,186.585125,169.058125,85.9271875,30.9686875,54.1215625,-18.3653125,127.0576875,-72.9525,140.9304375,239.6053125,321.2618125,116.6404375,-38.9720625,261.5604375,-135.4576875,-149.5698125,93.2985625,-344.183,34.268625,233.500375,-89.20425,76.8234375,260.550875,-40.671625,179.4455,244.77475,-133.4025625,21.908,58.0061875,-253.434,-277.2999375,6.8425,242.41825,46.72875,-86.9836875,-27.9855625,-135.90075,299.829125,-14.345375,-2.4440625,-286.6745625,-240.0945,98.3536875,-260.0479375,-325.9479375,179.6350625,-184.9128125,1.616875,241.48475,91.7989375,21.9231875,231.941625,213.330625,183.1024375,160.2940625,-96.4694375,-154.2528125,159.5949375,369.225,418.6625625,-0.127,107.699875,49.0329375,-39.022625,32.4595,-301.349375,19.855,295.034125,4.0174375,91.996125,40.27125,217.8305625,163.07925,-65.4218125,69.7453125,10.235875,-16.6530625,254.8255,-349.8196875,-278.63275,61.9935625,-237.3009375,-80.2893125
1.7514935492161898,375.272,221.458,373.2414375,381.1043125,221.3980625,133.6029375,-47.01625,379.2221875,-167.5899375,-171.583375,-26.3364375,-87.4395,281.833,390.5824375,4.2695,168.548,85.7315625,-11.505,-137.2349375,193.230625,-124.1595,125.5425625,466.347875,-16.40125,-112.8524375,-85.430875,-140.598,206.1169375,131.937875,211.044125,-264.2601875,-147.7224375,163.3075,-66.1450625,92.7070625,368.8196875,122.96025,389.703625,119.08075,-128.9316875,-11.062875,-362.1228125,-219.4944375,-170.6115625,-96.45,165.930875,-60.6279375,142.54775,197.4130625,70.4193125,73.511125,106.693875,5.562875,109.69525,-94.958125,134.9898125,258.8081875,316.794,124.057125,-36.83375,258.7153125,-154.8651875,-176.1553125,69.7571875,-354.0006875,17.666875,244.366125,-52.920125,92.9173125,234.5193125,-40.242875,183.7296875,216.7594375,-169.849125,7.816625,41.88775,-244.6590625,-317.2456875,-17.0416875,212.8711875,35.1965,-72.441375,-18.4806875,-169.763,300.5468125,-47.8496875,-66.3628125,-247.925875,-217.9534375,67.7131875,-247.2969375,-323.7406875,208.4981875,-181.254875,-14.3075,225.936875,105.0960625,86.8250625,271.5894375,215.749375,163.63,111.6964375,-123.377125,-132.39825,116.3855,361.377125,474.488875,56.4430625,142.2234375,-24.20925,-9.977125,-2.6798125,-330.884375,-18.690375,296.0113125,4.703,66.778125,-5.3276875,249.8344375,116.86875,-102.727875,59.4091875,-27.8748125,0.2801875,238.3455,-365.7856875,-309.31425,62.8866875,-263.893375,-55.726125
1.755566071938273,327.2941875,241.94275,339.1654375,368.4848125,213.6145625,152.66175,-41.154875,365.7803125,-139.5381875,-122.4784375,-36.0288125,-108.54775,274.0765625,317.8335,-25.2653125,111.22875,100.3643125,37.7520625,-171.7574375,137.512875,-126.746625,167.3345625,487.42525,-33.3584375,-144.7224375,-45.8583125,-98.659875,218.325,160.637375,189.941625,-234.8914375,-116.403875,114.13675,-78.99575,71.70425,369.4428125,153.0959375,402.46475,122.331625,-137.4560625,14.0335625,-258.01125,-214.941375,-205.2533125,-85.49525,167.374,-104.41875,96.0646875,218.3639375,52.165875,125.17775,160.4199375,38.8724375,83.6985,-115.3623125,125.9995625,272.48525,308.975125,114.3361875,-32.8408125,246.486,-178.8415,-197.3345,33.3714375,-359.3139375,12.892875,263.41425,3.224375,110.30425,188.2264375,-59.4574375,190.8036875,175.4674375,-205.5101875,7.913625,48.2094375,-216.982,-340.9490625,-42.6703125,172.1693125,19.62625,-56.7423125,-34.55725,-206.4189375,304.1915625,-86.7778125,-112.922,-227.6928125,-192.4134375,60.73425,-241.4070625,-308.68,223.1428125,-165.3391875,-34.333125,198.457,118.36825,158.2385,311.9738125,202.1259375,125.6879375,52.74875,-148.914625,-86.66725,68.5135625,341.2125625,518.3104375,99.5806875,162.1119375,-97.2071875,13.784,-23.1313125,-351.4954375,-71.0384375,262.6281875,21.7544375,40.3289375,-34.4813125,275.2225625,52.9195,-131.9604375,42.649625,-62.7905,13.2265,223.987375,-362.8906875,-331.3641875,50.97825,-280.2845625,-14.243
1.7596385946603421,286.1785625,264.1004375,307.76,354.76725,186.6266875,165.32825,-37.1819375,360.0410625,-123.875875,-55.700375,-25.9843125,-127.9498125,290.052125,241.3886875,-23.1659375,57.1596875,108.7395,55.044625,-195.0271875,81.490125,-113.1258125,187.3704375,500.04925,-50.6171875,-157.48625,-14.8239375,-35.6211875,225.026125,165.400625,183.603375,-182.29275,-85.4228125,70.525125,-97.8383125,43.5706875,361.1671875,161.043375,415.6970625,114.75575,-135.5704375,18.4704375,-142.582625,-187.1545,-228.0049375,-98.59475,175.5546875,-136.8996875,46.989875,234.1855,27.8901875,168.271375,201.1953125,81.22575,46.7498125,-132.712875,108.94575,281.171375,291.7718125,90.412875,-23.8066875,241.1478125,-202.7461875,-209.6978125,-2.36375,-352.243375,18.1074375,283.9439375,71.13375,115.66575,133.552875,-90.9315625,198.969125,133.4976875,-230.884375,23.5834375,76.1593125,-161.4346875,-359.659125,-67.0678125,136.92125,5.9184375,-45.5925625,-71.9405625,-259.018625,294.88975,-123.4873125,-134.222125,-228.144375,-174.440375,81.6713125,-245.841625,-279.26625,212.162125,-143.7128125,-39.615625,176.8013125,130.95975,226.8898125,344.2490625,173.13275,84.57575,-1.749125,-181.0595,-24.8175625,17.5355625,312.38975,551.17,119.075125,167.2979375,-168.0006875,37.9344375,-32.7194375,-353.1515,-125.48725,206.4650625,43.7430625,20.2798125,-50.5491875,284.5483125,-15.1503125,-148.92175,28.422375,-91.9396875,29.3683125,210.634125,-332.2681875,-338.6766875,39.8540625,-287.150625,37.8636875
1.7637111173824254,256.1496875,282.5155,281.889875,348.28275,144.1431875,166.099625,-44.5854375,357.505625,-130.1404375,18.58525,0.3485,-134.2486875,326.1846875,174.521375,-10.0066875,20.2095625,111.506,35.4654375,-194.6361875,29.1461875,-83.8804375,198.6541875,498.72425,-52.9355625,-152.6199375,8.091625,31.62025,240.0196875,156.5463125,172.7544375,-112.4894375,-54.6405625,36.8516875,-118.857875,11.7285625,333.817875,146.0748125,430.4156875,100.2059375,-129.375125,12.11775,-33.4696875,-135.437,-236.4244375,-139.0649375,190.3629375,-154.9171875,-2.215875,244.0358125,2.2499375,192.8265,221.7583125,127.133375,2.5416875,-147.4415,87.38875,284.33825,260.0565625,52.964625,-2.5401875,258.35925,-220.1339375,-205.3420625,-29.1513125,-322.37475,28.9193125,292.7935,130.89325,98.347125,83.102,-122.140625,206.6813125,104.8515,-248.6705,54.483625,112.317125,-88.893125,-389.3801875,-82.3203125,113.7559375,-9.366875,-45.696875,-115.448125,-331.3730625,262.3073125,-145.42825,-133.4631875,-249.0588125,-167.577875,121.828375,-256.6375625,-238.7821875,174.8488125,-118.8483125,-18.2793125,171.7194375,139.1514375,283.3229375,359.6430625,141.6396875,53.6220625,-37.1105,-223.3095,32.7043125,-33.093875,283.2414375,571.9435625,114.5365625,159.8273125,-238.4951875,50.6474375,-29.9426875,-333.02325,-168.1075625,146.8565,63.2305625,8.0095,-64.66625,270.6235625,-70.869,-153.5751875,25.5598125,-110.307125,48.6436875,201.1630625,-280.0240625,-322.42325,37.2221875,-286.0055,91.3274375
1.7677836401044944,236.2375,295.0058125,264.024625,344.6301875,107.24075,158.2506875,-59.16,357.2705625,-152.596875,93.2588125,33.7135625,-120.5840625,370.947,132.4755625,-0.52225,-3.34475,117.45375,-13.1260625,-163.008375,-13.2496875,-36.473375,218.00725,486.98775,-39.10225,-131.2050625,30.09925,90.0549375,270.37275,145.1381875,150.7000625,-38.4755625,-27.6875625,10.978875,-136.4586875,-24.0070625,288.662375,119.1089375,448.0348125,86.861625,-125.6861875,9.990625,58.870375,-65.1914375,-223.4466875,-193.01275,203.8858125,-155.4490625,-47.08725,249.6798125,-21.51725,197.3176875,221.9375,166.4823125,-45.1016875,-157.544,69.50775,276.7235,214.5491875,-0.0285,31.157375,300.415375,-225.7743125,-185.4378125,-45.03225,-266.515625,36.2205625,279.3896875,163.968125,61.2303125,40.387625,-140.9165625,216.934,97.453,-272.890125,97.9339375,139.611875,-20.9024375,-428.5284375,-84.3215,97.6386875,-33.402875,-56.40375,-147.0295,-408.4656875,213.0146875,-146.598125,-127.9541875,-291.023875,-173.7098125,167.39625,-262.196625,-200.9565625,122.417,-91.582375,30.4580625,176.680375,139.5505625,319.2645625,353.961625,122.573625,32.169625,-45.8678125,-270.0815,75.3830625,-77.8710625,265.283125,579.707125,97.24325,148.2435625,-302.953625,37.814125,-12.7105,-294.2,-188.8884375,103.0208125,75.9605,-0.4573125,-85.0025,234.9175,-108.357375,-151.6921875,43.696625,-113.0113125,57.4241875,194.029,-225.596125,-284.619625,39.949,-279.6251875,131.557125
1.7718561628265777,222.818625,307.908,254.629125,330.1289375,98.164,144.9951875,-65.3405625,357.934875,-169.3928125,164.8700625,64.6883125,-90.0634375,414.140375,121.2776875,3.962375,-22.84575,134.5506875,-76.755375,-106.5745,-40.7814375,29.2401875,256.1408125,472.25225,-23.4745,-94.23675,55.2901875,130.026875,313.29025,137.1238125,124.215875,26.379625,-9.9055625,-9.0775625,-147.3625625,-59.7414375,239.3294375,96.9065,468.010375,78.0135,-130.1688125,19.4155625,128.54525,13.7540625,-178.123125,-236.3954375,208.596,-138.2633125,-83.085875,260.819375,-48.6296875,186.5223125,211.345375,187.621625,-91.282375,-157.1503125,60.4321875,250.2593125,159.355625,-63.6285,66.53725,355.378625,-213.0229375,-163.5351875,-51.729125,-191.490125,30.1936875,247.4684375,168.8906875,17.5223125,-2.0665625,-143.5929375,237.179625,107.2325625,-311.573,147.832625,152.587625,27.159875,-458.9635625,-75.1170625,80.1941875,-68.1815,-65.3255625,-153.549,-460.9789375,158.96775,-132.323375,-141.98275,-347.322875,-193.20775,205.83875,-251.898875,-179.8768125,71.4628125,-58.146625,94.43475,177.1241875,134.4825,332.8909375,331.4345625,120.048875,12.2519375,-27.9783125,-309.504375,109.7370625,-113.175125,267.302375,574.2659375,81.09825,145.2230625,-351.60225,1.3508125,12.50375,-240.781,-187.5340625,79.591625,84.272875,-5.0913125,-111.143125,188.319125,-135.356875,-152.33275,86.304375,-103.0734375,42.717875,184.1924375,-181.2841875,-236.519,40.9360625,-271.604875,145.626
1.775928685548661,210.9063125,321.2533125,255.2330625,296.904125,120.2899375,126.95475,-49.2355625,355.4316875,-163.9645,227.0065625,91.8665625,-52.9961875,454.895625,131.5374375,5.4568125,-37.1684375,158.01,-139.9805625,-44.2780625,-48.9603125,105.1038125,310.8245,458.767,-21.5389375,-47.97875,80.5674375,143.366,357.7158125,132.0948125,99.83675,75.3175625,-0.9771875,-26.0491875,-146.0815625,-88.872,197.8498125,91.041875,481.7136875,72.698875,-145.0405625,33.9401875,175.438625,90.365875,-94.0428125,-251.6513125,203.4848125,-110.22525,-106.3825,283.7900625,-81.7569375,170.497875,203.31675,186.523125,-122.2735,-143.02725,59.8450625,206.52975,98.8635625,-121.3,91.994375,407.365375,-180.699,-148.6401875,-56.74725,-109.31125,1.41,215.9733125,159.377875,-18.867625,-48.019375,-135.071375,271.0145625,125.5993125,-357.188875,197.2123125,160.1269375,49.5084375,-471.6620625,-59.36875,57.092875,-109.28125,-57.8385625,-133.08275,-465.158,107.78375,-116.3650625,-187.80175,-399.932,-220.9363125,230.957125,-222.8214375,-179.8538125,33.6606875,-11.5105625,157.9945625,166.2511875,127.9845625,329.0195625,302.5350625,124.6105,-5.104875,10.78825,-330.2121875,144.4164375,-133.907875,284.4875,555.517125,72.328,156.1115625,-377.1003125,-43.3223125,30.12875,-175.0893125,-172.435375,65.870625,96.3714375,-1.727625,-137.8129375,147.161,-163.796,-162.4233125,141.6586875,-87.2741875,11.203375,172.296,-140.3891875,-184.4875625,36.5793125,-264.4443125,132.3254375
1.78000120827073,196.4154375,326.28825,270.3393125,246.46975,157.0798125,108.8883125,-9.2286875,342.44525,-134.907125,270.4150625,118.817875,-22.040125,500.086375,146.484,0.25725,-35.9316875,174.7406875,-186.5659375,8.5925625,-31.916375,177.2608125,370.443625,450.8141875,-39.0523125,-3.247375,98.7643125,129.467875,392.889375,125.8765,79.6944375,111.9010625,5.3001875,-44.7743125,-126.5836875,-107.497875,164.0676875,102.7985,473.7834375,69.857875,-167.528,43.964625,204.1550625,154.069125,21.575875,-240.507,188.8689375,-81.496125,-114.6233125,309.2055,-114.1945625,161.817,203.0725625,176.7076875,-122.262125,-117.5913125,64.715375,161.7498125,40.6376875,-157.42725,103.833125,448.017125,-143.615875,-138.0090625,-71.525375,-30.72025,-54.6705625,206.093,151.85425,-40.7616875,-92.244125,-121.5496875,310.4970625,147.9125,-395.63075,240.442875,169.6604375,45.263375,-475.4128125,-44.7065,27.9329375,-149.6873125,-28.38875,-93.946375,-424.1585625,62.9770625,-111.5176875,-252.52175,-429.2583125,-248.382375,243.8403125,-172.791375,-200.3419375,12.4218125,49.0544375,211.409125,151.77325,118.0330625,314.286,276.3838125,120.992125,-7.541125,58.114875,-330.733,177.44025,-130.3036875,300.688125,524.495,68.4158125,176.90925,-374.7836875,-76.8706875,24.81575,-102.9661875,-152.7039375,45.8531875,118.4475,11.21925,-161.15675,129.8636875,-198.8645625,-181.80825,193.1964375,-67.0501875,-16.793375,163.4465625,-93.8215,-125.4378125,26.1000625,-255.3531875,102.94075
1.7840737309928132,178.783875,323.841125,301.3351875,184.512375,190.95275,99.397625,46.4056875,312.541,-91.118125,291.381875,147.6494375,-5.145625,551.25125,153.3308125,-15.4393125,-12.4014375,178.8085625,-206.6114375,51.891375,12.9306875,231.8589375,421.94875,457.453375,-75.0334375,31.722375,103.2390625,100.37225,411.72725,118.7705,66.25975,147.825,13.997125,-65.810625,-93.81175,-115.404375,129.285625,128.559875,433.2830625,69.2815,-192.8163125,46.77525,222.8938125,199.0731875,144.30525,-220.7499375,165.7131875,-61.8080625,-109.61225,316.8275625,-140.297375,161.376,203.8679375,177.5813125,-91.3685625,-83.6946875,74.093875,132.0870625,-7.36525,-166.8721875,104.01725,479.9568125,-122.607,-128.51425,-97.963875,38.70225,-128.9716875,224.0148125,158.569,-47.677375,-131.766125,-104.1239375,338.5799375,166.7036875,-414.0301875,274.0668125,176.884125,20.7775625,-482.781125,-39.44425,-5.3655625,-182.071125,18.26375,-48.348375,-363.7236875,24.3596875,-122.348625,-309.388875,-427.9893125,-267.4584375,247.2943125,-96.2281875,-237.3681875,4.7459375,111.071375,251.9645625,146.0531875,100.988125,292.8705,255.492125,97.8818125,12.0015,97.9684375,-323.383625,202.5531875,-99.6095625,302.2801875,486.3225,68.2400625,200.9280625,-341.1470625,-84.686375,-7.8359375,-34.3336875,-130.431375,10.960375,148.02275,30.9441875,-177.5753125,145.064125,-235.7413125,-204.333625,236.224875,-39.6745625,-27.554625,162.186625,-40.8684375,-56.495,11.50825,-238.4474375,70.6181875
1.7881462537148822,163.5060625,328.8118125,338.330875,118.9944375,216.3824375,101.3729375,106.799,267.3941875,-45.158375,294.4075,179.9081875,0.1324375,595.402125,148.318625,-35.227125,29.76075,179.954375,-202.466125,92.0393125,77.496,262.883375,454.5945,484.0693125,-122.3459375,57.5355,88.7868125,73.806875,408.5439375,116.0386875,64.104625,191.3413125,27.69075,-82.047625,-62.654375,-115.5074375,89.156375,166.8180625,363.528875,71.6059375,-217.0341875,46.3470625,239.74425,227.927875,245.15925,-204.8711875,141.841125,-58.4413125,-98.0078125,293.6549375,-161.26975,153.5544375,196.9325,191.1111875,-45.418,-41.6144375,93.25925,119.309125,-45.63325,-153.3711875,96.7004375,506.97175,-124.91275,-122.514625,-123.7716875,97.8649375,-203.8965625,255.9446875,186.737875,-39.569625,-166.13325,-78.3119375,343.9675625,168.281375,-401.83675,295.8408125,175.936625,-5.735,-497.9861875,-46.46325,-31.55525,-198.6513125,66.2105,-5.0203125,-306.01225,-11.4625,-143.50475,-337.965625,-402.3350625,-274.853875,242.314625,3.9255,-279.7223125,7.558625,156.039375,284.3270625,150.361125,80.8995,266.9183125,235.639125,55.211375,46.8051875,119.569875,-322.7555,219.1379375,-59.003,287.1190625,450.621,78.4703125,222.3816875,-277.0159375,-64.0224375,-60.6729375,25.1870625,-105.25225,-30.4978125,175.7266875,53.87425,-179.2368125,181.046375,-265.9761875,-221.046,272.8186875,-3.9219375,-22.2683125,170.2585,16.1416875,19.0178125,-1.6499375,-211.0161875,42.2906875
1.7922187764369655,159.8993125,355.352,366.292,60.006875,233.0374375,107.4964375,162.2394375,217.5375,-3.655875,287.37175,217.8058125,3.484625,616.295125,134.0040625,-42.7864375,79.8579375,193.8965625,-183.910375,127.4735,142.576,277.3963125,463.008375,519.2296875,-167.750875,86.856,53.2295625,63.188125,380.1108125,117.28525,73.3611875,237.3316875,48.29025,-83.6139375,-42.5423125,-113.78725,46.6550625,214.61375,280.9245,80.5223125,-235.8459375,52.355125,258.3354375,244.203375,314.1051875,-190.58175,126.8595625,-72.9970625,-88.945,246.5675,-176.705375,122.524125,181.6925625,204.41025,1.1308125,6.0798125,125.981625,115.2096875,-81.0344375,-125.0438125,92.057875,524.3533125,-141.09775,-122.935375,-138.25425,146.15475,-266.413125,280.6474375,232.7199375,-15.34025,-190.6888125,-38.7883125,329.649875,142.8803125,-355.86825,304.2374375,171.5935625,-15.678875,-515.3306875,-62.1465625,-35.3568125,-196.97575,96.175625,34.60925,-258.6711875,-44.14125,-164.791625,-330.77475,-361.105375,-274.917125,234.1620625,106.399,-315.192375,20.7256875,170.573375,312.654,155.194875,66.90475,244.456375,211.099125,5.713,89.023625,123.9868125,-331.731625,229.74825,-35.169125,262.6008125,426.724,105.61675,237.6534375,-190.0163125,-23.1046875,-119.92925,75.898125,-81.7508125,-62.4065625,194.051125,79.516375,-160.9750625,215.0231875,-285.033625,-221.3830625,297.889125,33.9393125,-10.1696875,184.1139375,74.89475,92.84975,-8.0945,-174.9770625,21.697875
1.7962912991590345,173.745,403.179875,376.84475,18.1353125,238.5224375,110.526875,206.77475,177.4331875,33.3488125,278.3840625,261.25325,14.2636875,610.5436875,112.702125,-26.7289375,126.745875,224.8765,-160.3845,149.011875,188.3779375,290.5083125,450.8328125,541.9903125,-198.722875,132.602125,3.383875,77.0013125,329.8649375,111.2118125,88.7696875,269.022375,74.6433125,-67.7791875,-28.8611875,-117.045875,1.275375,264.003375,202.08825,104.4565,-243.87875,75.9399375,279.7371875,243.739625,362.598375,-175.934875,124.0888125,-93.7513125,-88.2475625,195.8425,-178.8325,67.9703125,163.71675,209.832875,41.0686875,53.351625,163.696625,111.2534375,-113.635125,-89.124125,104.8645625,530.1715625,-155.2743125,-128.4935,-143.728375,182.3219375,-306.6106875,286.8066875,279.306125,21.2808125,-202.221,15.264,307.3614375,92.92725,-285.283,302.807875,171.7708125,-6.205375,-527.027375,-78.1723125,-11.54,-183.6556875,103.7500625,71.6879375,-223.232,-67.5284375,-180.817,-291.2413125,-309.6131875,-271.46475,230.7889375,180.5810625,-337.5401875,42.7900625,154.6598125,332.9536875,150.8345,65.168625,239.73725,181.5019375,-34.1824375,136.65325,120.544875,-343.4605,235.29825,-41.5616875,233.7888125,417.40325,145.4608125,244.169375,-91.4135625,27.433625,-171.6013125,116.1598125,-66.0426875,-76.88525,200.46375,107.7900625,-128.7835625,232.399125,-292.299125,-199.17725,301.968375,57.321625,5.935625,194.4215625,133.1476875,154.339625,-4.522,-134.617,14.3674375
1.8003638218811178,204.179875,459.6601875,369.381875,0.583625,233.8869375,114.574625,237.0034375,158.5655,66.118875,275.96125,308.1586875,36.3435625,589.370125,86.7391875,7.357125,163.1853125,265.8215,-138.4819375,148.2709375,206.25575,312.444,427.1304375,542.3328125,-209.4180625,192.0205,-42.8774375,116.521,271.9455625,85.320625,105.727125,266.3488125,97.9621875,-43.6924375,-11.6069375,-128.4224375,-51.478375,306.7449375,136.9614375,147.6939375,-236.941125,120.463125,303.329375,220.097625,405.264375,-165.358875,134.7473125,-95.5041875,-94.553875,159.650125,-160.197375,3.6148125,148.197125,209.356625,66.1203125,98.11825,194.296875,102.0319375,-131.6945,-53.03925,139.7834375,535.9611875,-156.872625,-133.85175,-149.5304375,206.769375,-314.23675,277.4744375,308.1626875,64.8079375,-204.6491875,76.9124375,289.2458125,31.7236875,-207.092375,298.22175,172.1164375,13.6825,-530.1379375,-84.1456875,35.3189375,-167.7335625,100.2065,102.9655625,-201.193875,-75.6934375,-192.271375,-229.370125,-252.3740625,-260.742375,235.352875,206.024375,-348.1711875,68.5900625,119.3729375,340.9268125,132.829125,75.2126875,257.9770625,151.82,-60.48,185.6623125,123.085625,-352.125125,233.956,-73.04725,198.4143125,414.9115,182.2095,238.4810625,5.8966875,81.6495,-206.9683125,143.45275,-59.6490625,-76.5711875,194.176,136.8843125,-98.6859375,234.8163125,-287.10175,-163.2895,284.6489375,50.35875,28.3050625,190.86225,192.212375,193.943375,10.471375,-94.506625,24.868875
1.804436344603201,244.5535625,510.3335,349.8189375,3.2225,227.4165,129.1895625,250.6130625,163.4401875,96.332,287.2818125,358.2599375,70.7894375,570.4035625,62.7946875,38.7665,186.0185625,312.353875,-121.920375,124.184375,199.907,342.794375,400.29225,525.07825,-201.0795625,251.95175,-65.136375,172.987375,226.5425,40.3164375,120.1128125,221.37475,105.586125,-23.9006875,14.168875,-142.387625,-105.828875,336.3965,92.4825,201.931625,-215.31375,176.75875,324.6855,176.183875,448.0833125,-157.8269375,158.660375,-60.5399375,-102.22525,149.99225,-120.06325,-54.6323125,135.6919375,207.613375,64.9834375,143.6579375,215.1589375,87.516625,-121.1196875,-26.7798125,184.12,552.49275,-141.87175,-131.60725,-158.5605625,221.4789375,-286.33925,260.2295625,313.842375,115.9753125,-202.6534375,137.410375,282.8590625,-25.8061875,-136.5744375,292.6999375,158.2306875,34.908,-522.72975,-74.665,94.35075,-153.4880625,95.3030625,123.2066875,-194.9349375,-66.2026875,-197.401,-158.4730625,-196.3025,-238.51075,246.50625,183.0199375,-357.221375,93.5745625,72.27425,338.823125,101.7286875,92.9973125,288.1565,128.5510625,-81.734375,225.8221875,143.103375,-358.175625,222.361125,-114.32425,157.2484375,402.7760625,198.4870625,221.8006875,89.5296875,135.07,-222.5740625,160.4774375,-55.49275,-64.5604375,177.288125,165.39475,-85.326625,232.414,-267.1665625,-132.192125,258.2623125,10.1745625,50.1351875,167.1685,256.4548125,207.287,35.3583125,-57.715625,51.393875
1.80850886732527,286.4359375,545.0641875,331.3246875,12.5335,224.56125,157.729375,248.788125,184.4535,128.6330625,316.78575,412.126125,120.8948125,564.9383125,48.897125,47.17925,196.0251875,364.2175,-110.2280625,84.4716875,178.0373125,378.682625,375.5610625,499.598125,-177.9090625,302.2599375,-51.6333125,234.415875,207.8818125,-8.9170625,128.3855,150.14275,95.0701875,-16.16325,46.176125,-146.332875,-143.765875,346.11925,70.8330625,253.0345625,-186.6405625,226.808375,338.2133125,124.5238125,490.3655625,-141.42,186.245625,5.4891875,-104.2891875,172.6300625,-65.5740625,-95.7334375,118.2245,208.595375,37.3898125,190.8255,229.2534375,72.3239375,-78.584125,-16.6276875,219.1020625,575.707875,-103.21375,-114.5560625,-162.0530625,224.116625,-229.2554375,242.115625,304.7113125,174.437125,-196.9728125,196.831375,286.909625,-71.4438125,-85.099125,284.1198125,123.09525,49.9635,-500.09775,-53.693875,150.052625,-141.779625,89.86,131.3915,-205.5879375,-43.75875,-188.41625,-91.5095,-149.8060625,-208.8198125,261.4336875,125.822375,-375.612875,119.2449375,12.6295625,330.18725,60.678,119.1138125,316.313125,119.2799375,-103.439375,246.5626875,177.1048125,-363.225625,200.974375,-147.7216875,117.8646875,366.0343125,185.87225,203.8334375,153.022125,181.26175,-222.3965625,167.95025,-45.11875,-38.874625,153.742,191.4843125,-90.4635625,230.225125,-232.522625,-116.5158125,237.5604375,-54.4109375,62.2835,120.2461875,327.4328125,198.8676875,64.2628125,-25.2414375,84.972875
1.8125813900473533,322.4024375,560.984,328.1044375,24.05225,221.5133125,195.4801875,237.4820625,211.4989375,166.8063125,363.7858125,463.7566875,185.6809375,572.364875,48.897375,31.6614375,196.253875,414.271375,-101.5640625,40.0364375,149.3694375,418.3223125,355.511125,473.556125,-142.81625,339.4506875,-3.0748125,290.429125,218.0031875,-47.8860625,135.4275,84.2833125,78.3530625,-23.7819375,75.3789375,-133.9770625,-153.034,329.37425,66.272875,292.0954375,-161.7094375,251.622375,341.278,76.623875,533.354375,-103.8401875,200.4510625,84.349875,-92.780875,220.0380625,-11.6848125,-111.394125,85.6318125,215.6856875,1.746375,235.6004375,234.54975,59.867875,-12.2235,-17.6936875,233.913375,595.282625,-34.110625,-82.670625,-150.069375,207.44925,-152.38075,229.4829375,292.4831875,230.3976875,-190.0586875,259.2915,290.6288125,-104.985,-61.1445625,270.4458125,73.836125,52.8204375,-458.425625,-29.254125,189.7689375,-133.2285,82.8385625,130.3805625,-227.4775625,-23.119875,-161.6641875,-37.909625,-120.3779375,-181.0818125,277.903125,51.58325,-400.7419375,148.1114375,-55.82125,315.053125,14.841375,157.6451875,336.771125,129.409125,-120.307875,246.6960625,208.5358125,-362.4564375,174.985,-160.423625,88.663375,304.1193125,146.638375,193.763,192.29,215.161875,-217.527125,159.1121875,-33.203875,0.6373125,123.4276875,211.849125,-104.1800625,224.4455625,-190.7863125,-115.9549375,232.4831875,-131.160375,66.814375,50.9225625,397.02875,179.90825,90.0235625,1.38775,112.1968125
1.8166539127694223,347.3579375,561.88825,345.2598125,49.0395,214.5713125,235.260375,227.8733125,240.7534375,209.2243125,418.2895,499.64925,255.372,587.3210625,61.6665625,9.58,190.451875,449.5849375,-98.1770625,2.3600625,120.8063125,455.8561875,341.616125,452.6855,-101.54425,363.58775,69.5424375,334.4525625,249.1308125,-71.5134375,152.0563125,47.019875,68.952375,-41.9184375,91.56425,-110.722125,-140.27325,288.7766875,70.6145,319.285625,-144.0613125,241.226875,332.90525,34.21375,580.67675,-46.0135625,191.4915,161.8020625,-65.5085,274.5100625,27.044,-96.0233125,38.4095625,230.461125,-19.7733125,273.719875,221.6725,51.14475,65.4184375,-19.7359375,228.143625,609.23675,58.0896875,-49.3165,-119.935,170.869125,-68.927625,224.5950625,286.4695625,274.0985,-189.9021875,317.243875,280.7785,-130.849125,-66.26875,249.1765,22.6966875,41.2585625,-397.6615625,-5.92125,211.5700625,-131.6695625,78.7546875,123.0294375,-245.6085625,-20.66875,-126.98325,-0.8434375,-110.7289375,-163.028375,294.7215,-27.710625,-418.3185625,175.04125,-116.8976875,291.723125,-29.525875,203.40925,349.910875,158.657875,-120.052,237.428875,220.6945625,-346.927875,147.0355625,-148.940625,74.6045625,233.9640625,90.41125,189.3051875,200.906625,237.526875,-213.5706875,130.069625,-31.0881875,46.2203125,84.7133125,220.0418125,-113.775625,210.1469375,-153.9264375,-124.4685,247.8290625,-207.566125,71.592875,-31.1875,449.3243125,158.970125,112.082875,18.730625,119.3405
1.8207264354915056,363.7786875,554.5679375,376.4889375,96.0095625,206.8274375,274.4271875,229.4998125,273.220125,248.0815,470.046375,511.77675,318.81025,604.420375,79.7804375,-2.4896875,182.25675,465.218375,-103.6114375,-18.7759375,97.7674375,481.9795625,334.7235,438.891625,-67.5708125,376.2816875,150.455375,367.981,289.2235,-78.5339375,182.5234375,37.1438125,66.9596875,-53.9075625,90.63125,-82.9859375,-123.9036875,241.1423125,76.9120625,341.4218125,-130.843375,200.6419375,312.9595,-6.4535,628.938125,16.92175,164.2708125,227.4226875,-35.8510625,319.195875,46.929125,-54.5068125,-10.2358125,251.3473125,-18.96975,302.093375,182.36,48.6356875,137.7029375,-18.73575,208.73275,622.17925,152.070625,-32.612625,-73.0790625,123.6015,1.816375,228.0593125,293.0786875,304.734125,-206.7929375,352.34325,250.0295,-156.10675,-89.74425,218.8803125,-23.5281875,21.862,-322.00475,17.18775,222.06425,-144.3740625,83.8084375,112.2325625,-245.6226875,-39.381125,-100.7915625,22.0244375,-117.887375,-160.6560625,308.129875,-111.282875,-416.7999375,190.88675,-149.963375,262.2009375,-66.3928125,239.0731875,354.11425,203.1739375,-94.12675,232.294125,200.999625,-313.56875,116.915,-118.58425,74.914625,174.9925,31.4431875,179.4690625,178.3049375,255.6723125,-206.3605,91.2240625,-37.889375,86.5293125,40.8583125,206.9448125,-111.581125,184.9845625,-125.4553125,-131.85525,278.80475,-269.2489375,80.0016875,-108.94725,473.22925,137.32775,139.4558125,29.35575,97.515625
1.8247989582135746,380.0109375,544.098875,411.901625,154.022,202.2610625,312.0773125,241.2454375,311.517375,274.9190625,520.4256875,506.787875,368.235,616.706,92.9540625,0.3235,173.0208125,468.4041875,-115.764125,-21.30025,82.2956875,492.5726875,332.802875,429.55975,-52.494375,382.5580625,224.91575,399.323625,329.886625,-69.21575,223.489875,39.3255625,58.47275,-42.76975,74.43225,-51.6640625,-119.6045625,208.354375,81.546125,362.75375,-118.1879375,146.9674375,282.7424375,-45.7400625,667.082875,69.2021875,132.6999375,268.1566875,-26.0293125,343.2960625,53.003,-0.1480625,-43.1956875,272.7646875,-4.3035625,316.541625,119.50575,57.7273125,187.73425,-16.847375,191.3665625,631.8241875,225.378125,-36.2091875,-18.73275,73.031875,44.26575,240.7499375,312.7874375,325.378125,-245.528125,353.1754375,198.4680625,-189.147625,-114.797,185.3830625,-65.1681875,10.9481875,-241.10575,40.848375,228.5695,-172.6664375,99.8875625,103.1448125,-226.0685625,-66.4415,-90.2659375,32.61625,-133.86175,-177.2969375,309.9704375,-204.8638125,-391.30225,189.248375,-141.002,234.056875,-92.7110625,252.145,345.7778125,255.5803125,-45.0965,235.5444375,143.526,-269.11525,88.5910625,-79.0163125,85.436375,131.564,-15.2914375,157.9305,137.4760625,274.89575,-193.1418125,60.8148125,-43.2289375,109.545375,-1.6978125,169.803125,-97.39925,149.284125,-98.2544375,-129.0943125,307.9685,-304.9445625,92.3929375,-167.984375,467.9366875,116.485125,185.4989375,44.78625,46.4584375
1.8288714809356579,401.4726875,529.3215625,445.1699375,202.1910625,200.5161875,340.076125,253.3515625,360.4593125,286.8868125,573.2485625,496.3250625,395.891375,619.5121875,96.4653125,14.076125,162.8005625,469.955125,-125.216625,-10.9625,66.603875,493.6451875,331.637375,420.1066875,-55.470875,388.76325,283.6169375,436.3711875,372.039875,-51.906875,267.9563125,42.328,30.4795625,-4.77175,47.368625,-14.801875,-130.890625,203.433875,89.04025,377.9035,-95.2288125,102.2905,244.246125,-80.91425,682.7163125,108.5836875,108.274875,275.8380625,-44.219875,346.78075,49.486125,57.8876875,-49.36175,283.3290625,11.7280625,312.5626875,46.937,78.043375,207.7663125,-18.05175,198.993375,629.5700625,265.7491875,-43.163375,24.12625,21.720875,59.0801875,259.502,340.9101875,334.9811875,-297.85,325.2478125,129.2510625,-231.41875,-132.6986875,158.8379375,-100.5748125,24.1419375,-166.7156875,60.6668125,232.62425,-207.6400625,128.784,102.6215625,-194.1403125,-85.659,-89.1501875,32.6,-145.3003125,-209.6279375,292.478625,-306.7313125,-343.967875,169.6884375,-87.3585,214.6383125,-110.54725,244.741875,325.884375,304.53575,17.19875,240.1255625,61.874875,-222.5025625,70.31625,-40.4221875,102.8213125,93.260125,-41.5108125,130.422,100.3574375,291.3136875,-178.484875,44.814875,-39.9845625,105.337,-37.6315,119.02225,-76.2006875,110.1291875,-64.6516875,-113.4376875,313.2240625,-310.6308125,112.3165,-207.145,439.255625,103.968875,253.87475,71.2545,-26.2595
1.832944003657727,430.363625,504.760125,471.521125,228.6004375,198.5978125,348.5436875,257.509875,422.9235,287.2065625,621.3554375,488.7234375,395.4629375,614.8081875,95.2465625,30.0208125,153.4738125,475.108,-119.219125,6.5805,38.6554375,494.447,330.7835,403.120875,-64.0494375,395.7003125,324.30825,478.408625,423.388,-41.5895625,304.293,43.3213125,-17.6135625,50.3771875,16.8565625,26.9963125,-149.02925,223.1301875,106.23975,377.2334375,-45.04225,81.6634375,202.3240625,-109.1285625,668.616125,145.0438125,94.55375,256.7383125,-76.8094375,338.584,38.4804375,116.99375,-31.2049375,268.2285,24.3963125,287.6423125,-16.9990625,98.0739375,204.3273125,-24.416875,244.285875,615.5425,276.8504375,-26.860375,40.5845,-24.9015,61.8093125,278.504125,372.260375,329.3390625,-344.960375,286.1646875,49.8895625,-273.54025,-146.35175,142.0876875,-123.4871875,65.41125,-105.9876875,72.643125,229.8066875,-237.6763125,172.303375,115.276625,-154.702625,-91.7791875,-88.6794375,29.7010625,-139.9689375,-248.089375,258.0339375,-401.957,-286.2211875,141.522875,-0.668375,205.2970625,-122.4945625,224.4200625,297.6125,338.726375,81.77425,236.7920625,-9.5023125,-177.2896875,67.8385,-14.4390625,123.4401875,49.2834375,-46.296875,110.1254375,83.040625,299.8356875,-166.943,27.4975,-24.497,75.742375,-63.0110625,72.782,-57.3351875,83.1355,-19.0073125,-87.720625,281.28425,-288.2096875,142.2534375,-236.0574375,397.030125,105.9414375,330.4578125,100.3781875,-109.4271875
1.8370165263798102,467.843125,464.0158125,483.9985625,236.8273125,195.754125,340.86825,256.1825,493.7791875,281.4464375,650.407625,489.4246875,370.5491875,607.694375,102.5988125,38.89275,145.2888125,484.1855,-92.54875,30.045625,-3.0069375,498.7295625,334.214625,372.6394375,-60.346125,398.147875,351.36525,514.4326875,486.6148125,-46.690125,318.19675,42.94625,-75.853125,105.814,-4.658625,68.3005625,-163.361375,249.4265,130.533125,354.6503125,39.005875,80.1871875,165.637625,-125.185375,625.4034375,185.0185,92.376125,225.8529375,-107.286625,324.758,23.408625,175.2620625,-1.9466875,219.9598125,33.8349375,243.541125,-54.08475,105.53025,195.765875,-31.4619375,314.2015,601.1393125,272.6154375,27.1903125,31.4814375,-59.0691875,70.6631875,294.881375,401.7814375,307.3260625,-371.0439375,254.1785,-22.13775,-304.285,-162.4675625,128.075,-130.3166875,129.0625,-62.33675,79.2101875,215.7395,-255.1610625,223.38175,140.119375,-108.656875,-93.9418125,-88.1196875,35.20675,-115.1921875,-283.699625,221.317125,-474.1643125,-230.548,121.705625,93.6368125,203.1121875,-128.3019375,197.6125,264.4790625,349.911375,138.3455,224.3734375,-44.9425625,-130.010125,81.615625,-13.199,140.8456875,2.4944375,-30.9115625,109.3295625,83.4078125,302.8580625,-155.112,-12.0231875,3.2095,36.3043125,-72.9118125,47.0075,-50.10575,84.3214375,45.771625,-57.498125,215.3393125,-245.2135,173.7359375,-262.5930625,353.625625,117.944125,394.8236875,119.4275,-192.302125
1.8410890491018934,506.5155,403.575625,479.8819375,237.44175,194.13225,333.609125,259.7398125,565.5538125,270.5093125,648.1171875,496.9323125,334.0835,599.4530625,130.7419375,35.569125,132.729625,497.1966875,-55.2664375,59.2205,-47.725625,505.849875,344.793625,332.3730625,-36.0459375,395.67325,370.7961875,530.781125,550.4938125,-60.1215625,297.811,42.7514375,-128.3268125,142.5665,-5.8001875,101.703125,-170.860625,260.3005,154.633,312.886875,142.8373125,78.8846875,141.966625,-122.284375,557.356125,221.1884375,104.1335,196.93125,-131.5548125,307.2688125,8.7455,228.0920625,27.8308125,145.8659375,42.3125625,190.2995625,-50.535125,94.6230625,201.879125,-31.6428125,378.8508125,595.4474375,264.297375,109.4414375,9.5968125,-76.2265625,93.61125,307.606625,425.8741875,272.090625,-369.814625,235.829875,-66.617,-314.498375,-186.2850625,110.5616875,-120.041125,205.736875,-41.0134375,85.4010625,190.1460625,-258.5965,266.3155,171.741625,-56.455375,-105.15325,-93.368125,50.249875,-79.2945,-311.331625,194.69775,-515.019625,-180.757125,121.475875,169.9335,207.4473125,-126.9418125,170.31575,233.8493125,335.52375,178.170375,208.6466875,-51.8625625,-77.526375,110.91775,-42.7825625,150.60125,-33.2936875,2.981375,134.751625,86.4566875,304.8276875,-136.5081875,-73.186875,35.8220625,5.567,-63.2858125,46.38125,-56.5380625,119.1055625,131.8721875,-24.7969375,130.3465,-191.1363125,192.295625,-288.118,319.8265625,124.5954375,434.617625,124.173125,-267.3970625
1.8451615718239625,530.522875,331.0794375,466.054625,235.916875,194.072875,339.121125,278.117,636.7120625,252.0158125,608.291,500.9515,298.08475,585.8004375,180.6653125,23.9485,112.269,509.0793125,-26.3046875,93.53225,-82.63875,513.3484375,362.47725,289.7396875,-2.6888125,395.7118125,382.9541875,521.02625,593.5934375,-64.9094375,242.1418125,44.143375,-159.3016875,150.0211875,15.7205,119.79975,-175.5991875,243.0786875,174.92925,262.8971875,242.5233125,66.149125,130.0415,-99.5470625,472.796375,241.199875,126.8880625,175.0315,-151.1625625,293.8453125,0.2035625,267.80425,51.9395625,66.9690625,56.40525,144.925875,-5.061875,64.5650625,232.002375,-23.514875,413.181375,596.0904375,255.0609375,196.473625,-12.3846875,-77.4351875,125.4625,313.6980625,442.6504375,230.875375,-343.3365,224.5288125,-74.8613125,-297.1480625,-220.3209375,88.8403125,-86.8810625,281.2931875,-43.3421875,90.9236875,157.536125,-250.785375,286.4645,203.7439375,-2.2616875,-129.2820625,-106.2923125,61.776375,-46.423,-323.16425,178.8256875,-522.2050625,-134.79025,134.167125,215.07125,222.10275,-116.719625,149.284375,214.553375,301.0774375,193.2139375,196.7133125,-55.635875,-26.7335,154.96875,-94.740375,156.8969375,-52.432875,53.8396875,181.6910625,81.67625,305.1963125,-113.6419375,-131.4758125,63.5944375,-3.55625,-36.4155625,61.310625,-70.2390625,180.388125,229.922625,13.8333125,43.125125,-132.7214375,192.548625,-307.823625,297.7118125,109.0105,444.7695625,117.2834375,-329.2715625
1.8492340945460457,529.01075,262.778875,451.7721875,232.812125,192.2096875,354.7005,317.1526875,705.0651875,229.50375,534.2871875,490.8450625,266.6643125,561.508,243.755375,18.7719375,88.502375,508.3335,-19.0646875,129.3796875,-100.5599375,515.644375,388.3371875,244.58025,22.6949375,399.7451875,383.8913125,486.19425,597.7305,-47.7739375,167.4424375,48.24875,-164.5641875,136.1628125,54.6819375,119.404125,-179.81175,199.1669375,191.5466875,215.2763125,320.923625,45.27175,117.006,-65.8129375,385.1691875,238.88875,152.6200625,153.341625,-161.60375,296.8563125,0.57075,287.076125,61.2958125,7.7845625,84.5079375,117.4519375,68.483625,20.759,279.7793125,-12.328875,411.2244375,593.2104375,244.4595,260.7574375,-32.1801875,-68.6930625,154.1184375,311.6956875,449.478,197.21975,-297.9835625,212.707375,-50.918625,-251.54725,-262.6001875,61.3756875,-28.2059375,338.9853125,-54.912625,93.6985,127.7636875,-233.2409375,275.5869375,232.010125,44.6734375,-155.6333125,-121.2953125,56.722375,-27.1435625,-310.2523125,167.67075,-497.861625,-91.35225,139.8635625,227.74575,247.6691875,-94.3623125,138.959,213.3976875,262.1025625,178.254125,190.0404375,-72.8811875,9.7235,210.003625,-146.9803125,164.149375,-63.249875,117.3735625,234.459375,73.19225,301.6773125,-97.404625,-161.940625,84.54575,15.255875,-3.2824375,77.3696875,-82.0245625,257.029625,327.703625,60.3221875,-32.82225,-73.97775,181.76825,-310.913,277.8324375,65.4878125,422.887,104.0045625,-374.0379375
1.8533066172681147,502.01525,210.45275,441.581,228.631375,187.905875,367.844375,375.7356875,760.050375,212.5846875,442.4830625,461.333125,241.4895,525.257,310.8208125,37.666,65.9186875,489.229375,-33.2506875,153.9069375,-101.174375,505.9909375,423.42725,191.447,34.012125,401.7055625,369.9563125,429.986875,564.589,-9.3230625,99.955375,57.2185,-152.790375,122.9644375,103.3705,106.4255,-179.74775,139.6329375,206.9068125,178.6405,376.14475,20.7543125,91.0959375,-33.032625,308.730375,218.5773125,181.6260625,123.170875,-154.6000625,320.6805,3.882,285.5486875,47.8093125,-18.04025,126.168625,101.9896875,152.8725,-23.6236875,328.8184375,0.355625,382.90025,578.55925,235.0861875,278.6711875,-53.9006875,-58.5325625,166.865375,307.10175,443.697625,186.7075625,-238.89925,200.19275,-4.88925,-185.153875,-304.32075,26.06025,40.8236875,370.0390625,-54.3210625,99.1705,111.1730625,-206.990625,234.9328125,256.1203125,72.941125,-169.284,-130.6565625,34.681875,-23.11975,-271.740625,155.6520625,-446.865,-51.1664375,123.369875,216.0273125,276.4355625,-57.8606875,137.5399375,231.909375,240.69675,138.0371875,180.964875,-105.76575,27.0395625,266.7078125,-176.7376875,164.288125,-72.636,182.977,274.1046875,71.00625,297.4513125,-93.366,-159.739375,106.1583125,62.33225,18.00425,90.3369375,-85.626875,343.32725,414.3770625,111.1219375,-87.2933125,-15.8198125,169.903375,-286.2796875,248.9213125,2.7145,374.8548125,96.522625,-401.1803125
1.857379139990198,457.34275,177.2241875,436.0186875,225.87675,188.46075,367.94575,443.2646875,789.66975,207.5954375,357.035,411.7485,228.5808125,479.6199375,377.20075,89.300875,42.88175,458.0199375,-62.1729375,153.2164375,-87.025375,482.00625,458.88075,129.2320625,34.123,402.1583125,339.2335,359.56875,513.356875,34.8685625,63.7259375,72.5203125,-133.4030625,129.1505,150.8755625,90.4823125,-172.1491875,79.597875,221.65025,162.9695,420.0734375,-8.928375,58.7570625,-6.4104375,256.91725,195.38725,219.26975,91.0510625,-128.8525,354.0895625,0.5034375,270.7551875,16.57375,-12.7685,165.17925,88.9063125,240.2783125,-53.9506875,362.1133125,20.5165625,339.4905,549.73,235.0405,245.9685625,-73.113125,-53.69075,157.77325,307.69675,424.4825,203.3113125,-171.353875,190.807625,49.584125,-110.1665625,-330.360625,-14.1021875,94.9349375,376.4316875,-31.88475,113.515625,107.4540625,-178.609625,181.734875,274.5399375,75.106,-165.99775,-126.8574375,6.3716875,-30.3434375,-216.5679375,140.660625,-376.2045,-13.8088125,88.2675625,195.68075,297.9685625,-9.7091875,144.019375,263.23525,252.221375,89.18025,158.285625,-148.059875,29.983125,310.1258125,-172.02525,143.7528125,-77.84025,239.8314375,288.1454375,75.744,298.9539375,-99.0158125,-136.722375,131.595875,130.174,14.0721875,107.3475,-78.7990625,436.36525,475.6135625,159.4384375,-115.1360625,42.3661875,159.8319375,-229.4520625,211.43,-64.38375,319.146875,114.271125,-410.1534375
1.861451662712267,410.3178125,163.7996875,434.795625,231.3535625,202.8736875,355.6930625,503.254,785.85775,209.631875,295.4714375,346.5831875,236.3480625,427.3326875,439.3996875,164.5045,20.0180625,422.3816875,-98.3270625,131.0933125,-62.300875,452.267125,478.1970625,67.042625,28.587875,408.3939375,294.9630625,288.3786875,462.909875,66.4943125,71.148,91.2874375,-107.7848125,156.19975,185.7528125,73.677625,-159.4689375,35.043375,232.3443125,177.1334375,465.1113125,-42.147,42.8264375,16.6525625,238.5946875,184.2590625,259.979875,73.4191875,-90.7603125,374.739125,-10.95175,248.328875,-13.6336875,12.627625,183.9615,79.6455,329.047125,-62.56675,369.5376875,53.0023125,288.5720625,510.42,248.777625,181.733625,-78.4553125,-51.7496875,132.351625,318.0525,395.0736875,236.98425,-103.0840625,190.158625,95.735,-37.78775,-327.971875,-51.336375,118.686625,359.58675,8.6253125,132.1245,105.9138125,-156.741875,141.6030625,278.6108125,52.51275,-151.0800625,-104.0675,-17.7123125,-39.54925,-157.7299375,124.5733125,-292.8535625,22.7998125,53.415,181.4516875,308.4428125,44.6685,161.661,294.1974375,294.953375,53.1625,116.9261875,-186.6265625,23.898625,326.9059375,-135.3083125,103.8498125,-74.8275625,284.7144375,276.783125,78.571625,307.4063125,-108.7748125,-104.1281875,153.7074375,201.8289375,-13.9495625,135.125125,-64.139375,523.23275,500.1760625,199.985875,-118.32375,96.3481875,149.9713125,-145.4280625,174.3615625,-120.6665,273.668875,169.7915625,-398.107125
1.8655241854343503,379.4258125,168.468875,437.738375,248.917625,234.3104375,344.058,543.4331875,747.3359375,207.6956875,259.9614375,275.841,269.517375,370.368375,488.25675,240.04225,6.4759375,384.008375,-125.777875,106.7521875,-33.900375,431.9874375,474.8441875,20.2871875,26.008125,423.33025,248.8559375,235.247,425.1605,80.926625,114.313625,106.058875,-74.31975,190.271625,205.7719375,50.308,-148.864875,20.737375,238.9848125,223.9223125,511.53325,-67.961625,58.749375,39.478375,251.8819375,189.669875,292.26425,74.4226875,-49.00425,364.76225,-22.084375,219.957,-25.5176875,47.776875,183.1230625,80.402,409.3001875,-49.2104375,356.440625,96.213875,241.55225,468.4415625,268.2850625,112.6955625,-69.694125,-45.5014375,99.9851875,342.0365,363.4125,275.282875,-41.386375,202.901625,118.564625,26.708375,-296.7829375,-80.1089375,116.3896875,319.9796875,56.9605,145.914125,96.3950625,-146.7741875,128.61475,258.9466875,12.98225,-128.3493125,-61.285125,-36.70925,-37.7548125,-104.9756875,113.830375,-200.2680625,58.3745625,34.868125,177.5038125,314.4838125,98.827375,186.6034375,315.562875,354.909125,44.149625,69.6521875,-206.080125,12.1369375,316.7054375,-81.926125,61.1920625,-66.12325,319.2105625,249.748125,72.9448125,316.841875,-113.066,-68.2534375,168.7155,256.55325,-55.3256875,174.6479375,-45.4685625,582.3789375,489.5351875,231.4181875,-103.0015,138.2923125,141.654875,-48.8086875,143.509375,-150.2104375,240.282875,255.588625,-364.77025
1.8695967081564335,374.2045625,182.368125,442.1500625,269.9529375,278.107375,348.7694375,563.0285625,685.4201875,197.9609375,242.3698125,211.7634375,324.237375,312.1973125,513.6151875,298.3011875,11.83775,344.4299375,-124.002375,97.3730625,-6.4236875,430.242,457.7631875,-1.605875,36.858625,444.5385,215.8065625,214.76225,408.378625,89.6851875,169.5538125,109.6848125,-39.197375,211.9573125,220.447125,18.713,-146.2030625,44.7424375,245.8694375,295.7255625,552.108,-68.037,99.85025,63.81575,284.467375,210.492125,310.5739375,83.7105,-12.7765625,323.499875,-23.767125,194.18075,-11.4511875,87.049875,182.4043125,86.4450625,462.212375,-15.7499375,341.1155,144.1424375,209.60775,431.5019375,281.507625,56.642875,-60.622125,-34.8946875,66.49275,380.2125625,339.8068125,310.053375,6.9010625,227.0490625,109.4310625,80.944125,-247.624625,-100.4798125,105.3846875,270.8124375,102.433,152.1238125,77.07225,-153.3675,140.130625,221.060125,-34.4970625,-95.625625,-1.463625,-56.684,-18.5881875,-60.91,115.43375,-104.4748125,86.8779375,34.9801875,182.014,324.08025,145.89625,206.5559375,328.831,415.6725,59.6024375,44.0980625,-196.97275,1.196,292.878625,-31.43975,26.0666875,-59.8085,340.534375,216.2796875,60.5740625,320.889125,-99.0529375,-37.729125,181.934625,284.2238125,-96.825125,221.6861875,-19.4628125,603.7726875,454.0204375,249.114625,-74.0301875,164.511625,139.436375,40.4593125,118.623125,-136.093125,211.6270625,351.9039375,-319.3129375
1.8736692308785026,388.44825,194.3079375,444.167875,281.4716875,320.051375,375.5865,570.014,617.4371875,184.199875,236.119125,163.8526875,386.5010625,259.9558125,514.2635,338.6499375,44.741625,309.2389375,-86.0933125,113.491,21.68775,445.90775,442.5645,-3.48925,66.2971875,470.9258125,201.0950625,224.7619375,414.695875,110.22625,215.9486875,100.936,-15.353875,204.60175,238.9598125,-14.5404375,-149.388875,104.15725,252.1098125,375.020375,583.9134375,-24.3961875,148.6935,93.13775,319.8738125,241.8119375,312.0405,95.6234375,9.082625,262.815125,-11.36725,187.4763125,29.921125,131.4319375,203.14025,85.006125,474.728,35.9183125,336.966125,188.0036875,189.2634375,404.689625,285.969875,20.15725,-60.10325,-25.5855,35.8973125,426.74975,333.0763125,337.7105625,35.5541875,258.860125,66.188,119.7516875,-193.2425,-113.4580625,100.9034375,234.7633125,139.5206875,151.397125,54.0135625,-176.7260625,165.70375,186.5823125,-79.994875,-50.3713125,69.7990625,-79.522875,13.2798125,-24.111625,128.767375,-21.8965625,102.348,46.876375,199.8906875,333.631,183.2443125,216.9536875,338.9160625,461.9269375,85.20425,59.13425,-157.7544375,1.2775,270.14475,0.7310625,-3.7485,-65.685375,342.5103125,175.3653125,47.749125,319.903625,-60.6329375,-21.8705,203.1299375,290.1460625,-125.9805625,267.5455625,22.3985625,600.37925,404.6596875,246.5900625,-35.1824375,176.9800625,144.3325625,107.5985625,98.3513125,-67.9406875,183.565625,439.8104375,-277.9188125
1.8777417536005858,408.9035,200.9879375,441.9748125,278.646,344.9306875,411.00175,572.944625,552.486875,170.5894375,242.931875,134.318125,437.4445625,222.7825,496.836625,366.63725,115.6489375,286.4504375,-22.5526875,159.304125,56.2394375,474.0985,443.1158125,-0.187875,109.0151875,503.618,195.3595,248.3111875,434.4566875,149.25575,249.08825,86.157375,-11.5280625,167.1205625,262.2979375,-39.734125,-148.0939375,185.231,251.9784375,444.4065,609.1406875,66.68875,191.40725,130.786625,343.605875,272.2549375,294.3468125,115.954,13.93725,199.8598125,17.88375,210.691125,95.698125,186.232375,251.7184375,69.780625,446.5513125,101.2758125,342.28025,221.1676875,166.9095,390.9115,285.7745,5.6739375,-61.9920625,-20.2841875,15.4250625,474.710375,342.0170625,359.233625,46.88975,297.9284375,-3.6286875,139.2383125,-140.480875,-118.8963125,107.474125,225.192625,165.249875,142.676625,35.1670625,-200.9531875,192.7135625,175.0995,-106.91375,4.4076875,141.464875,-99.4469375,49.4493125,4.0903125,144.944,30.791625,110.61825,62.6521875,240.217,328.8708125,215.4534375,227.7183125,346.4516875,480.6214375,107.851375,112.38275,-97.5588125,18.6050625,254.94725,5.513,-27.1145625,-92.0725625,325.843625,120.2525,38.665125,317.2889375,-9.3825,-22.2063125,243.2343125,284.2183125,-132.7185625,302.991,83.609125,593.96325,348.6434375,229.5703125,6.886625,180.1426875,149.09225,148.1846875,85.226,45.3435,153.0116875,509.067625,-251.3013125
1.8818142763226549,427.633625,207.937,432.3216875,264.256,353.95475,428.535625,576.0440625,490.69,161.747125,269.247375,115.8519375,462.4946875,204.3640625,467.2089375,383.169875,221.0361875,281.068375,51.8036875,226.9873125,102.3511875,509.30325,465.368,-0.5811875,155.633625,540.21425,184.5618125,269.9820625,452.9204375,192.971,277.6718125,77.860875,-27.204,119.831,291.6275,-47.96675,-132.91125,267.8756875,242.47525,494.8795625,630.0514375,189.8631875,219.4770625,173.4608125,353.2853125,293.475875,260.3288125,146.5995625,9.7644375,157.763625,66.8644375,257.6891875,177.2558125,247.4698125,318.2451875,45.045875,385.0048125,174.7878125,344.2041875,243.5623125,138.021,394.275,281.953375,14.2801875,-57.9165,-15.88225,13.8773125,517.849375,351.6700625,379.1401875,52.202,341.0308125,-81.3620625,144.3793125,-87.4913125,-115.83075,119.98025,242.7130625,174.80325,129.6619375,27.2665,-199.0470625,211.060875,192.54575,-95.1248125,60.129125,197.7613125,-108.454875,84.791375,20.6639375,154.722,50.0053125,124.4924375,77.4080625,301.4435,300.246375,249.3978125,248.3745625,348.9463125,469.19525,120.883,190.208125,-31.355125,50.1651875,245.252625,-15.1394375,-32.5676875,-136.9245625,296.5459375,52.4670625,36.5313125,312.2794375,29.036625,-30.4519375,306.69625,274.7635625,-112.1761875,322.6129375,159.9394375,594.68675,288.525875,212.403875,43.7368125,180.0103125,146.898875,166.6585625,82.884625,175.3128125,117.042125,564.056875,-239.584625
1.885886799044738,441.4213125,221.8866875,408.7725625,244.216,362.49875,412.4445625,578.495875,433.6639375,162.1243125,315.0968125,94.839,459.430875,197.22425,426.490875,388.769875,335.1593125,287.568,128.4181875,298.590875,159.9316875,543.2243125,502.8470625,2.811375,201.6065625,573.484875,162.437,286.338625,462.680625,221.9830625,307.875625,86.1841875,-51.7080625,87.9901875,329.914125,-34.314875,-106.2843125,338.331,226.2108125,524.7100625,645.7498125,322.66625,230.419875,211.85075,364.53425,306.918375,218.148125,176.162875,10.0161875,154.2159375,134.0365625,310.387625,260.1564375,296.209125,386.8766875,22.1685,300.1538125,252.1734375,326.2128125,260.785375,111.992125,417.8571875,274.4436875,42.156125,-48.771875,-5.430375,30.002,552.0835,347.07225,401.4404375,58.5590625,379.9735625,-146.9583125,148.0964375,-27.508125,-102.426375,130.2553125,285.0323125,166.1175625,120.0693125,37.1373125,-158.997375,225.926125,233.754875,-39.824,109.2484375,228.1861875,-100.0830625,117.2755,27.6030625,154.1884375,45.089625,151.4929375,91.2338125,369.926625,254.913125,288.06975,278.5826875,344.76975,443.7825,123.794125,276.2200625,33.1805,82.9305625,236.182125,-47.602875,-10.8340625,-180.75625,256.81225,-18.1625,50.1785625,305.0098125,33.1435625,-33.8464375,384.8634375,266.50175,-67.811375,326.0795625,244.1365,598.807625,229.499375,204.280125,70.416,182.6623125,144.8726875,173.1555625,90.74725,289.01375,81.6125625,616.5189375,-238.4305625
1.8899593217668071,445.4916875,246.821625,366.8674375,228.4816875,379.475125,368.201125,574.7421875,389.9259375,171.6611875,368.0913125,61.5254375,441.4488125,191.6295625,379.938125,392.1960625,428.458625,292.872625,202.893625,358.9156875,227.1345625,567.7331875,541.8065,27.42625,246.5045,595.8628125,133.833375,298.67125,462.486,233.3835,339.902125,107.34075,-66.934625,84.6824375,371.5685,-0.20475,-78.7164375,398.0649375,212.937,538.6475,651.4329375,447.5680625,230.4414375,237.5205625,395.195,317.3519375,178.853375,192.4899375,28.842625,186.9978125,208.8900625,353.8414375,330.480625,312.3088125,445.3710625,14.2228125,205.5204375,326.91175,277.443625,281.1344375,98.6330625,456.8556875,267.18075,78.6585,-39.428125,15.7823125,51.667,577.9275,328.159875,427.57925,61.231125,407.88675,-185.6015,161.4185,43.574,-77.1836875,134.8249375,348.406125,145.672875,116.8326875,71.20325,-94.687375,258.26525,285.9821875,35.4918125,154.305375,236.5385,-72.14425,142.8916875,34.77025,146.4666875,30.9081875,191.3716875,110.4871875,428.8581875,210.1976875,330.1096875,315.0075625,334.1500625,428.076125,120.655,354.53775,94.5396875,101.05275,225.7453125,-75.111625,33.31975,-198.45725,204.99725,-80.9821875,88.6084375,303.8434375,0.3045,-23.6625625,456.4276875,258.1590625,-10.9066875,316.191875,329.4271875,596.373375,181.35825,206.432625,86.191875,189.916375,159.35975,175.2860625,103.020875,364.19925,62.268375,670.826375,-241.839125
1.8940318444888904,433.33475,281.533875,310.0131875,228.1276875,400.0713125,308.4311875,559.653875,369.503125,185.1959375,413.16075,17.8316875,425.7228125,189.0463125,339.9113125,410.115125,483.2678125,291.3836875,266.837625,404.05825,301.549125,580.119125,573.342625,84.660375,287.206,606.2719375,112.5900625,301.37775,453.74825,238.9160625,375.98775,129.3809375,-61.070125,112.4318125,406.7391875,49.4420625,-53.6140625,456.2160625,218.3184375,547.74225,642.1414375,552.662375,231.066375,251.0205,444.2370625,328.693625,154.009125,197.5180625,77.466125,241.955625,275.0046875,383.382,384.5045,289.9259375,487.9464375,27.3714375,115.272875,389.792,203.593625,307.4569375,100.5831875,498.5255,265.403125,109.9420625,-33.936375,43.8729375,71.2495625,596.81825,304.6595,457.1015625,53.9134375,423.6655625,-190.32375,185.6565,121.807125,-37.6869375,136.838,422.4713125,126.4870625,121.678625,131.9243125,-28.7168125,319.6443125,334.0013125,93.9625,205.092375,235.953625,-30.0795625,155.6196875,53.4221875,141.1675,15.630875,235.89175,146.0785,461.8991875,179.090625,374.2938125,354.8970625,318.797125,436.7113125,118.568125,419.1100625,149.057375,99.2723125,217.3308125,-86.5391875,84.7455,-175.9503125,142.57875,-123.7171875,146.6195625,320.17775,-56.2291875,-2.687625,499.570875,245.8726875,46.013125,293.690625,410.2800625,577.4295625,148.4579375,217.5408125,92.482375,198.166375,194.103875,175.8844375,113.362,397.3840625,70.9238125,722.2345,-242.7614375
1.8981043672109736,401.5415,319.9653125,250.3840625,249.1198125,415.4783125,241.95975,540.2643125,372.6919375,195.238,444.9300625,-25.0131875,418.634125,199.871625,315.9836875,457.805,499.5456875,288.428375,307.495,438.69175,375.53775,582.0835,596.27625,168.3085625,315.222375,611.27425,113.00775,287.155,447.1445,247.2790625,417.40375,146.290875,-39.0181875,168.666,433.8208125,113.1614375,-23.0718125,515.1455625,256.9659375,562.6585,618.8358125,629.2159375,242.744125,264.3729375,493.8348125,344.075375,148.5313125,205.781625,157.0388125,303.15975,323.017875,398.9830625,429.537375,238.223875,513.6090625,56.951375,41.023125,434.143875,128.0301875,333.612375,119.686875,529.5439375,274.64025,125.6415625,-34.090875,69.72225,91.5884375,610.23925,285.370875,485.8145,40.9708125,430.31875,-169.2605625,216.10425,193.782125,20.40575,141.678375,490.893875,120.876875,139.9263125,212.3505,21.4515625,395.398375,368.3019375,112.456125,264.56925,235.5431875,18.2058125,154.942625,84.537,151.4930625,-3.6671875,271.812,204.6010625,457.6596875,168.567375,423.477125,390.307125,305.073875,473.3333125,126.0395625,478.6731875,189.0245625,84.5704375,217.6314375,-82.3485625,127.6053125,-114.0775625,77.2255,-138.162375,206.3073125,358.29,-117.526625,16.52475,509.433125,227.9716875,99.024875,258.75975,481.455625,540.38275,130.4710625,241.559625,92.398875,204.5099375,236.560125,179.9991875,124.600625,402.44525,106.756625,766.72,-238.513375
1.9021768899330427,355.67425,358.7935,203.72775,289.903,419.261125,175.277,535.946,389.22075,197.2390625,467.1670625,-51.8648125,411.55125,225.7591875,310.30575,536.6048125,496.5906875,290.63625,319.339875,470.64175,436.534125,573.8396875,614.1098125,257.0135625,323.2465625,613.6886875,137.3755625,261.7125625,458.4823125,257.060875,459.0621875,160.4335625,-14.34825,244.3295625,456.3740625,191.63125,22.3545625,568.247125,333.7663125,587.1654375,590.6996875,671.6968125,274.822125,290.2021875,528.24675,364.0299375,158.7838125,229.560125,255.456,355.4019375,360.38225,400.015,474.42775,169.292875,523.8463125,95.0013125,-11.49575,458.80075,80.831375,353.738875,159.3770625,543.821625,300.2545625,126.6898125,-34.1621875,84.2494375,117.712,620.2253125,278.7150625,507.30975,35.727,433.169125,-140.76075,251.8875625,241.9983125,100.443125,153.1575,536.5546875,132.437125,175.30825,297.2981875,45.78775,456.295875,386.2103125,93.450625,325.2445625,235.7554375,69.6025,148.77075,119.8804375,187.03025,-31.07825,290.4858125,278.3761875,418.6135625,182.0045625,481.8960625,408.828625,300.3074375,535.0314375,149.8445625,542.90325,210.56775,64.9535,232.6715625,-71.484125,151.7915,-27.0533125,16.588125,-130.4046875,255.9615625,410.241375,-164.47875,24.745375,498.6280625,202.6565625,151.9396875,217.7694375,537.03225,498.375,130.264,286.0810625,87.4793125,212.6251875,275.00375,197.612375,148.8659375,399.5486875,159.7736875,801.9703125,-228.8443125
1.906249412655126,308.919625,398.9665,180.3725,338.548875,409.77025,113.0013125,557.34625,411.25325,194.672375,484.1985,-49.999375,395.4116875,252.0514375,316.815625,625.473375,494.91825,300.3149375,309.066125,506.2206875,476.16625,551.9411875,630.4718125,331.1285625,314.9873125,605.63775,177.2293125,238.86675,490.526,263.396875,495.20725,175.33375,7.000375,323.038375,477.66525,279.414875,90.75375,609.8425,438.354875,619.76175,568.174875,685.26725,337.5393125,333.37,542.1948125,384.829625,180.9735,266.8445625,350.6204375,390.035875,401.8128125,387.622125,521.51275,91.16175,524.8120625,138.1715,-45.1161875,468.5256875,80.94875,368.7944375,217.399375,548.2304375,343.0834375,127.966,-19.69825,81.2178125,150.896125,628.4130625,290.435,519.9528125,51.8164375,439.215375,-118.287,297.066,255.86125,201.1366875,171.9575,546.979,158.75375,222.4771875,373.0508125,47.265375,482.1445,390.425875,57.574375,379.3745,237.678,122.187,149.338625,157.7728125,244.829125,-62.661875,294.5634375,349.437875,360.5688125,218.943,549.799625,405.412375,306.9729375,612.302375,191.577,610.38725,222.09375,45.5319375,264.0164375,-57.2958125,158.3404375,65.847125,-38.3616875,-114.4230625,295.9668125,464.117625,-182.5054375,25.731375,482.9421875,167.96675,202.3280625,183.8304375,572.77675,473.8248125,149.690875,348.3113125,77.535875,231.3059375,303.349375,237.337625,192.7314375,404.935375,218.6525625,821.1778125,-207.4060625
1.910321935377195,274.277,436.432125,177.899125,377.8085,393.948375,58.45325,596.1171875,440.716375,196.49125,493.4321875,-16.05925,377.2071875,264.6523125,324.6754375,694.0699375,499.7005,312.692625,289.923875,548.4160625,494.8145,514.184875,644.04775,388.6670625,308.2675625,578.0589375,224.4829375,223.6049375,528.292375,267.76025,528.2743125,189.0311875,33.6408125,388.22225,501.4503125,366.4945,186.7509375,641.376,551.037375,658.0479375,555.236375,688.1830625,432.4838125,393.7175625,537.1255625,401.6083125,209.775125,302.8813125,422.0786875,407.691625,453.805125,370.2643125,569.886375,11.991375,525.776125,186.7665,-62.0333125,474.478625,128.4804375,384.2358125,279.91175,558.1339375,400.3885625,150.0255,27.18,62.1566875,190.777875,638.788625,318.2871875,529.287,96.9349375,455.9418125,-103.776875,355.8203125,238.8915,317.648,198.53375,521.1053125,199.193375,269.896375,435.841,41.818625,475.4819375,391.7518125,29.195125,425.1926875,248.9954375,172.48,165.5153125,208.244125,312.18875,-88.11775,293.609,403.9399375,304.9934375,277.5169375,621.44525,390.9358125,329.3818125,691.327375,247.871375,673.7925,241.2354375,32.768875,307.38575,-32.96575,161.1505625,154.0850625,-85.4506875,-92.524,330.1358125,516.934125,-167.1186875,34.7085,470.8256875,128.6955,238.14425,169.6395625,591.2924375,481.7345,184.9509375,411.373125,69.13575,269.0723125,316.166875,301.5093125,248.49625,425.1736875,275.0418125,818.8010625,-165.0671875
1.9143944580992782,260.0850625,459.9025,183.603625,396.0203125,384.5899375,15.87675,641.5288125,485.8644375,208.5231875,487.2829375,45.725625,370.3624375,267.0263125,331.4789375,728.06525,507.3701875,319.058125,277.8156875,601.285625,499.075125,468.1193125,650.9034375,441.36625,324.7214375,531.9658125,271.93825,211.8841875,557.0664375,280.256375,564.4411875,199.318375,78.2498125,431.4279375,530.661875,446.0194375,299.3528125,666.129375,653.8528125,702.955125,552.5075625,696.0208125,543.334875,468.3515,518.193625,414.8935625,233.6560625,323.4729375,464.032875,413.7951875,511.70575,364.0196875,620.3345625,-53.5556875,532.62025,239.341,-55.638875,489.4475,214.9960625,404.7973125,327.0879375,582.9315625,469.3556875,204.9115,115.443,40.622125,235.801,650.9238125,357.2175625,540.4074375,170.0174375,490.3216875,-90.3606875,428.5365,209.3249375,440.5969375,238.3544375,474.2506875,251.63775,313.51925,496.456125,46.73825,455.4543125,406.736625,28.64525,463.9486875,276.5155625,220.934375,198.7250625,281.288,378.1471875,-97.423125,295.253,439.11875,271.1361875,353.36725,687.5495625,385.9770625,373.5751875,763.15525,317.436375,724.6348125,281.4279375,30.3800625,355.8588125,8.654625,175.853875,236.4503125,-110.6,-54.5874375,363.9148125,572.3323125,-123.0575625,69.822875,460.698125,99.006125,253.87125,178.478125,602.866125,520.9173125,228.42725,461.6718125,78.7230625,328.742625,313.890625,388.66525,302.1850625,455.8509375,325.757875,797.713625,-99.35825
1.9184669808213473,268.8283125,462.2110625,186.7431875,388.4385625,388.460875,-10.4815,692.4391875,551.797,232.2033125,463.755125,131.2525625,381.058,274.172875,346.3208125,738.114625,514.7831875,314.19925,287.57025,665.988,501.787625,433.9528125,651.136125,496.6413125,373.9693125,480.34325,312.5136875,199.8485,578.8415,311.8753125,603.8284375,212.4909375,143.6110625,456.560125,565.2193125,519.880375,405.737375,685.5989375,735.7725,761.95575,560.7955,711.467375,645.1666875,548.1903125,496.0581875,433.1104375,249.0974375,325.14275,488.8149375,417.0398125,568.601375,380.54275,673.043625,-89.3010625,550.1930625,291.2020625,-17.7771875,517.3884375,332.393,431.284875,348.86275,622.1448125,548.1915625,291.1926875,232.9588125,40.708875,280.41575,656.14975,402.067,553.318125,262.815,544.0209375,-67.902875,508.71975,192.3245,550.919625,299.498875,428.869,304.749125,362.8741875,568.9011875,72.6166875,443.21825,446.206,69.891625,500.11375,318.3050625,272.7525,248.519375,377.2003125,436.5305,-84.357375,303.573375,458.6041875,267.7373125,436.990625,740.763,402.3205625,437.7165625,826.281125,406.8148125,754.34825,344.21925,33.31,407.30125,66.7555,205.921875,312.7783125,-95.90925,-0.0549375,403.8980625,631.361375,-57.3474375,143.9728125,444.9010625,95.8389375,258.042125,202.724875,622.2451875,580.070875,272.8264375,499.3293125,118.66275,407.4895625,308.7211875,490.977875,346.5606875,488.940875,370.3685,765.01325,-12.958625
1.9225395035434305,293.8395625,447.3360625,189.6603125,357.4578125,397.5315,-17.5950625,748.7193125,632.7675625,269.991,433.135875,235.30325,409.6641875,295.5611875,377.2948125,745.335625,524.518375,297.329375,325.30925,736.2485625,516.515875,434.513,652.368375,548.801,444.36075,445.82025,346.4305625,189.8860625,608.182125,368.4085625,644.3289375,239.651125,219.9073125,477.8388125,603.4495,597.3098125,493.3018125,702.042125,792.964,839.9259375,579.274875,732.810875,721.4128125,618.80275,486.3871875,465.52075,267.8986875,315.8021875,515.3065625,431.5030625,621.8371875,416.2758125,726.41475,-89.29275,584.0925,342.99125,54.619625,554.4723125,469.010875,458.93625,352.954,674.077,635.106375,399.6198125,352.8266875,87.79525,319.8636875,653.25625,446.8681875,566.1589375,367.4430625,609.1305625,-29.0195625,586.655875,205.4466875,630.81775,385.8334375,396.772,342.6235,432.6735625,651.28575,126.9918125,450.0774375,509.018375,158.266125,539.62275,366.0210625,331.1101875,316.5448125,484.93125,480.2346875,-48.325375,321.59975,469.0453125,292.0264375,517.40925,778.0489375,433.55375,513.2093125,877.9798125,524.9251875,761.501625,424.7464375,31.7289375,468.539,135.8491875,244.6765625,385.2273125,-38.0266875,54.8069375,451.7059375,693.2974375,21.1611875,263.563375,421.04025,128.1010625,260.0106875,234.093125,661.2478125,644.61025,316.8799375,531.443625,184.694875,500.2383125,316.7913125,593.5525625,388.276125,521.8360625,404.4931875,727.8835625,88.096375
1.9266120262654995,322.144875,424.7998125,206.193,314.422125,395.752625,-2.2395,803.025125,713.7513125,324.3046875,410.8614375,342.612625,453.77575,329.9079375,422.6690625,765.222875,543.190875,273.791375,385.794125,806.5669375,546.7671875,478.7688125,665.003125,588.9396875,513.168375,453.648,383.745,192.765375,658.35975,449.6849375,689.392125,289.9735,292.847875,512.8339375,645.7356875,682.6241875,568.9464375,720.3135,827.2733125,928.45725,607.646375,759.939875,770.3075625,673.6595625,500.7075,514.058625,301.0614375,310.257625,551.1589375,466.3489375,671.2081875,462.53725,782.0996875,-59.5435625,634.8045,404.2835,158.86725,599.7556875,604.8255625,479.8743125,355.1119375,738.702625,727.83375,517.162875,456.389625,195.6478125,354.2775,654.892,489.1130625,579.743,478.3040625,673.16075,30.887625,659.3436875,250.696,679.9664375,493.137,377.9960625,361.7521875,529.971125,734.0948125,214.0745625,473.1323125,590.014625,288.0394375,585.239875,415.026125,393.789,400.83675,588.053375,503.486,5.76975,350.6444375,479.8486875,336.96425,590.3626875,799.6913125,468.67,590.33925,908.9071875,669.3740625,759.009625,515.9790625,20.9118125,547.951375,216.71425,286.262625,460.240625,47.4060625,96.8568125,506.4816875,757.0815,101.381875,425.3415,400.9495625,193.5431875,262.3165625,270.7324375,718.6675,706.498,363.9324375,567.084375,262.980625,600.716375,348.438125,682.7363125,441.69575,560.683625,422.2993125,695.857,189.6548125
1.9306845489875828,347.7910625,404.6306875,248.9325,273.385375,376.438625,37.8823125,845.3013125,777.3189375,392.7509375,405.8366875,431.617125,506.1849375,370.6858125,471.4673125,804.1160625,570.573125,256.25575,456.5945,874.13,583.3976875,553.8631875,692.33875,620.8304375,566.2556875,516.9161875,438.2218125,219.880125,732.7201875,549.1510625,746.502375,368.712625,359.0900625,576.0396875,695.826,775.0741875,649.035,745.5975625,847.1766875,1013.9466875,649.14525,791.83475,803.413,721.9155625,540.518125,576.4324375,349.6525625,323.5125625,591.51425,517.3304375,715.1838125,522.0874375,844.506625,-12.24175,699.2703125,482.5580625,286.899625,655.9810625,718.5628125,492.789125,365.7209375,814.073,826.362875,631.0730625,544.0241875,358.7734375,385.2365625,677.7205,533.7343125,602.0516875,588.0508125,729.0835625,117.9205,732.419125,318.116,706.83825,613.7051875,376.3388125,379.187,647.8414375,822.2814375,330.0870625,502.5163125,681.1300625,443.1023125,639.732125,469.8343125,457.017875,495.43375,678.322125,512.249625,74.0906875,390.8354375,497.8794375,397.6675625,661.099,810.82825,508.2085,662.193375,912.6491875,822.3745,772.3538125,610.963,13.62375,643.3398125,315.648125,332.5375,544.1608125,136.601125,131.04175,575.25775,819.9286875,180.5795625,610.1791875,399.90975,278.9283125,273.7391875,314.3394375,778.317125,771.19525,416.1395,615.97275,342.447875,703.279875,405.056375,749.695125,513.2881875,615.9434375,426.8108125,682.541625,275.107
1.934757071709666,373.088625,394.0353125,319.592,246.445,352.237625,99.0751875,871.3120625,812.887875,469.207875,419.9998125,484.4869375,557.1760625,410.980625,511.2614375,856.217,596.2818125,255.5995,523.1706875,932.4528125,616.737375,636.9326875,731.371125,661.0625625,607.8336875,625.87625,518.6629375,275.159875,829.5546875,657.6286875,823.0086875,474.5854375,431.377375,672.448625,754.8841875,878.45325,743.5945,781.2539375,868.2741875,1090.754375,708.7423125,827.836,838.5306875,775.821,605.7610625,650.7921875,410.379875,366.5803125,634.612375,574.9481875,752.115875,602.9845625,912.76425,42.0305,779.733,576.333625,426.7895625,721.1145625,804.59475,510.5695625,388.340625,895.6234375,932.591375,734.2531875,627.9356875,554.35575,420.7146875,731.539,591.605,644.9128125,692.4505,778.1206875,235.8844375,810.8348125,397.3180625,716.646125,746.4393125,405.3804375,418.6340625,774.5063125,930.8843125,468.922875,534.3949375,767.3359375,606.9389375,707.6095,540.853875,523.6528125,596.9590625,760.7651875,526.3256875,159.4024375,446.078875,523.5524375,475.2476875,738.47975,822.1980625,562.35475,727.36825,898.6063125,963.661375,826.737,707.12875,40.766125,740.747125,431.853625,390.082125,643.38675,215.123,174.450625,669.7275625,882.1210625,265.0090625,789.402125,424.4949375,366.2915,311.8338125,366.6424375,821.3528125,849.353125,471.839125,684.518625,417.0883125,806.9638125,478.3183125,794.3633125,595.207375,688.60525,433.5244375,701.7923125,341.232125
1.938829594431735,395.7233125,394.8604375,407.3284375,241.1921875,342.10375,171.61925,881.306875,820.516875,544.8740625,453.0214375,491.744625,604.0218125,448.2071875,538.7100625,905.109125,612.83,274.8210625,574.639625,977.478375,649.225375,719.0525,786.2274375,723.9251875,654.380125,759.420375,625.7861875,358.855625,949.1461875,769.3821875,922.7115,601.07725,523.81125,792.479875,819.8990625,994.8001875,850.499875,833.5825,908.566625,1161.202,788.792,869.33075,889.3490625,839.514625,704.4228125,731.2726875,484.106125,445.7795,689.5155625,636.3990625,787.713,704.4251875,981.9798125,103.991625,882.1139375,679.2958125,566.34525,791.446375,876.5226875,556.971875,424.1089375,979.7661875,1048.6965625,828.199125,721.584,751.6078125,477.5610625,815.9789375,669.2436875,716.353125,797.297625,828.1311875,380.1654375,894.3016875,485.6769375,719.23275,894.2423125,478.8698125,490.875125,905.370375,1066.4240625,624.9688125,577.5655,838.7300625,772.6880625,793.6865625,639.3283125,605.610125,707.15425,844.8245625,568.0763125,271.464125,526.208875,557.894125,575.933375,830.3285,846.242875,639.29325,789.025125,886.6021875,1081.515625,930.4525,804.5546875,129.215125,828.5339375,558.5729375,464.386875,763.8935,290.85825,244.3744375,789.050375,954.060375,354.163625,942.4575,478.4990625,449.3260625,382.932,431.0871875,839.2750625,945.0408125,529.01875,771.4818125,484.1651875,918.1351875,557.758875,830.6078125,677.5944375,764.76325,464.368625,761.213125,402.7583125
1.9429021171538183,413.0100625,404.3154375,496.786875,255.9765,355.063375,245.546625,877.0979375,805.671375,607.09475,504.8315,461.2441875,653.748125,486.2513125,562.3581875,938.3638125,624.9448125,315.235125,611.0558125,1018.322625,687.843375,812.22275,868.4926875,815.5996875,717.530875,904.2679375,755.1074375,476.7644375,1092.39775,883.449875,1040.8381875,739.3749375,640.225375,921.216375,892.32675,1119.6538125,964.2516875,916.03025,979.338,1231.398,886.622125,916.2825625,963.096,914.805375,842.9406875,812.077,580.2844375,563.5018125,767.6665625,710.542375,835.8760625,821.0235625,1052.952,185.8995,1007.5624375,784.421625,704.45075,873.6915625,951.41825,651.017,477.219625,1068.0678125,1180.93525,923.4946875,833.188125,926.81,566.6249375,927.328375,763.843375,819.542125,914.136375,891.3043125,545.0040625,979.8885,586.5645,736.8283125,1055.600375,604.4284375,591.200375,1042.3795625,1223.30975,790.7516875,651.64475,904.41575,940.351125,903.3215625,774.9209375,713.07325,832.1431875,936.4251875,650.78325,420.8953125,638.036,607.8944375,702.8491875,941.6259375,890.4519375,739.0225625,854.280375,894.8438125,1173.4361875,1069.3198125,900.59125,281.623,911.2565,696.7239375,563.0533125,902.0005,385.09575,352.77925,918.6714375,1051.3698125,437.8410625,1070.5499375,569.097875,542.3101875,474.97525,515.799875,839.472125,1057.371625,594.696,868.8503125,545.798625,1045.5049375,643.5921875,880.8061875,762.3769375,832.5138125,534.54475,856.972875,481.6714375
1.9469746398758874,435.5843125,419.02725,583.6303125,283.1325625,387.635625,315.7051875,864.3434375,775.25425,646.6218125,575.8030625,420.0381875,714.784875,530.98825,598.4785625,958.446,645.6798125,380.104125,647.19625,1073.62925,736.996,930.7679375,982.1709375,939.09825,795.8788125,1057.2645625,899.725125,641.841625,1261.217,1003.6646875,1164.7675,883.8180625,775.8745,1055.663375,984.70725,1255.2220625,1086.3925625,1041.1253125,1087.047625,1311.594125,1003.2884375,966.7633125,1063.4236875,1007.1943125,1012.5749375,899.95575,711.174625,716.9795,870.8545625,813.369,904.918,951.2945,1134.8298125,299.033625,1152.81125,890.52925,858.30125,980.9576875,1041.20525,798.145125,562.76075,1170.0951875,1337.681375,1034.5175625,965.8399375,1073.6455,689.8381875,1062.8415,873.040125,952.4819375,1052.0985625,975.3605,732.7508125,1068.4151875,708.45925,798.2663125,1227.95925,781.45325,713.9103125,1188.5790625,1393.7330625,961.4210625,776.181625,986.6613125,1108.9195625,1040.152,952.9580625,848.224125,981.891875,1043.1011875,779.1740625,611.0971875,777.3800625,681.46325,851.03175,1074.05075,956.884875,863.0781875,933.3603125,937.753875,1249.7675625,1222.4585,995.1963125,483.522,1008.3851875,855.7331875,696.9443125,1046.196,512.7491875,501.33225,1049.749875,1182.7934375,513.7105625,1190.7654375,703.581375,665.6636875,573.402625,631.58225,846.2668125,1188.3205,689.721625,971.70925,612.231625,1190.155,749.4003125,965.5801875,860.464375,897.498625,641.5266875,974.58475,594.1603125
1.9510471625979706,476.580125,437.9466875,674.0859375,318.82975,430.35725,384.9709375,849.2916875,741.3454375,667.0038125,666.1753125,394.884875,790.0898125,585.3995,660.64325,975.8788125,686.428,469.884125,708.9898125,1158.572375,811.021625,1076.88975,1121.5938125,1091.96225,886.3446875,1217.207625,1054.750625,862.891125,1459.7640625,1139.279375,1284.85525,1041.8676875,924.409125,1206.491875,1112.6085,1418.922375,1226.2300625,1207.248375,1240.413875,1413.127625,1151.6833125,1025.0410625,1193.7745,1123.7559375,1196.2909375,1013.7271875,885.507625,901.7486875,993.655875,958.5934375,991.7176875,1093.3735625,1238.6915,445.081625,1322.38675,1009.2571875,1050.9858125,1119.369375,1159.6883125,993.2650625,703.0165,1300.5375625,1520.11275,1172.034,1120.323875,1202.9278125,851.8329375,1218.2745,1004.27,1107.593375,1216.2348125,1078.088875,947.4354375,1171.421625,862.007,924.2949375,1413.308625,995.871125,862.4383125,1350.3148125,1575.4425625,1140.0325625,959.1259375,1108.534625,1278.5103125,1204.1663125,1167.767125,1010.1086875,1162.996875,1181.1633125,956.1031875,837.3371875,938.114875,784.282125,1014.828,1229.797,1046.0044375,1023.789375,1037.9225625,1025.598875,1336.7558125,1382.165625,1103.420625,724.25775,1140.4808125,1044.548,871.8516875,1194.5761875,681.0744375,682.5876875,1188.5758125,1349.273625,599.21575,1321.3735,885.3841875,824.9795625,675.767375,785.37425,889.8131875,1344.163875,840.1768125,1087.500375,703.801,1347.13375,893.0115625,1099.460875,978.9124375,976.6375,773.594875,1101.3161875,743.0883125
1.9551196853200397,532.37975,460.7770625,769.3771875,361.2344375,477.198875,460.6093125,835.152,721.593,683.0693125,774.4715625,393.1631875,877.591875,647.60875,748.06075,998.2549375,746.926875,577.285875,817.1348125,1276.475875,932.4543125,1245.8760625,1279.655625,1265.288375,994.541125,1385.8476875,1218.095375,1127.8841875,1688.55325,1299.699,1403.3600625,1229.723125,1085.568,1384.42725,1278.881125,1627.6103125,1392.7966875,1399.2223125,1441.397625,1538.7488125,1343.825625,1106.7276875,1360.0126875,1271.876375,1387.8498125,1172.144375,1105.9128125,1118.5985,1139.95225,1151.0231875,1097.606,1244.71325,1370.9354375,619.3484375,1528.076875,1160.3651875,1291.9408125,1289.7331875,1323.7203125,1226.9845625,912.0298125,1472.3803125,1721.4804375,1344.3550625,1299.6028125,1334.2119375,1056.5616875,1391.2530625,1169.7595625,1278.92825,1411.19725,1196.474,1182.5466875,1304.73825,1051.301375,1112.0683125,1613.2368125,1228.049125,1049.43375,1541.4635,1771.2960625,1336.1835625,1197.5009375,1285.527875,1458.0900625,1393.178625,1404.3656875,1197.6361875,1372.12675,1366.994375,1184.129375,1093.1665625,1124.512,922.0286875,1197.1501875,1414.065625,1155.98525,1234.6215625,1181.5715625,1162.895,1465.0624375,1557.6996875,1256.407125,1007.2915,1318.3218125,1270.1539375,1087.5781875,1359.7771875,897.6510625,893.5433125,1349.2819375,1551.9991875,720.63225,1477.64425,1114.0975,1013.32775,793.8306875,978.40125,989.97725,1532.378875,1059.65575,1233.1305625,846.5703125,1516.447125,1084.3255,1290.6203125,1116.832875,1083.7760625,926.2586875,1239.9586875,920.0109375
1.959192208042123,584.963375,486.87475,860.613125,404.1464375,524.956625,542.107,824.9989375,733.7269375,710.7520625,891.701875,403.5498125,972.080625,712.6393125,849.092625,1027.3710625,817.2916875,690.7679375,968.5006875,1419.7066875,1103.784,1429.096125,1448.31625,1449.3309375,1127.0486875,1565.005125,1384.1705,1403.857,1934.2043125,1483.9609375,1530.5413125,1453.149625,1264.83275,1588.4648125,1471.133,1876.1850625,1583.8453125,1601.29275,1678.436625,1678.0751875,1573.730375,1230.5018125,1563.19175,1455.220875,1596.1394375,1383.40175,1365.9224375,1367.6439375,1327.1045,1384.9836875,1237.4083125,1411.3000625,1531.33175,818.948625,1768.344125,1361.3748125,1569.225375,1494.6859375,1535.911125,1491.545125,1185.259875,1692.219625,1933.3103125,1559.846375,1513.0436875,1485.579,1297.384375,1580.688625,1374.0674375,1468.080625,1637.634,1336.2428125,1423.154875,1473.0206875,1270.006875,1334.2599375,1825.6468125,1468.0251875,1285.6340625,1774.9665625,1981.4123125,1558.7798125,1484.2990625,1519.8293125,1661.680875,1603.67925,1652.3121875,1409.9269375,1603.1560625,1605.0389375,1461.0800625,1378.5198125,1345.098,1099.3116875,1408.2586875,1632.913,1286.603625,1493.2005,1379.3565,1351.2635,1653.0760625,1767.6980625,1481.6803125,1340.6779375,1545.8350625,1540.2121875,1344.0378125,1556.8855625,1166.4684375,1140.5475,1542.3315,1793.044125,894.399875,1674.1741875,1387.772625,1227.5315,948.629875,1210.425875,1151.786125,1758.6091875,1341.4965,1424.8313125,1057.61125,1707.0446875,1325.13325,1538.27525,1278.4080625,1226.92575,1102.74875,1400.876875,1116.059875
1.9632647307642062,617.3620625,512.999125,935.1409375,441.8685,566.857625,614.409875,824.039,785.1946875,756.5680625,999.56575,409.7408125,1065.4889375,777.600625,951.7678125,1060.669875,889.4344375,803.720875,1133.148375,1570.35175,1295.484625,1605.4218125,1611.0308125,1626.685625,1275.63475,1740.1231875,1539.1853125,1655.248625,2166.186875,1676.4220625,1666.01375,1695.0946875,1459.4180625,1801.592,1670.5711875,2132.5238125,1780.4180625,1804.0815625,1928.415125,1816.438875,1815.8496875,1397.531625,1788.9421875,1660.7334375,1821.812125,1638.49875,1646.8974375,1633.0406875,1564.028625,1639.4850625,1421.973625,1599.526375,1712.6294375,1043.9720625,2018.8488125,1617.405125,1855.944,1732.867625,1771.31525,1778.6608125,1501.3470625,1955.3643125,2146.400375,1819.2111875,1769.0906875,1663.856,1554.140375,1773.1035625,1610.1138125,1676.0596875,1879.341625,1505.4933125,1655.51275,1664.57175,1504.3355625,1556.744125,2048.723125,1714.407625,1563.2993125,2044.296625,2199.822625,1809.0335625,1808.323625,1799.4905,1893.837375,1829.134125,1909.07425,1645.4725625,1853.193875,1885.636625,1776.462625,1694.8325,1592.6663125,1312.7101875,1653.956,1886.649125,1445.1885625,1777.295,1641.1599375,1592.413125,1899.520875,2025.0156875,1781.971,1718.4901875,1824.799625,1857.6810625,1640.2434375,1791.297375,1481.9884375,1427.4565,1767.287,2068.148625,1121.2215625,1917.34625,1702.8284375,1469.573375,1158.71875,1479.356,1367.8569375,2020.624375,1666.788375,1668.0245625,1331.9449375,1929.207375,1615.450875,1832.1665625,1477.2399375,1412.9228125,1304.8448125,1584.232625,1330.9050625
1.9673372534862752,622.5324375,531.75575,986.1645625,472.173125,595.3305,659.651625,835.1218125,864.77525,816.4785,1078.5763125,403.0284375,1145.271375,841.0781875,1046.85975,1092.4816875,958.43425,912.511125,1271.711,1693.188625,1458.4841875,1737.0674375,1737.775875,1757.7791875,1408.533375,1873.4964375,1658.0024375,1850.2551875,2343.999625,1844.838375,1783.3658125,1907.1371875,1638.7036875,1986.6145,1847.7235625,2342.55175,1944.3085625,1992.42225,2149.155125,1934.855,2027.0118125,1576.744375,2002.23175,1852.9336875,2036.809625,1905.514,1912.4375625,1876.7933125,1823.8436875,1874.222,1637.6588125,1794.0996875,1898.7459375,1284.15775,2240.219,1903.080625,2112.77125,1979.5956875,1986.6765,2065.67575,1824.628875,2236.554875,2343.515,2101.6353125,2055.83475,1854.088375,1792.3419375,1938.433125,1857.3823125,1887.3455,2102.05,1697.0366875,1867.83525,1858.8606875,1733.904625,1756.772,2268.2368125,1952.5100625,1853.0195,2312.934125,2411.2795625,2072.84425,2140.432125,2092.7013125,2135.284875,2056.536375,2164.9429375,1893.7359375,2109.8553125,2183.1271875,2104.93175,2023.879625,1835.5521875,1544.1450625,1922.0651875,2160.4085625,1637.0879375,2054.9793125,1955.0744375,1876.9893125,2181.52475,2317.9254375,2131.4309375,2111.322875,2143.256625,2206.8423125,1963.52875,2051.6306875,1821.56925,1738.667625,2011.9410625,2360.2124375,1388.378625,2196.5125625,2043.5896875,1734.17225,1422.9306875,1775.2548125,1621.7865,2302.6075625,2010.8254375,1949.40425,1642.024875,2177.7430625,1947.0385,2152.6373125,1717.7163125,1641.1886875,1527.8565625,1783.551875,1568.8875625
1.9714097762083584,603.9439375,537.060375,1018.529875,492.910375,607.391,673.4921875,853.7269375,949.7520625,885.268125,1117.9686875,388.3601875,1200.254375,896.258375,1126.6970625,1117.385375,1015.8955,1005.524,1359.146375,1742.2766875,1545.1651875,1785.562625,1795.4743125,1791.091,1481.869875,1917.9835,1705.857625,1956.262125,2426.9631875,1942.909125,1841.3345,2017.657375,1742.14425,2088.2333125,1953.2051875,2442.1840625,2021.7924375,2129.3663125,2280.54775,1997.3185625,2150.3964375,1717.3964375,2149.935125,1979.918,2191.712625,2126.978,2109.335375,2045.507,2043.5775,2042.2646875,1842.1120625,1951.3385,2060.6521875,1505.8411875,2385.975,2151.462375,2285.0815625,2172.7819375,2131.1790625,2302.388,2099.7703125,2482.9749375,2489.1055,2356.9654375,2327.2859375,2016.992375,1967.4380625,2034.9085625,2073.768625,2062.4855,2265.4501875,1877.5523125,2042.54775,2027.3336875,1928.21975,1924.2805625,2442.0344375,2133.5909375,2102.9141875,2516.979375,2575.5465,2307.42525,2418.9894375,2337.9548125,2341.8378125,2254.4890625,2386.978,2121.6059375,2332.066125,2448.9616875,2394.9658125,2312.7268125,2029.0270625,1758.9648125,2178.888375,2421.998625,1844.993,2288.724125,2267.2940625,2162.954375,2451.5701875,2597.404375,2478.832,2467.0586875,2457.19725,2539.4400625,2270.428,2302.83425,2136.2024375,2027.41025,2244.8335625,2631.71625,1666.0565,2480.1389375,2364.5304375,1997.223,1711.939125,2075.0221875,1886.5686875,2572.5288125,2340.00125,2232.498375,1943.8998125,2425.3889375,2288.0235,2465.12525,1975.2813125,1891.8559375,1758.397875,1989.923,1826.279
1.9754822989304275,571.9299375,530.8504375,1039.9403125,504.778,603.6438125,664.1015,867.020375,1021.063625,963.638375,1118.93225,382.720125,1229.4186875,932.141125,1185.3420625,1131.068875,1051.844125,1065.4723125,1392.4948125,1690.8363125,1538.2230625,1744.28275,1773.333625,1703.94525,1468.211625,1849.056875,1661.5395625,1955.6170625,2394.022125,1935.0721875,1813.83675,1977.8789375,1719.29325,2063.1700625,1938.42375,2389.826625,1974.3900625,2169.562875,2278.156125,1964.6136875,2142.488625,1783.052,2186.942125,1991.484875,2242.019125,2239.6134375,2190.8574375,2087.1814375,2159.3514375,2108.48075,1977.7610625,2019.225375,2157.07825,1661.4035,2414.58775,2280.7165625,2319.9660625,2236.3215625,2158.5590625,2423.1786875,2257.3775,2625.48975,2535.4214375,2515.1794375,2513.2268125,2104.7798125,2039.589375,2018.494375,2199.2448125,2155.0180625,2335.386625,1998.3533125,2150.0375,2129.8448125,2045.8541875,2048.1865625,2515.845875,2190.209875,2240.76925,2581.4264375,2628.4804375,2443.9365625,2565.2714375,2459.065125,2460.512,2367.7285,2521.612625,2275.356375,2454.49825,2612.6606875,2572.0575,2482.213875,2127.45675,1909.011,2378.27925,2628.0291875,2022.315875,2428.00475,2485.937125,2370.034625,2640.7115,2783.8261875,2748.2310625,2717.8595625,2688.3981875,2775.371,2482.50175,2483.2970625,2356.8128125,2222.441625,2408.6030625,2819.2809375,1902.8608125,2708.407125,2589.731,2211.729375,1975.3540625,2337.1859375,2115.100875,2776.40075,2602.443375,2456.7693125,2184.3584375,2630.0024375,2577.6749375,2714.5121875,2190.886375,2125.3994375,1967.668375,2173.4705,2078.2891875
1.9795548216525107,539.062625,522.0705625,1048.4271875,513.792375,587.0679375,640.9849375,860.4706875,1070.7158125,1051.97475,1086.8525625,399.4213125,1240.0771875,941.9405625,1219.4690625,1127.75675,1063.5849375,1087.2479375,1380.300375,1552.276,1460.100125,1647.728375,1691.6254375,1526.268625,1377.725875,1688.038375,1539.4450625,1866.410875,2265.2289375,1824.8913125,1712.9795625,1802.7328125,1577.625375,1917.5455625,1799.3513125,2202.498625,1815.29125,2097.3498125,2150.2955,1833.541875,2008.0733125,1777.11525,2111.3474375,1874.977625,2178.312875,2215.949,2148.7886875,1981.8719375,2147.1349375,2063.373375,2005.256375,1972.456125,2155.620875,1713.520375,2312.03175,2251.2600625,2207.2175625,2134.4108125,2052.8981875,2389.4243125,2254.0398125,2614.8126875,2450.138125,2525.327375,2558.513,2090.3690625,1995.334875,1873.9994375,2190.7744375,2139.9768125,2298.3938125,2023.6109375,2160.297875,2134.2281875,2052.2795625,2108.8794375,2458.1748125,2090.518375,2212.3773125,2461.670625,2525.660625,2426.2110625,2535.4311875,2413.153875,2455.905,2344.0326875,2523.247,2309.094375,2425.32475,2613.2663125,2576.6566875,2465.74675,2094.366875,1950.1201875,2479.787125,2736.52625,2113.454375,2421.4415625,2530.0170625,2420.3990625,2685.3823125,2805.3316875,2860.2166875,2801.64075,2755.109625,2836.45825,2524.41325,2529.6886875,2422.4941875,2259.25575,2439.6151875,2851.36425,2037.0524375,2809.985,2647.453625,2322.722875,2155.935625,2499.6945,2240.636375,2844.0178125,2733.479625,2550.6075,2311.5713125,2745.3935625,2740.5830625,2832.8001875,2288.742625,2290.859375,2107.9266875,2277.5635,2275.2800625
1.9836273443745798,512.83525,518.2075625,1038.298,524.7144375,562.267125,612.1111875,828.2339375,1097.3693125,1142.3330625,1022.238125,434.556375,1238.008375,926.5401875,1226.8666875,1101.898,1056.3735625,1084.028625,1331.865375,1368.2876875,1347.3890625,1539.8436875,1578.088,1315.998625,1247.107,1482.25125,1375.06325,1727.0723125,2083.7975,1648.8420625,1576.77525,1554.4083125,1375.5925,1701.9274375,1586.113625,1945.1585,1600.712,1938.9800625,1951.55975,1643.7469375,1798.115125,1729.7865625,1962.10175,1672.2004375,2033.5539375,2083.3450625,2018.1050625,1764.257875,2031.65475,1926.9655,1930.3470625,1831.294125,2057.1679375,1656.7391875,2100.14875,2092.792125,1991.458375,1899.0625,1840.3433125,2217.53175,2108.5534375,2455.4423125,2243.138375,2394.9509375,2462.3616875,1984.61925,1857.103,1636.9961875,2057.589875,2026.5180625,2172.9925625,1950.8185,2066.3975,2044.5484375,1948.3953125,2091.503125,2280.71175,1871.95975,2029.1313125,2184.451375,2288.8246875,2258.1289375,2357.005625,2225.9839375,2334.421125,2176.90375,2386.0266875,2215.42725,2244.7099375,2443.3685625,2409.392125,2259.0675625,1926.1058125,1872.183375,2468.613625,2725.258375,2083.79175,2257.560125,2387.3749375,2300.7280625,2567.4083125,2647.309875,2783.3828125,2698.0985625,2627.1584375,2703.476,2381.8975625,2422.0629375,2321.5075625,2122.2823125,2314.634875,2699.22325,2029.585625,2751.538625,2518.402375,2301.1438125,2211.6243125,2506.3904375,2212.5479375,2724.11875,2696.11925,2471.2618125,2298.88525,2742.39325,2726.23975,2776.763,2215.4935625,2340.0761875,2132.0401875,2250.30175,2361.5733125
1.987699867096663,492.3189375,521.4634375,1013.1554375,536.352125,533.7885625,585.28725,775.92975,1099.5474375,1221.387,925.4163125,474.355875,1220.9455625,892.823625,1199.9330625,1054.5884375,1037.539,1074.0610625,1255.7790625,1181.5600625,1224.9459375,1444.2643125,1446.9203125,1119.291125,1108.4333125,1271.2285,1197.6924375,1562.10025,1877.9226875,1444.143625,1432.539,1295.92775,1172.1645,1474.071125,1362.9465,1679.8355625,1384.7789375,1737.3445625,1740.2613125,1438.4369375,1571.012375,1664.256125,1782.752375,1443.77975,1855.22975,1895.281875,1846.5218125,1501.409875,1860.7586875,1736.3333125,1790.676375,1644.505125,1891.507,1520.0721875,1817.247375,1867.6810625,1733.5008125,1599.2426875,1568.2035625,1960.207625,1880.1676875,2200.798375,1962.1450625,2177.979375,2273.2931875,1818.191375,1664.7135625,1368.815,1848.67225,1847.092625,1994.38375,1802.092,1889.52625,1890.039375,1769.6836875,1998.484875,2025.9166875,1606.1428125,1757.416625,1831.0789375,1987.7985625,2000.793,2100.61975,1965.61275,2138.153,1911.791625,2144.9535625,2024.125,1961.0391875,2151.4715,2126.2945625,1926.1796875,1665.519375,1707.590375,2365.7105625,2597.9034375,1937.7715,1978.815625,2117.6723125,2067.00775,2323.517125,2361.3668125,2558.7833125,2446.536125,2350.556625,2433.0115,2117.2029375,2198.8921875,2105.4471875,1860.1913125,2076.0148125,2407.6488125,1890.7225,2562.3545625,2248.3939375,2162.29925,2140.5305625,2354.888625,2043.3125625,2428.7449375,2515.9303125,2241.225125,2164.6844375,2627.1538125,2550.182625,2565.025125,1979.5535625,2254.3774375,2027.253125,2085.5439375,2315.0695
1.9917723898187463,478.361875,533.9135,984.561625,545.4985,504.432,565.1308125,715.814125,1076.8933125,1275.982625,805.42825,506.816375,1184.8909375,848.664,1126.4401875,994.0000625,1011.743375,1067.227875,1163.0124375,1018.8153125,1104.956375,1363.275,1302.446625,955.358625,971.481625,1078.2931875,1022.75275,1374.8834375,1657.925875,1230.5911875,1284.4298125,1064.5680625,994.1703125,1272.6990625,1169.0140625,1437.3259375,1192.547125,1528.23425,1548.8315625,1236.736875,1363.7325625,1586.6864375,1599.7100625,1228.7765,1677.9,1693.2681875,1667.129125,1248.4990625,1675.8018125,1530.21675,1626.0529375,1456.314125,1696.3151875,1344.0280625,1500.4569375,1625.8018125,1476.003875,1291.9380625,1282.7109375,1673.0775625,1621.0165,1915.642125,1662.0846875,1927.1385625,2048.39525,1615.95275,1452.7228125,1119.297625,1613.1434375,1634.4185625,1787.4545,1602.5345625,1661.4331875,1694.6863125,1558.189,1843.9314375,1737.951,1346.0328125,1468.8191875,1479.2041875,1678.319375,1721.4235,1823.90325,1690.0174375,1912.2585,1611.8641875,1850.6383125,1775.9811875,1635.2151875,1804.363625,1793.9581875,1553.8573125,1379.4870625,1505.5278125,2211.21075,2377.9600625,1714.9725,1646.3880625,1799.6908125,1789.416375,2014.819,2023.461,2259.1824375,2117.99125,2006.6745,2107.2654375,1817.22925,1922.0539375,1844.5166875,1551.3386875,1795.875375,2058.723375,1665.1325625,2301.3445625,1910.9069375,1949.1068125,1974.841,2102.2680625,1798.597,2033.3218125,2258.1310625,1932.1125,1957.47,2434.6150625,2283.1154375,2263.824625,1652.6241875,2059.33,1823.014125,1831.5196875,2165.978625
1.9958449125408153,479.3361875,557.8228125,962.368125,550.2826875,473.36725,550.1571875,659.7079375,1034.6186875,1298.049,679.6349375,522.7644375,1133.83625,796.5496875,1005.553125,930.9406875,976.743875,1058.95725,1068.6385,888.7628125,994.2658125,1287.0486875,1153.1753125,824.3001875,833.7956875,913.79575,857.52125,1165.163375,1434.938625,1018.45325,1129.9518125,871.518625,842.382625,1112.3224375,1011.256375,1226.4443125,1029.5320625,1332.031125,1383.7458125,1040.853125,1191.19775,1495.2750625,1425.6001875,1043.0269375,1518.662125,1498.5830625,1495.545875,1033.7454375,1500.4531875,1338.65875,1465.5299375,1290.8075625,1504.77575,1158.547875,1186.6504375,1397.0903125,1243.888625,1005.7051875,1020.8865,1396.70325,1360.5584375,1642.3338125,1381.3989375,1671.4109375,1822.0751875,1397.0719375,1245.7633125,918.509625,1379.976125,1409.913125,1564.3885,1373.5054375,1408.5748125,1476.0210625,1345.163125,1650.464375,1447.6319375,1114.0911875,1211.3334375,1171.4548125,1383.408375,1458.574625,1556.2715,1429.8143125,1685.836,1328.0866875,1548.09475,1506.6785,1314.3061875,1457.39325,1459.9955625,1207.9309375,1122.71025,1302.2244375,2032.8978125,2100.1705,1468.0145,1306.8914375,1490.1035625,1515.0935,1696.3296875,1691.853625,1939.3649375,1773.9118125,1658.2615625,1784.7375625,1536.4539375,1638.5429375,1578.58975,1259.9464375,1525.0841875,1717.429125,1399.4419375,2016.3585,1562.8529375,1705.28125,1750.990625,1818.817625,1543.135375,1624.6771875,1978.6996875,1613.16875,1721.477375,2207.5985,1996.5756875,1937.17525,1319.1169375,1804.7403125,1567.851125,1556.9700625,1963.9313125
1.9999174352628986,500.933125,587.897,950.0411875,546.784875,438.964875,533.98325,613.301,980.814625,1290.648625,571.11,518.963875,1076.3980625,734.3214375,856.956125,874.5063125,924.4124375,1036.5994375,985.2774375,789.783,895.9289375,1200.7285625,1016.457125,718.5598125,699.7603125,777.4521875,707.1980625,940.9956875,1225.2849375,818.721125,974.952375,713.17325,707.7245,989.0470625,878.759125,1048.3825,898.71875,1154.0916875,1238.790625,852.8316875,1055.4331875,1390.3058125,1267.9604375,892.970375,1380.769375,1319.6564375,1337.0814375,867.3885,1340.1385625,1173.1994375,1321.1799375,1152.7205,1337.534375,981.02675,908.520375,1197.672375,1053.7706875,752.47425,804.9295,1152.648875,1116.1385625,1395.035,1140.6975625,1425.696625,1604.271875,1182.9643125,1060.9504375,780.3625625,1161.1380625,1187.29525,1340.00975,1139.879375,1154.2838125,1254.8455,1151.2265625,1449.3821875,1175.9853125,913.3898125,1005.894625,921.2176875,1117.2188125,1225.9124375,1316.3353125,1198.3626875,1473.2994375,1086.79725,1271.9898125,1246.14175,1025.21275,1144.823625,1152.6545,919.08875,918.09625,1112.9671875,1841.202625,1797.2238125,1237.52725,990.75725,1219.6220625,1270.5761875,1405.5555,1396.2094375,1625.19,1451.0020625,1334.3486875,1493.553875,1291.4895625,1376.1061875,1317.8274375,1020.9934375,1282.460375,1414.7851875,1127.998,1735.3904375,1235.5426875,1463.224625,1498.5259375,1550.4380625,1312.6066875,1259.1973125,1709.1849375,1324.8909375,1480.5964375,1980.3265625,1729.19725,1622.5890625,1029.631375,1533.1828125,1309.0206875,1310.212875,1739.498375
2.0039899579849676,537.2706875,611.63625,945.2184375,531.4190625,405.23625,509.646125,577.7820625,923.0261875,1265.7205,500.9341875,504.320875,1014.2514375,660.080375,712.6790625,826.111,849.34075,993.85375,914.0781875,720.24825,809.6936875,1097.91325,909.4714375,630.018375,581.652375,665.269625,579.0601875,720.1500625,1042.470625,637.3850625,832.669125,582.067875,579.3905625,885.967625,762.179875,898.9829375,803.223625,995.8665,1104.855,682.932875,953.9219375,1280.956,1131.6715,780.8430625,1259.187125,1156.4295,1189.9503125,746.96,1187.6445625,1029.9116875,1189.8765,1031.623375,1197.2481875,821.516625,684.3968125,1030.8265,913.9161875,538.866125,638.8784375,944.99475,900.2448125,1173.747625,948.193125,1197.3753125,1393.9955,991.43175,908.5170625,698.509875,962.2430625,975.1328125,1136.824625,926.0508125,921.1724375,1051.885625,988.0775625,1267.3185625,939.37225,736.4208125,852.503,729.934125,892.2385,1029.92825,1119.2210625,1000.2608125,1278.9413125,887.8930625,1044.721125,1014.864125,778.5358125,880.1899375,887.472625,689.0846875,763.0461875,940.20325,1646.0394375,1492.735625,1042.2508125,722.536375,1000.838125,1067.73125,1161.7088125,1144.2003125,1327.07925,1166.4846875,1044.721375,1243.650875,1080.6755625,1148.9296875,1068.2111875,836.6625,1067.9190625,1157.368875,871.317875,1469.69325,946.47725,1241.4154375,1244.7720625,1313.131625,1118.6660625,961.8243125,1468.6158125,1087.2966875,1247.818125,1772.373,1488.2974375,1340.6773125,799.7106875,1270.6769375,1083.6255,1108.625375,1506.159625
2.008062480707051,574.4298125,619.5338125,940.6515,507.7853125,383.0210625,474.8790625,559.4458125,868.4464375,1230.716,476.5230625,492.8983125,940.6753125,572.935875,601.1834375,781.2206875,755.8258125,937.334625,847.7161875,680.4080625,733.2093125,990.776875,841.9463125,552.0621875,487.519625,574.591125,485.282,528.3205625,888.866,472.6543125,712.26775,472.3416875,452.5133125,784.31725,662.46875,773.763875,740.906875,861.8243125,974.2879375,540.167375,885.4818125,1182.8566875,1014.970875,702.9983125,1148.4431875,1009.227875,1050.2620625,657.3749375,1037.320875,906.528875,1066.37775,912.3726875,1077.7251875,684.5465,518.4936875,892.612125,819.41725,369.6909375,511.8805,768.8821875,721.444125,977.5691875,802.634875,985.354625,1189.0735625,826.4754375,790.941125,646.1835,791.2774375,778.0450625,975.3335,741.5460625,721.233375,884.4443125,858.2285625,1114.67625,748.7440625,577.593875,741.4614375,595.666,711.7073125,877.2686875,969.3493125,834.3011875,1099.0800625,716.627,872.156625,818.88775,577.05875,665.20375,670.8650625,504.39975,642.3451875,781.224125,1462.72275,1208.08825,887.4945625,519.456625,833.4135625,901.9675625,970.51525,930.874,1054.199625,922.5688125,796.155,1036.806875,899.1950625,958.7458125,842.4343125,687.0665625,874.1771875,937.4595625,640.1585625,1217.4694375,702.001,1045.83225,1011.0514375,1102.875125,959.91425,735.8171875,1267.926,906.264625,1036.2003125,1589.187375,1269.832,1101.8778125,624.1044375,1036.0239375,909.631625,951.648125,1276.862
2.01213500342912,604.2045,613.533625,931.21475,482.9226875,384.9683125,436.736,566.409125,819.4896875,1181.864125,489.7010625,489.55675,851.422875,474.6486875,533.2813125,737.1238125,657.1188125,879.047,781.3529375,668.934875,663.7990625,895.902125,812.2243125,484.1115,416.533,501.3756875,440.50075,389.0625625,753.9864375,327.3281875,612.908875,382.5146875,337.4330625,680.1678125,585.20975,675.3070625,702.3070625,753.88375,845.8379375,421.665375,846.0720625,1111.2301875,908.7566875,653.1915,1045.338625,881.2668125,917.28075,579.092125,893.893,807.445875,947.39925,786.7700625,973.7629375,568.9920625,406.6623125,780.6525625,753.1280625,243.35075,407.4920625,621.934,585.7510625,810.3798125,698.7940625,786.7806875,990.1430625,682.6021875,702.4425,591.356,654.956,598.436375,861.8133125,582.1983125,553.16375,766.4691875,757.9721875,990.30175,609.0795,442.3704375,663.4746875,504.887875,574.917125,771.4301875,855.1493125,697.3655625,926.6353125,565.435625,748.044125,656.67075,423.858875,497.302125,500.3453125,348.1225,535.692625,634.3515,1303.827625,966.314375,773.2595,383.7124375,707.38425,757.94575,828.3505,751.378875,817.6911875,711.5488125,596.0779375,868.270625,744.168875,799.0886875,657.131625,556.447125,698.5255625,743.18875,441.7216875,977.6689375,495.215625,873.3695625,808.20775,909.8344375,832.407875,571.5548125,1106.7115,772.9351875,855.6919375,1427.2111875,1076.922125,904.2565625,484.716125,842.234,782.8405625,831.245875,1064.451625
2.016207526151203,629.24325,604.079875,919.2246875,461.63725,416.68875,407.4629375,593.4558125,772.098875,1111.515875,526.5379375,487.0531875,755.753375,373.6664375,499.296125,695.187375,570.414,824.3709375,716.301875,683.551,599.373125,816.36775,808.095875,430.5976875,363.8041875,438.5709375,449.2203125,311.4934375,624.9486875,213.1641875,532.8783125,315.3165625,255.394375,584.5451875,533.83425,608.1761875,677.12425,669.6625625,722.75325,318.5104375,820.6271875,1074.8920625,802.228875,626.0958125,947.38325,770.0533125,794.1003125,504.411125,765.2749375,731.9908125,830.483875,655.5225,880.0963125,467.3605625,340.2615,692.882125,696.8585,149.1949375,313.8521875,504.88375,491.074,675.0388125,630.4991875,606.05425,801.3299375,557.9670625,630.8018125,514.605375,553.200125,440.950375,787.084,444.23875,410.8255,699.887875,678.227125,888.2818125,517.5224375,340.0294375,609.34475,428.375,484.382875,706.3906875,756.5749375,587.1875625,757.135125,441.3438125,659.05025,528.303,323.5423125,371.7393125,365.2950625,209.89225,429.2015625,504.2191875,1172.7940625,780.6025,696.73275,302.08825,611.302,621.434,726.473875,607.52325,626.525375,525.9805625,448.32875,729.8650625,612.9209375,660.8935625,526.312375,444.1429375,549.130375,573.4023125,279.6065625,762.4704375,313.03025,714.3056875,637.1960625,725.698625,736.822,457.9999375,975.578125,673.53,705.44275,1281.65575,916.6274375,742.23675,359.19975,692.648875,686.432,737.565,877.54725
2.0202800488732864,648.2389375,598.27825,907.8126875,445.6655,468.5301875,392.2914375,621.83125,725.201625,1018.27825,575.569,471.5495,674.7515,282.844125,480.7005625,655.415625,508.149125,772.35425,654.248875,716.9674375,538.9709375,746.384,815.41675,388.8576875,322.4546875,378.903875,495.0268125,287.767,500.5746875,137.800875,479.4681875,269.08825,220.4219375,508.89525,500.5036875,567.11175,661.2038125,603.8501875,606.907125,225.7470625,786.022375,1069.532875,692.857375,611.5860625,852.764125,668.6339375,684.9214375,439.063125,653.242375,669.7239375,718.8290625,524.6745625,793.0039375,371.854625,309.4956875,622.0315625,639.7624375,76.4578125,228.35325,414.6586875,420.848125,565.0325,588.3650625,453.0545625,628.0979375,458.791,562.51325,415.502375,482.7510625,313.4156875,735.48175,331.04875,289.503125,666.29525,607.037125,798.8196875,460.1049375,271.2394375,570.6996875,339.467125,436.2634375,664.0533125,660.686875,503.7051875,589.6341875,350.0170625,588.871875,436.275125,273.517375,283.946125,256.207375,91.5205,325.191875,398.307875,1063.8564375,646.50575,650.687125,251.21225,536.9024375,486.0794375,655.700625,500.6970625,482.362875,364.43575,350.3323125,615.9730625,503.2290625,536.3125,454.6479375,354.479375,435.124125,440.42625,150.8909375,590.924875,151.2691875,560.2573125,489.3410625,547.1920625,675.7165,385.2076875,864.983,601.540625,577.7369375,1151.7535625,785.460625,617.079875,231.866375,581.2359375,604.2315625,662.6776875,722.1946875
2.0243525715953554,649.3463125,596.99275,896.024625,435.089625,523.4388125,386.7554375,634.0583125,688.8075625,911.8119375,626.461,432.3790625,625.2486875,209.6403125,465.6775625,612.2545,472.3016875,723.237625,593.1803125,752.4786875,481.9876875,682.8205625,821.8265,346.87875,286.4914375,316.9466875,550.524125,303.136375,393.09625,94.5344375,460.3178125,235.9119375,227.126875,457.4745,463.55725,535.0043125,653.31625,548.731,498.1966875,145.5449375,725.7375,1077.1778125,589.8416875,594.82275,763.424875,572.46625,591.4048125,387.0455,554.07275,609.76975,622.1899375,402.8720625,716.08025,285.516375,303.410375,557.4236875,576.905375,20.548125,153.529375,344.7638125,354.179125,472.559875,557.5449375,331.8174375,474.17075,390.35675,491.2300625,307.888625,432.38725,218.0569375,694.6705,246.879125,190.023,638.608875,537.3054375,710.7044375,416.6414375,226.9141875,544.50475,235.3058125,411.7428125,622.2269375,568.789625,446.7909375,427.0031875,284.036,529.641375,381.7324375,258.0355625,226.561125,171.6991875,0.3424375,237.47575,320.6456875,961.860875,551.593625,618.2155,208.2030625,477.0824375,352.960625,607.2643125,428.04575,378.152875,230.7698125,291.536375,521.71075,412.5421875,423.3565625,437.834875,286.55725,354.7058125,356.6706875,48.3483125,470.4071875,21.1868125,414.68675,355.1735625,383.4458125,644.081,342.00975,770.9535,557.361125,470.347125,1042.1450625,668.265375,531.993375,103.99025,497.2040625,526.9724375,601.1451875,599.5250625
2.0284250943174387,627.8945625,601.31475,878.272,429.8490625,572.9133125,387.647375,625.1394375,679.3193125,809.2668125,672.7971875,372.1134375,606.5140625,151.9158125,450.136625,562.3621875,457.4908125,679.56525,532.0550625,774.93075,424.312,627.084,818.5515,297.41925,254.156625,251.7794375,595.336125,345.9915,319.292125,65.883625,467.1815,211.243125,249.3416875,430.286,402.907375,495.31,647.456,497.2826875,397.5019375,86.3811875,642.1356875,1074.0208125,506.654125,567.8815,683.76825,475.845125,512.6855625,342.26625,461.5529375,546.467375,549.4461875,295.843375,654.50675,219.48175,308.7081875,494.7880625,506.582375,-19.7876875,91.769125,291.799,283.3594375,394.5663125,521.6809375,235.8018125,337.733125,349.0530625,420.5740625,208.6835,378.5636875,148.690625,662.6165625,188.3688125,117.3533125,600.0354375,468.5866875,619.288875,374.6640625,198.8443125,525.5340625,134.85325,389.4061875,566.3738125,487.324625,409.4975,279.3525625,232.2214375,486.2485625,359.3408125,257.866625,187.5014375,112.991125,-59.702375,177.6914375,271.2285,853.0899375,480.9830625,579.01075,165.00675,423.635625,228.3506875,574.3309375,386.382375,304.14,131.4850625,253.4028125,438.5654375,338.9773125,326.5109375,463.581875,233.0280625,298.5385625,321.594625,-35.1514375,391.8065625,-66.5213125,291.2488125,235.36775,255.4298125,625.5121875,316.2475625,692.5596875,537.69775,385.254125,955.6581875,552.1674375,480.6296875,-8.7960625,430.6936875,450.0928125,548.781,502.6563125
2.0324976170395077,601.4876875,614.6934375,844.6224375,428.816,616.1089375,398.082,606.107,703.6050625,725.8745,715.2743125,305.9955,606.508125,106.1280625,429.8584375,512.0069375,458.432125,640.499125,475.533875,778.4625625,362.9348125,579.4011875,804.3580625,247.3913125,228.77225,189.955,622.253875,403.786625,292.0830625,36.71225,478.821,193.8039375,255.10575,425.6255625,314.8493125,443.8161875,633.857125,445.658375,310.2166875,56.9820625,550.992,1040.0294375,450.7605625,531.814875,613.2409375,369.154875,446.227,295.441125,369.5060625,475.3840625,503.11275,204.7564375,606.232,179.281875,312.931125,439.839375,428.013125,-45.7004375,44.1605,256.7495625,218.648375,327.6675,471.453125,157.8760625,215.7724375,326.514125,358.1521875,126.108125,301.267875,96.0835625,637.5095625,145.901625,73.4746875,545.96575,404.323,529.68275,339.96225,181.923,498.8495625,58.5843125,361.6143125,493.831625,414.67025,378.0571875,160.7418125,191.0136875,462.239875,354.31175,257.5829375,156.4508125,74.0783125,-90.2345,149.980875,244.3783125,739.6085,418.0089375,525.1121875,129.476875,367.911,117.86775,551.2260625,371.95425,254.0956875,70.71125,216.7073125,358.4061875,284.4259375,251.1394375,513.509,182.5469375,259.253375,320.09775,-103.382875,343.451,-120.813375,201.09825,135.9044375,178.4579375,599.1566875,296.4638125,630.07625,530.10525,317.983875,885.2438125,437.651,439.8149375,-93.855375,372.9415,374.728625,501.4531875,421.85525
2.036570139761591,592.2276875,639.2308125,785.8704375,434.47675,650.9725625,419.296875,596.1169375,747.328,667.7568125,752.2390625,250.638375,613.0585,76.6095,403.120125,470.3928125,472.0263125,599.1345625,429.032625,759.062625,302.739,533.520875,784.5661875,212.3943125,217.52275,140.4830625,635.5255,459.761375,310.1034375,3.5061875,481.298875,180.7809375,230.7364375,439.40025,209.49325,386.8590625,606.671875,392.68075,246.5329375,58.4141875,462.991,969.78925,417.748125,488.4275,544.6803125,250.6915,387.7528125,244.01625,275.887625,392.223,475.66125,132.6306875,564.0621875,160.311875,306.856625,399.279375,338.37275,-59.3763125,10.6049375,240.8089375,174.967375,272.0815,411.616125,103.707875,109.76175,318.241625,307.7405,57.3628125,201.8811875,51.171,603.7474375,112.179,52.5825,477.5814375,352.26125,448.487625,330.39525,169.0345625,451.0551875,13.947,329.723125,408.958375,342.1755,341.2545625,76.1686875,162.545375,450.638875,348.8155,243.3914375,125.4114375,43.22375,-99.2311875,156.2859375,232.6228125,632.53575,352.845875,465.1148125,109.56025,307.7636875,18.66975,527.539,378.97725,223.909,46.1918125,171.793625,277.8365,252.4010625,199.709125,568.935875,123.2740625,229.78125,329.660875,-153.8265,321.052625,-165.6475625,144.921,58.472125,145.0658125,554.832625,271.9051875,583.7885625,520.945875,260.2263125,818.9105,337.1184375,383.09825,-150.7265,315.1735625,307.972875,452.8425625,349.0599375
2.04064266248366,598.782375,669.5288125,703.3165625,455.362375,673.72275,444.001875,603.9495,787.032125,629.7035625,775.8104375,215.8930625,615.8286875,72.116125,374.98775,441.8786875,488.37,551.3026875,391.3640625,714.0115625,250.6903125,481.660125,766.339375,205.79225,226.8633125,104.333875,641.024875,502.1173125,351.8231875,-28.6411875,477.5281875,169.1935,191.1334375,466.0725,98.6631875,333.1144375,567.660375,339.5013125,214.957125,81.804375,380.8933125,874.29825,395.8430625,440.7921875,473.516875,136.197125,332.547625,193.131125,186.3071875,298.7785,450.822125,83.9316875,524.4066875,154.8370625,289.3354375,372.0920625,239.190375,-65.0288125,-10.391875,240.893125,156.4841875,233.701375,360.7003125,85.896125,23.5751875,324.2028125,265.7320625,-1.4145,97.3883125,8.3674375,543.6423125,81.4955625,45.763375,399.82625,318.82175,378.900875,353.8896875,155.2715625,382.960125,-4.2209375,292.22225,317.723375,267.27375,298.9693125,15.8488125,146.0026875,446.251625,330.0805625,206.6501875,84.558625,11.2116875,-99.2133125,197.976875,234.0966875,536.6880625,287.9665,415.1560625,103.9153125,251.4770625,-75.5520625,488.539,399.8456875,209.37575,50.943,120.7115625,199.426875,244.1115,170.503375,614.1548125,52.938375,198.1291875,332.7884375,-184.977125,324.40625,-216.3171875,113.6103125,2.756125,128.94075,499.2660625,233.5284375,553.6714375,505.0093125,207.0675625,754.783,263.6655,304.9144375,-182.5624375,253.303125,255.72875,396.5921875,278.9606875
2.0447151852057432,602.68525,692.21725,610.7621875,496.1489375,678.498625,465.354,616.6500625,815.912,601.91775,781.562125,205.5985,606.752,96.20875,351.6849375,426.6901875,491.93475,504.4154375,355.175875,649.7610625,207.5149375,424.4641875,753.249875,230.6809375,259.351,76.5124375,630.5638125,526.3070625,393.2210625,-54.5859375,475.430625,159.9190625,165.2426875,499.9474375,-8.2355625,289.070625,527.5184375,290.3774375,213.3666875,110.93375,310.6120625,771.00425,376.55625,395.029,402.502875,47.53125,278.888875,149.980625,113.63875,207.7158125,418.18025,57.4835625,492.9590625,155.82925,270.855,347.9730625,146.0640625,-69.6648125,-23.268375,248.306375,154.5488125,212.21875,339.25075,101.224,-37.6154375,342.501,224.0385,-47.7073125,2.9768125,-28.14375,458.3364375,40.9256875,46.9665625,318.4665,299.9014375,321.02425,394.6255625,141.912625,304.7996875,-4.29475,248.373375,228.2854375,200.614125,259.5161875,-34.4606875,136.85,452.3643125,291.758625,149.908,29.3271875,-26.7804375,-98.6891875,270.663375,246.275125,451.414375,232.086,385.278125,104.2713125,208.3525625,-161.66125,425.6471875,423.75025,207.2025,74.007125,70.595625,132.0096875,253.7721875,155.768875,640.5108125,-16.03125,157.3130625,329.4118125,-205.179125,347.381625,-267.5835,90.791875,-33.4145,103.231875,444.6599375,178.895875,540.2756875,486.20025,155.7200625,704.3205,220.2153125,220.3498125,-190.9941875,191.002,218.67825,335.240375,211.7814375
2.0487877079278123,593.7956875,696.8765625,526.33675,547.85875,659.7036875,484.2870625,613.61775,848.4125625,579.153,772.511625,220.850125,582.0796875,142.201625,335.577625,423.3115625,474.2640625,469.64925,312.4245625,581.5065625,169.117125,368.7199375,742.5991875,277.008625,309.8433125,59.642875,588.1429375,529.230875,425.404,-75.0726875,476.108,157.3474375,170.5981875,538.65825,-100.473,257.694,501.1839375,248.914125,224.92675,123.9869375,260.17825,673.850125,358.984,350.458875,333.972625,-3.900125,230.283,119.1498125,68.8960625,138.1504375,385.268,49.5478125,477.7458125,158.078,262.0686875,313.6636875,81.005875,-82.256375,-34.34575,249.6474375,155.5405625,195.6763125,348.764625,127.7154375,-66.214125,363.67125,177.2124375,-79.5566875,-70.398,-45.0605625,363.8781875,-24.3528125,50.1264375,237.1654375,287.096375,270.2536875,423.4423125,134.556625,227.896375,8.567,204.27925,151.009125,154.442,230.0423125,-81.79325,129.6275,468.37,237.2938125,83.292125,-31.6155625,-71.633,-97.8445625,362.8285625,256.5124375,376.1344375,191.2819375,375.341375,102.008875,175.413625,-230.4701875,342.136375,435.9274375,214.640125,101.4260625,25.248375,85.9316875,264.90475,144.8958125,649.4864375,-70.6226875,113.4326875,330.9750625,-226.2590625,374.657,-305.3338125,57.91325,-62.1503125,57.64825,396.859625,114.9046875,540.44725,470.0345625,104.521875,675.0920625,197.1438125,143.469625,-182.2285,135.08375,192.397375,279.1839375,153.2253125
2.0528602306498955,576.9240625,686.961625,467.4698125,592.71125,620.037,502.0725625,590.197625,900.612625,563.2418125,752.7956875,259.3311875,543.4295,194.202,322.2745,426.9903125,437.3535625,449.022125,261.063375,525.9388125,132.425375,318.0459375,726.7624375,327.094375,361.615875,64.329,513.5349375,512.2248125,447.187625,-96.5135625,474.9155625,165.76175,200.2810625,581.665875,-170.45775,239.0874375,496.082375,214.8255,225.8833125,100.78975,232.1248125,585.375875,344.6935625,297.92525,267.4,-21.7875625,194.69175,99.8015625,50.252375,105.602375,368.111625,62.9113125,476.196625,161.6616875,262.121625,263.2901875,56.486,-105.9161875,-45.6721875,232.8886875,149.298875,167.50575,366.7606875,145.7586875,-59.6501875,372.9994375,126.96325,-102.6159375,-112.7331875,-34.182625,275.004,-115.1890625,48.83375,160.0153125,278.5783125,221.052125,418.253875,136.539875,159.840125,30.4493125,167.363625,93.4855,126.7655625,211.0261875,-122.6056875,118.2791875,483.8021875,180.907375,17.27275,-85.9595,-119.001375,-96.9618125,459.1635625,249.77975,309.060875,166.7176875,381.9783125,94.9970625,141.2930625,-278.0348125,248.8439375,425.7800625,228.786375,120.549,-16.8506875,66.1354375,259.227375,132.792625,648.659875,-110.2803125,76.8564375,341.0053125,-253.768875,389.4071875,-320.099125,5.8375625,-100.3458125,-0.5294375,352.8149375,54.554875,542.823,455.5210625,52.725875,660.7896875,180.910375,74.7299375,-169.10775,86.1569375,168.2140625,234.5435625,109.9379375
2.056932753371979,559.5089375,675.914375,444.6998125,614.8026875,572.33025,514.5671875,557.1744375,973.86375,561.727625,724.090125,313.85275,495.9258125,236.5765625,301.2665625,428.8735,393.380625,435.66175,211.701625,495.27325,97.336375,272.5631875,698.21875,364.87575,394.1958125,92.4254375,424.2159375,484.0696875,455.982,-123.4798125,467.6116875,188.9549375,229.5285625,622.5050625,-219.951375,230.63425,503.68325,189.322625,201.7150625,37.781375,223.9420625,499.52675,329.7773125,235.5573125,203.680875,-17.18125,177.2490625,84.3363125,43.305125,111.0114375,368.244625,105.5103125,476.331,169.92125,263.46025,202.805,72.893,-131.8391875,-52.5045625,198.681875,134.321125,114.0163125,370.315375,153.53275,-29.83725,361.314875,78.6461875,-126.95275,-118.193625,-1.1776875,199.2765,-214.7495625,41.517125,94.6238125,275.5350625,172.07,376.373375,140.65725,99.8325,60.273625,136.467875,59.8099375,104.66325,199.2064375,-145.438375,101.105875,487.4764375,136.3169375,-39.4985,-129.770125,-159.4665625,-100.948625,543.1411875,222.629375,248.888625,153.7646875,399.388875,85.32525,101.233125,-304.1368125,157.7553125,394.745875,244.270125,121.198,-57.1460625,70.1571875,233.1095625,119.1150625,643.9169375,-141.5400625,54.5528125,350.775125,-286.9385,381.1363125,-307.346625,-57.911,-150.8820625,-62.0973125,307.1203125,6.567875,530.535375,436.4910625,-0.458875,655.8495,168.2615,9.2658125,-162.379,37.6188125,136.7104375,199.3821875,83.5983125
2.061005276094048,541.897625,671.2941875,456.3553125,604.1689375,533.566125,515.43,523.0323125,1053.827875,577.4975625,687.9963125,374.8479375,447.58125,262.8076875,263.3319375,422.88225,361.572875,421.8479375,177.6279375,495.1293125,68.4480625,232.4141875,655.5545625,384.2148125,397.3060625,131.9345,339.117125,455.5560625,449.0374375,-153.4901875,452.352625,226.85275,237.6181875,652.4330625,-255.7049375,226.870875,505.3745,177.1353125,157.4999375,-47.18,230.692625,415.13775,306.5864375,175.70125,143.7643125,4.273875,173.2049375,66.0186875,33.07325,136.130875,366.8835,177.20175,472.5865625,183.53475,261.3850625,143.800625,125.1628125,-149.33475,-48.73175,159.6845,116.7494375,28.53325,355.6274375,163.6031875,6.5385625,332.937,38.2941875,-160.3059375,-89.3148125,43.0386875,136.260625,-297.682125,30.66525,48.1083125,275.42925,124.66075,313.5194375,130.57875,42.119875,100.695875,102.506375,49.317875,82.556875,192.6695,-141.14975,83.7973125,475.1620625,104.680125,-80.3990625,-164.2881875,-183.2169375,-111.3915,597.6963125,184.069125,198.6536875,141.634125,419.728,73.860375,58.99725,-310.9028125,77.7090625,351.736625,255.1655625,98.995125,-94.9791875,92.543125,199.2375625,100.038125,635.3811875,-167.3530625,50.0024375,352.303,-321.802125,351.1536875,-266.585125,-118.4884375,-198.899,-123.06,260.5805,-29.0256875,494.2206875,403.853625,-54.94775,662.1878125,163.7619375,-52.331875,-159.810375,-12.9626875,92.9671875,169.8859375,70.66575
2.065077798816131,525.4331875,667.078,494.457875,561.2380625,516.4100625,501.764375,489.896875,1119.1905625,598.5974375,649.2655625,433.6775625,406.856875,272.081625,206.3764375,412.081625,356.32225,405.8343125,157.3735,519.69475,54.4279375,196.5086875,605.0406875,394.5064375,373.0204375,172.0814375,269.7455625,432.8458125,425.6856875,-177.8514375,427.5865,269.9484375,225.7886875,665.9504375,-280.6339375,221.612625,490.031125,177.2491875,112.0835,-130.42725,246.90125,339.0049375,270.6275625,130.7225,89.1863125,43.453875,173.963,46.73725,16.5359375,159.373,347.0488125,261.8753125,470.604125,198.5290625,255.6160625,92.2740625,203.7321875,-158.0870625,-31.88475,126.695,104.507625,-83.7518125,330.1010625,188.51225,45.7273125,299.3884375,8.74725,-202.072625,-38.789875,88.861375,80.7395625,-343.822625,14.6900625,21.1811875,273.3828125,76.72525,249.430375,97.052125,-16.0446875,148.22175,61.039,49.0674375,70.3533125,190.5379375,-114.929625,72.9758125,446.4796875,74.071875,-101.6955625,-190.79625,-189.9748125,-124.62225,607.8086875,144.8605,162.293125,122.063125,439.2105625,59.4725,20.1835625,-303.0825625,14.7440625,306.1589375,260.371375,58.61925,-131.9849375,128.4196875,171.431875,73.6110625,618.3468125,-181.369375,61.0233125,346.6699375,-351.2755,312.15125,-206.5503125,-164.49525,-229.6563125,-173.5706875,215.80725,-54.87975,440.454625,348.7011875,-110.7308125,676.656,164.6625625,-107.223375,-149.093625,-57.879875,43.5855625,142.510625,68.4095625
2.0691503215382,521.0241875,653.3101875,547.0996875,498.1181875,523.9310625,474.264125,461.7330625,1151.5314375,607.1460625,613.814125,483.806125,376.244625,262.2894375,137.9395625,403.21375,376.5394375,392.457,141.0804375,549.4981875,61.2238125,166.73225,555.939875,410.027,332.2713125,211.980375,220.5319375,414.525,390.5253125,-184.318375,395.5921875,303.8213125,212.0334375,656.791125,-290.1259375,211.785625,463.735875,183.435625,82.9106875,-198.8015625,264.907,274.9661875,222.118,103.99975,42.7709375,97.6234375,175.33225,34.5986875,3.8714375,175.2341875,312.88525,332.911125,472.2059375,208.626,246.13625,47.764125,295.52025,-169.4989375,-4.4435,102.646625,102.936125,-201.70175,299.4534375,230.3955,92.83975,268.0184375,-14.594,-245.364125,16.220875,128.8245,29.4770625,-352.0304375,-12.9605,7.8403125,265.2160625,22.2386875,192.601125,50.3721875,-71.4864375,191.00125,16.05775,39.1444375,80.414625,188.51125,-86.9145,70.5075,405.4716875,32.4156875,-105.1395,-210.05325,-188.4536875,-142.51225,570.1505625,109.374,140.76075,99.324625,459.348875,40.2999375,-13.6078125,-284.0006875,-30.1041875,265.4441875,258.014625,9.6440625,-169.9091875,171.7915,153.7781875,46.5449375,585.066,-170.069875,80.403125,340.088,-367.3303125,277.25725,-144.49475,-186.7866875,-241.8720625,-197.358,170.8996875,-72.5735,383.2060625,274.2366875,-167.834875,685.97075,162.767375,-156.4994375,-122.2723125,-89.324875,5.657,111.96075,74.1611875
2.0732228442602834,540.5046875,627.874625,597.5281875,429.5865,548.0320625,435.8274375,445.992875,1145.6539375,596.88775,583.4523125,522.4506875,352.47475,232.958375,72.4900625,399.15425,405.84875,389.0860625,122.732625,567.5714375,84.8235625,151.55,511.8875,433.22325,291.5098125,252.4465,189.0984375,392.2915,353.552,-162.9415,364.6828125,321.8618125,212.0599375,619.546625,-277.083,198.8354375,439.9600625,196.376875,75.91125,-248.5390625,272.57375,219.969625,167.4646875,93.0686875,7.2235625,156.2179375,175.5083125,37.8716875,8.3291875,191.405125,279.211375,370.91675,467.8133125,211.3228125,231.991625,12.298375,387.5148125,-195.62,28.81075,85.4374375,114.3036875,-297.3490625,266.64225,280.1568125,146.3489375,239.4346875,-35.3658125,-284.4851875,63.65475,160.977875,-13.371125,-340.079375,-53.373875,1.42375,249.4206875,-36.3739375,142.20225,11.009125,-119.2605625,222.2961875,-28.98875,13.3174375,113.8248125,174.7695625,-77.05825,76.1623125,362.9786875,-15.51125,-97.660375,-221.334375,-183.9290625,-174.3473125,496.1145625,80.43075,135.76125,82.5655,481.508875,15.4813125,-46.8273125,-256.4118125,-64.606625,232.606375,241.172625,-36.0980625,-205.882875,213.5234375,140.3505625,24.4178125,531.720125,-128.731375,99.7344375,339.818375,-364.1775,250.49075,-96.5870625,-175.233,-246.10925,-190.933875,124.4265,-85.141375,331.2714375,200.3060625,-219.476625,675.3331875,156.6171875,-200.220125,-80.34575,-108.3533125,-10.6190625,74.0321875,82.28925
2.0772953669823524,585.1381875,599.9961875,633.308375,364.653625,570.4931875,396.537625,449.415125,1112.8965,575.8265,553.4755,549.4435,333.7031875,192.853875,21.553625,398.8955,424.798,400.069125,101.008625,574.464,113.303625,156.004,469.3661875,454.06975,264.5808125,291.1664375,164.4928125,359.97275,324.6999375,-114.0811875,341.908,330.4465625,230.2624375,554.6884375,-237.5125625,187.3455625,425.741875,224.8269375,87.9731875,-280.4331875,260.728375,171.59075,116.3840625,92.37875,-11.6971875,205.728625,172.1658125,54.2475625,36.7150625,216.0059375,250.707625,378.1016875,447.3350625,212.1023125,214.7339375,-6.852125,466.763875,-232.7250625,67.7468125,67.134625,136.7879375,-355.6726875,233.314875,322.5644375,196.7314375,213.4079375,-48.3596875,-314.4894375,101.1468125,189.2598125,-37.6968125,-328.641625,-96.743375,0.101375,232.5299375,-85.9825,95.9350625,-8.0055,-156.83,248.4898125,-71.945875,-14.29175,166.2965,137.64325,-89.7951875,88.382625,325.6043125,-49.711125,-81.799,-223.0834375,-177.643125,-221.9403125,401.3005,63.172625,150.6305625,70.8863125,499.9811875,-12.4811875,-84.3734375,-223.0925,-100.6370625,205.55425,207.3120625,-66.78025,-235.9016875,243.092125,120.2601875,3.2994375,466.98425,-73.6125,110.3335,352.3079375,-339.2764375,230.847125,-71.0406875,-126.0975,-252.121,-170.4685,79.3398125,-97.9114375,289.6175,147.1438125,-251.001625,639.1274375,149.5729375,-230.8700625,-28.247375,-121.915625,-10.4199375,28.071,91.07925
2.0813678897044356,644.375375,585.7369375,655.0273125,309.318375,572.7105625,373.2384375,475.0641875,1068.7736875,554.111875,516.646375,562.911,322.6151875,160.361625,-12.674875,398.8269375,428.5305625,421.9304375,76.426125,575.1039375,138.19225,173.96475,428.34025,462.194,256.0455,327.8224375,134.4488125,321.2159375,306.3003125,-50.4618125,331.2534375,340.38225,262.363625,471.4195,-177.1956875,180.87875,420.31925,273.25,116.5265,-297.259,230.970375,133.8186875,74.7015625,96.0461875,-12.1273125,238.3185625,169.422375,72.591,85.7048125,250.3360625,221.28725,372.3346875,409.588,219.091375,197.3965,-1.02175,524.280125,-262.643125,114.0619375,42.0071875,164.473375,-381.8038125,198.228875,341.130625,231.395375,195.079375,-48.083875,-325.5266875,135.0204375,218.7014375,-36.57225,-326.0015625,-129.7515,5.8200625,226.1281875,-117.735875,51.705375,-4.8565625,-183.62275,279.7804375,-103.2315,-25.26925,233.946,79.004125,-115.3555625,102.04975,287.50075,-55.3630625,-52.83225,-215.343375,-173.9366875,-272.1735625,298.6023125,59.265625,184.7958125,59.075125,502.3691875,-38.5835,-124.4550625,-183.5804375,-142.988625,182.13875,166.9143125,-77.5355625,-261.596375,253.118125,84.5830625,-24.4889375,405.3798125,-30.3573125,109.2304375,379.833375,-296.6023125,221.27475,-68.9615,-53.6816875,-252.83625,-156.9166875,39.868375,-111.6453125,264.3405,120.8998125,-252.808375,583.5159375,142.5089375,-241.1493125,28.40575,-140.776625,-0.261375,-24.195125,104.82075
2.085440412426519,703.277375,595.83075,671.457125,272.836125,549.2339375,376.211375,521.792375,1021.6294375,536.028375,475.3795,562.1475625,321.39925,153.73675,-31.7880625,393.196125,431.679375,443.161375,49.9954375,563.85375,161.6491875,195.7511875,398.89625,457.4324375,262.3005625,362.303875,95.7568125,286.6414375,292.3045625,12.7328125,336.6476875,356.09675,301.9469375,388.2655,-114.085875,179.754375,421.6111875,330.954,162.681375,-298.459875,195.570875,113.822125,44.1123125,96.9213125,-7.0290625,255.10025,180.0679375,87.865,144.3535625,286.837375,188.2636875,369.6589375,360.1331875,236.306375,181.25275,32.412125,561.9559375,-270.5258125,159.284875,14.672375,192.4644375,-391.0779375,154.6548125,321.409125,240.9814375,193.17425,-38.756875,-307.521375,170.7698125,252.0224375,-13.0776875,-327.564375,-149.2295625,17.9185625,231.9798125,-132.3465,9.7749375,14.4216875,-202.0838125,316.510875,-109.103875,-12.4091875,304.3166875,14.9666875,-140.1441875,113.429,245.28075,-35.36475,-10.5829375,-200.61725,-177.555875,-311.3323125,201.6640625,65.997125,228.4010625,50.238625,478.1979375,-55.5595,-158.0505,-136.323375,-183.835375,162.560125,137.2635,-72.7205,-288.97325,243.9936875,30.4171875,-60.1705625,352.3256875,-9.3104375,102.3308125,418.7061875,-247.2645,222.96125,-87.3066875,14.669375,-231.138125,-159.9535625,6.20375,-117.6605625,255.9630625,119.27875,-228.6304375,521.2943125,134.5118125,-235.8826875,81.8855,-177.311625,21.10225,-84.9035625,126.5885
2.089512935148588,749.3229375,629.6541875,690.3000625,263.9031875,509.562375,402.4808125,585.7595625,975.375625,521.4955625,446.1186875,554.669875,325.7873125,176.9569375,-33.328,378.0830625,453.0295625,453.024125,28.4433125,537.5778125,190.8259375,215.7526875,391.283125,448.115625,275.243875,390.8045625,59.064125,266.9079375,278.470875,64.8571875,357.9630625,374.0176875,344.315625,324.3690625,-62.5931875,185.1524375,426.7358125,376.816375,224.412,-281.5004375,168.739625,115.329,21.6784375,85.2834375,-13.6004375,259.5968125,211.65875,102.653375,202.485625,316.69375,156.6595625,376.305125,309.2765625,262.6504375,167.568125,84.2545,586.81025,-253.8306875,185.6480625,-8.1120625,219.04675,-396.6909375,96.928,257.3061875,226.0531875,213.98325,-28.6041875,-264.8520625,204.6245625,286.8351875,21.326125,-326.702625,-168.586,27.02175,241.374125,-131.070875,-28.52725,35.014875,-217.971875,345.917125,-85.4024375,17.12225,358.9945625,-35.5118125,-154.5015625,121.84,211.1636875,-5.202625,36.3060625,-180.394,-182.8225,-337.6106875,127.3131875,80.0534375,267.06175,47.7616875,428.0493125,-53.2065,-174.3805,-83.3368125,-210.695125,145.5711875,128.40825,-56.9604375,-315.258,222.649125,-37.875875,-96.093875,300.938,0.148625,98.488,458.814125,-199.3526875,225.568375,-119.9436875,60.623125,-185.4278125,-180.0501875,-25.6039375,-105.6155,256.0621875,139.0056875,-190.2951875,464.5611875,127.303125,-228.159125,120.7173125,-230.72425,53.569375,-159.7898125,153.2771875
2.093585457870671,772.6335625,677.7975,715.421125,282.397375,470.05675,443.3863125,659.23825,933.662625,509.5795625,443.504875,556.116875,332.169375,216.247875,-18.243875,355.7099375,494.892,450.57125,23.3801875,508.2488125,227.659125,229.4354375,402.8701875,440.247125,287.3904375,408.0309375,45.6565625,265.220375,269.0945625,95.3118125,386.1264375,387.776,383.7211875,287.322875,-22.3619375,198.99125,424.219,398.1530625,290.062875,-252.9904375,154.840875,137.0005,-1.3151875,56.3976875,-34.6555,254.145625,257.3573125,119.0514375,252.7825,341.627,131.3245,394.2680625,267.4480625,292.9341875,157.1696875,139.633375,599.4665625,-219.1036875,181.583875,-25.0415,242.7175625,-401.6991875,29.814125,158.5848125,194.1754375,255.479,-18.861625,-218.9214375,225.8431875,314.212125,56.806,-322.233875,-205.2623125,22.2926875,250.110375,-115.211625,-62.7525,39.3284375,-235.376125,349.125625,-41.9783125,48.782125,390.4526875,-64.2674375,-155.9706875,122.8371875,200.365375,17.3670625,77.315,-151.3483125,-171.8464375,-356.9111875,87.947875,94.782,294.4494375,46.2703125,366.2715,-23.896625,-169.473625,-30.152125,-215.1943125,128.5534375,136.8566875,-27.8525625,-325.244375,195.5019375,-108.27975,-121.221,242.1434375,11.5223125,105.61425,483.7643125,-152.840875,216.232,-156.226125,86.142625,-135.378,-215.4015625,-58.6456875,-78.2539375,255.666625,175.3055625,-149.347375,417.733625,124.261,-227.404,133.758,-282.367625,88.3200625,-246.5695625,173.4781875
2.0976579805927402,769.558625,723.2876875,745.1431875,318.0404375,446.08525,489.35675,732.2344375,895.6293125,500.7054375,466.415375,582.18625,346.895625,255.1938125,2.996875,331.954625,538.257,439.804625,43.15925,490.283625,263.5136875,232.3826875,419.494125,434.2378125,297.1629375,409.1614375,68.5085,275.352,272.09225,95.281375,409.8873125,392.099625,411.393125,273.975,13.0115,221.8256875,396.886875,397.1185625,344.31475,-228.99725,149.1305,173.3429375,-30.992375,15.4465,-59.8511875,243.67125,302.4958125,138.9491875,288.577125,370.9896875,112.5039375,421.8111875,237.43525,320.304625,146.067625,188.0409375,597.249875,-176.009125,150.0011875,-37.440625,263.6998125,-398.684375,-36.1618125,50.82275,156.7085,305.445125,-7.982375,-190.412375,224.68275,325.838125,93.9763125,-318.4215,-260.0664375,5.0683125,261.880625,-94.9780625,-89.151625,24.983375,-252.1825625,312.45675,2.4398125,74.376875,406.8105,-75.3144375,-146.409625,108.7711875,213.4405625,22.6379375,105.8390625,-111.113625,-130.205,-380.1198125,82.100875,96.713875,315.591875,38.8446875,313.040625,32.380875,-151.2836875,17.1796875,-195.3924375,113.2669375,150.8270625,18.801,-307.717,165.459625,-164.552625,-127.9445625,174.7621875,24.4483125,125.000125,477.299625,-105.541875,196.8978125,-180.955375,102.1940625,-103.3666875,-260.843125,-92.7595,-52.363875,250.2984375,222.1578125,-111.1265625,372.69475,128.2884375,-237.4621875,119.5785,-311.2801875,115.87675,-333.106375,173.3110625
2.1017305033148235,749.40525,752.1240625,774.41325,355.3609375,444.686375,530.536875,796.4555,855.807875,495.9074375,500.5983125,638.29825,373.908875,289.2158125,24.779875,312.654125,563.932,420.821625,87.039125,487.7894375,282.0704375,228.870875,430.5711875,435.773875,307.1136875,393.7563125,116.7858125,288.35975,291.66625,66.5250625,428.5328125,384.98425,419.2574375,278.059375,46.08325,253.2281875,335.175625,379.394,382.0215625,-217.5650625,145.22825,217.2055,-65.7044375,-28.8186875,-78.0875,234.0446875,335.692,164.3994375,308.3331875,407.8318125,96.465875,449.3971875,216.73475,339.313125,124.88,225.9924375,587.6129375,-128.132875,104.6914375,-43.725375,284.8668125,-379.7796875,-93.589,-38.75975,125.713,347.7456875,-2.3444375,-179.90625,199.4604375,323.82675,141.981125,-315.4055625,-313.7305625,-11.6443125,279.2595,-85.51325,-99.88325,9.9544375,-260.7354375,237.947375,30.101375,97.31,417.6946875,-75.2576875,-125.293375,76.1340625,238.6253125,13.57025,120.2486875,-62.2180625,-60.319875,-419.6418125,95.675,75.6305625,334.9698125,25.705,282.4623125,107.1191875,-134.067625,55.167,-156.655625,106.949375,158.03025,76.9914375,-267.8911875,135.4675,-196.089125,-115.916625,106.1035,25.64975,143.386375,436.026,-54.8563125,179.81475,-182.044375,113.2110625,-100.910875,-313.19375,-127.869625,-36.7654375,236.4459375,271.6808125,-75.4578125,315.6873125,141.4764375,-259.9609375,93.6288125,-304.942125,135.9963125,-408.8403125,150.8745
2.1058030260368925,729.1935625,767.40025,800.315125,385.0279375,462.258625,560.053,845.5495,814.2015625,494.51425,528.978875,714.9571875,402.9221875,320.49425,54.616375,303.4213125,568.687125,392.4595,142.4360625,498.987125,273.5754375,234.5014375,436.55175,456.42275,317.7486875,369.353125,170.6815,294.9271875,323.52225,22.26925,451.67675,367.3085,406.2418125,293.819625,75.9383125,288.834875,243.437125,350.9154375,410.378,-209.3266875,138.3460625,263.2104375,-98.864875,-71.66925,-79.5329375,224.9111875,356.562125,193.2825,319.3219375,441.6664375,80.7240625,460.737875,202.2315,348.2815,86.0690625,256.29075,588.712125,-71.251875,62.7731875,-39.712125,306.087,-345.2475625,-138.167875,-96.392125,105.6781875,364.3509375,-11.3478125,-169.6680625,156.697375,319.1314375,204.436125,-304.7635625,-343.7274375,-13.0538125,298.43125,-94.24075,-90.6349375,10.190375,-254.3348125,144.619125,36.5633125,124.52,421.7811875,-69.4178125,-93.663125,29.4518125,264.6678125,-0.0766875,120.809625,-5.5798125,20.3818125,-480.3355625,110.966125,36.6225,349.737875,13.1733125,273.7186875,186.5911875,-125.5543125,85.4479375,-110.501375,114.6075625,150.3650625,133.5006875,-221.2540625,113.197,-205.946125,-88.558375,42.7576875,1.4920625,141.4298125,374.623375,1.5369375,169.379625,-157.467625,116.18075,-129.254125,-375.3495625,-165.3729375,-18.2810625,209.6766875,311.545125,-40.9503125,244.3898125,160.3965,-290.06025,80.153375,-260.868875,155.9813125,-471.6146875,118.2761875
2.1098755487589758,718.12,783.8195,821.1565625,407.1464375,493.536375,577.462875,875.9541875,777.33575,495.878875,539.892625,792.666375,419.973,349.9861875,99.9510625,306.69475,554.0564375,362.272875,189.5175625,521.3973125,247.0220625,260.7364375,437.918625,497.9840625,324.9695625,346.83425,224.5780625,286.16675,355.7623125,-16.1629375,489.75675,342.746875,381.529875,315.73425,100.903,318.7380625,137.347625,320.836,439.4939375,-193.0180625,129.882125,305.584125,-119.525125,-113.6749375,-54.0775,210.809125,373.923375,218.55925,332.71525,453.4175625,69.0221875,442.23775,190.624,347.35925,33.2998125,279.9540625,610.8570625,-7.81975,37.4599375,-27.6086875,318.772125,-300.5434375,-165.85075,-121.82325,93.23125,339.7961875,-38.2265,-142.506375,109.7835625,319.6169375,269.7665,-281.99575,-339.8706875,7.833125,309.6116875,-115.678375,-69.0479375,22.6826875,-233.88875,55.9035,30.2835625,155.8184375,410.7580625,-60.7805625,-61.330875,-24.3881875,284.065125,-9.720125,107.859875,60.9413125,89.52825,-554.3686875,117.61925,-6.449125,356.0014375,7.99425,272.5208125,259.617125,-122.728375,115.0859375,-74.225375,132.62525,129.2624375,185.5858125,-179.4491875,110.1154375,-207.536625,-48.7839375,-13.014875,-51.608125,111.436375,311.89625,60.1345625,162.455,-115.575375,108.3910625,-179.1734375,-444.797,-206.4609375,19.318875,167.0724375,328.155625,-7.6135625,176.5976875,177.7485,-312.2696875,94.5465,-184.939125,180.6519375,-520.80925,88.45475
2.113948071481059,710.6618125,809.379375,835.8968125,421.1144375,537.77,586.8269375,887.805125,747.3300625,500.77175,530.003125,851.822,419.6496875,380.6665625,156.15925,319.4696875,518.07325,347.0235,211.62275,549.6593125,224.579125,303.069,430.0826875,545.664875,321.2104375,333.7904375,283.49275,259.1783125,380.24125,-28.1535,549.2166875,318.43,358.890375,338.352,118.1875,332.324,36.974875,294.68,471.114375,-172.5453125,128.127,336.0531875,-115.79675,-155.4876875,3.5676875,189.80375,396.5851875,229.4905625,355.7839375,429.9829375,67.0348125,395.1849375,180.67075,334.411375,-17.99175,293.281875,645.5575625,47.3521875,35.5914375,-17.383125,311.27275,-250.72625,-176.8520625,-120.111,85.4985,276.7168125,-78.5106875,-96.192875,77.1859375,325.6739375,318.8579375,-253.1405,-306.1533125,44.8795625,302.0574375,-134.8829375,-54.58875,33.7890625,-207.2210625,-16.70525,20.2995625,181.5448125,378.4941875,-46.8656875,-40.7965,-80.3851875,292.1208125,-9.3698125,86.5645625,135.0084375,129.4200625,-623.0785,117.1113125,-45.6730625,347.45125,14.71625,264.6866875,322.629125,-119.0440625,155.214625,-63.4993125,153.9328125,105.6766875,240.895625,-145.346125,133.6148125,-211.863375,-5.17925,-57.2359375,-126.56375,62.8293125,256.408125,108.771125,160.805875,-71.3071875,90.0949375,-233.215375,-507.8051875,-248.3519375,72.8955,109.4123125,315.312125,19.6085,136.2705625,192.6244375,-308.6241875,132.0610625,-90.2609375,207.699875,-550.516625,65.9523125
2.118020594203128,697.6588125,835.8835,848.7708125,423.462,592.409625,590.819875,885.758375,718.9341875,509.5405625,505.1065,878.7523125,404.2925,421.718625,211.074,335.4081875,464.59375,359.5139375,203.90525,578.9615625,224.693875,347.5759375,413.9593125,579.72275,297.410875,335.3685,344.226125,219.6616875,399.2779375,-9.201625,630.16275,302.934125,347.6638125,359.988,126.9520625,325.3905625,-42.87975,269.3594375,494.58825,-160.60775,137.1113125,351.187125,-84.78275,-192.25125,90.1518125,165.6691875,423.4535,216.123625,384.9275625,375.2895625,75.1210625,333.439125,176.6141875,308.9186875,-51.1433125,297.3731875,677.4845625,82.6829375,57.420875,-16.1553125,280.5158125,-202.7326875,-178.0439375,-97.990625,82.2785,196.3809375,-120.79725,-43.4900625,69.1031875,333.9716875,337.8006875,-226.259625,-254.4793125,84.0084375,268.943625,-136.378625,-66.09175,33.4850625,-185.8815,-78.939125,8.8864375,186.5635,328.1065,-24.6706875,-35.2704375,-127.176875,287.8868125,2.8684375,67.651375,203.95475,133.56575,-665.646,112.2186875,-77.1645625,315.34125,31.54725,245.4098125,375.653875,-107.9844375,211.0931875,-79.193375,175.217625,93.9535,299.388125,-116.294375,180.4039375,-222.376625,27.8343125,-85.0789375,-211.7751875,14.5061875,208.119625,132.160875,169.485625,-38.5733125,64.1340625,-278.399625,-553.3719375,-283.2381875,127.9633125,43.1720625,278.2798125,33.64075,132.35575,212.121125,-274.609125,172.1715,4.8636875,232.8340625,-554.3166875,49.3821875
2.1220931169252113,678.9068125,845.6570625,865.72825,418.732,649.956,588.21475,879.1028125,687.5016875,521.2745625,476.652875,873.0149375,381.221875,482.2810625,257.5594375,346.472375,405.1729375,396.391375,173.961375,608.5284375,250.0556875,382.4388125,400.0446875,591.0428125,249.1311875,354.8515,395.0524375,178.939875,418.59175,25.059125,721.9853125,299.57725,348.8814375,382.5728125,129.8665,303.74225,-98.8625,243.1485,498.511,-164.359375,146.049,357.1108125,-33.100375,-215.902875,191.5320625,141.5890625,441.228375,176.765375,406.1905625,307.63575,89.961125,267.7076875,183.21975,278.05325,-60.452125,298.011875,696.086125,100.6375,97.326375,-19.2455,237.1580625,-163.44,-176.8434375,-65.2333125,83.752,119.2046875,-153.7001875,-2.0688125,78.9138125,335.272125,322.1723125,-204.998625,-194.4954375,111.2746875,210.7601875,-113.0234375,-109.263375,22.25725,-178.4953125,-141.1795625,-5.9843125,158.179875,271.9928125,3.4119375,-36.538875,-146.9399375,272.108,22.3088125,57.8253125,251.2736875,107.964875,-667.3781875,101.6265625,-88.567875,260.1615625,48.5353125,215.1191875,415.5744375,-83.9245625,270.263,-107.5943125,193.85375,104.380375,347.3971875,-88.661375,238.153375,-238.53275,45.761375,-100.163125,-293.4385,-17.56725,164.4771875,122.21375,185.0124375,-22.810625,36.640125,-312.004375,-582.847125,-303.4960625,173.8089375,-25.074125,230.462875,33.3255625,155.95575,238.0925,-225.30775,195.8178125,87.9341875,254.6963125,-532.1395,38.2240625
2.1261656396472803,663.2785625,828.2815,884.514,425.719375,701.29325,579.020875,877.8838125,656.563,533.430125,455.546,849.3383125,362.23525,557.015375,294.5221875,344.94125,353.46075,439.30075,136.5191875,636.3905,285.3381875,405.1718125,400.5475,581.515375,184.0528125,388.94225,429.218875,145.8638125,436.7720625,51.7071875,805.11525,303.1445,357.75675,401.8128125,128.8856875,279.80625,-136.6209375,222.60225,485.33625,-184.1615,138.03825,364.6740625,33.456125,-219.6763125,284.0828125,116.9728125,439.380625,122.9509375,405.354375,249.289875,108.7603125,199.8668125,198.014,249.650625,-50.89175,295.2135625,694.4305,109.6328125,145.65575,-14.7230625,199.5719375,-129.811625,-175.9708125,-32.760625,90.2739375,53.766125,-173.9223125,19.9740625,92.2639375,316.94975,276.96175,-190.042,-130.3081875,115.3999375,138.5545,-70.598,-175.3206875,7.773875,-183.8903125,-203.887625,-25.6445625,97.5390625,223.897875,33.741,-33.4716875,-130.512125,245.6758125,41.3953125,56.0955,268.906875,65.4725625,-624.920625,89.443,-65.7113125,192.404625,56.54775,173.833375,435.611875,-47.1925625,308.9465,-137.6576875,204.9661875,134.442,371.432625,-63.73325,295.05625,-256.4505625,60.8291875,-116.495625,-355.9379375,-29.6365625,122.97875,84.8139375,191.947,-21.2999375,13.8841875,-334.912625,-603.5741875,-302.685375,202.8623125,-94.6133125,188.57625,24.1089375,189.7451875,261.017875,-182.5835625,197.266,160.2573125,273.2051875,-491.163125,35.2470625
2.1302381623693636,659.57175,790.757625,896.301625,465.1168125,736.2268125,567.130125,883.6395625,636.4779375,542.01725,447.7534375,825.9345,355.860625,624.552125,319.4845,326.86,322.078875,469.412,107.1930625,657.430625,308.1171875,422.17125,423.094,557.17675,119.1928125,424.9220625,447.809125,123.7265625,445.6955,55.1846875,862.7371875,305.0990625,367.082375,405.4046875,126.4605,262.5320625,-161.6949375,216.790375,470.2483125,-217.645,108.0076875,383.035375,108.384625,-200.8764375,347.3349375,87.0081875,420.99725,74.292125,376.8115,214.447875,123.57575,129.9071875,212.8846875,223.2320625,-29.58075,283.9841875,666.9283125,116.1259375,191.9865625,3.1155625,177.5338125,-93.7303125,-175.8124375,-4.3105625,103.4176875,5.4723125,-180.5914375,27.561625,100.8480625,273.4035625,212.4995,-182.5536875,-67.851125,91.56325,67.3825,-27.331875,-247.198625,-3.8615,-195.8813125,-257.840875,-48.42975,18.519125,191.8801875,62.965625,-20.6930625,-87.2076875,215.247625,57.9024375,58.86025,259.583625,21.0880625,-550.7216875,83.06675,-11.9156875,119.282375,54.4371875,124.346375,431.926,-4.6405625,310.185,-171.2471875,205.4775,171.30075,371.7713125,-47.999375,343.1031875,-268.924,90.7631875,-145.185625,-386.1650625,-30.389625,86.2885,36.456,172.7240625,-25.3125625,-2.4596875,-348.7938125,-620.1351875,-277.311625,212.65475,-162.567625,164.257375,11.271375,215.6565625,270.1795625,-158.4304375,180.8231875,227.5200625,289.7216875,-442.50575,42.076375
2.1343106850914326,672.3124375,750.40675,896.3961875,542.6075,749.582375,555.1164375,887.5948125,634.773,548.00825,452.6330625,812.6659375,359.5844375,666.165125,328.9998125,293.0785,317.9223125,481.8475,92.758125,669.1184375,306.046625,439.743125,466.364375,527.508625,68.093375,446.7330625,457.2615,112.7441875,448.3498125,33.1065,889.2355625,296.8893125,369.26875,386.5389375,131.4083125,253.1435,-172.9519375,230.3553125,466.333625,-256.69175,66.939,412.2765,177.6185625,-163.3769375,374.0716875,45.4213125,394.771,44.4186875,328.4508125,198.3679375,118.3735,61.5436875,220.3675625,194.9219375,-3.7215625,260.7376875,613.484125,127.728875,226.718125,29.81525,166.877,-55.9503125,-180.7871875,26.1520625,122.95525,-17.4586875,-167.31675,28.6988125,106.6134375,208.0000625,138.587375,-182.2260625,-18.4640625,44.05,5.2424375,-5.236625,-306.9795625,-12.024,-209.4551875,-292.4283125,-68.93125,-62.642875,170.4226875,81.8153125,-3.919625,-39.2891875,193.207125,74.336,60.2935625,231.6711875,-10.854875,-464.871,83.4535625,51.4353125,43.3414375,47.7150625,73.5666875,408.9845625,35.540625,273.4933125,-213.123875,195.034125,203.153625,359.0000625,-44.5744375,371.0698125,-268.3170625,140.0365625,-184.7835,-375.24775,-29.7213125,60.25625,-8.814,121.75675,-22.569,-12.7195,-357.1791875,-631.5219375,-228.6771875,208.9959375,-220.2049375,156.488625,-5.1206875,222.54275,261.0495,-153.9089375,149.2745,288.000375,307.5936875,-396.8133125,53.663625
2.138383207813516,700.8048125,720.809625,885.853,643.926875,747.095,542.391125,880.8123125,650.6018125,562.1753125,468.7270625,808.219875,366.023375,678.404875,323.592375,248.0320625,336.7306875,485.3588125,88.4998125,675.5304375,284.217625,457.5045625,515.4436875,503.2233125,34.9185,445.7340625,465.0379375,111.98875,462.5069375,-3.350125,888.2866875,276.08175,358.10175,354.323375,156.8716875,250.803625,-166.9376875,259.7365,473.42325,-283.36125,34.8609375,439.009125,227.3659375,-115.1960625,370.3684375,-7.5556875,370.8345,34.1199375,280.3693125,179.6354375,82.90225,2.29025,219.4255625,165.8195625,18.138375,222.595,541.72575,153.03675,240.4523125,57.0624375,161.4839375,-25.6320625,-195.29525,64.9583125,144.1384375,-15.313375,-133.188,29.6340625,114.4315,131.289375,64.51525,-185.4141875,4.8996875,-17.51,-47.0615625,-15.943125,-342.3543125,-20.3884375,-216.9394375,-301.9144375,-80.0081875,-132.2725,142.3928125,75.6073125,5.7169375,-6.400375,184.737625,88.11225,53.3705625,194.3745,-25.3193125,-378.667875,85.1159375,103.0073125,-22.792875,44.017375,25.4615625,372.7299375,66.471,213.645625,-256.873625,172.659,225.1710625,342.58675,-47.6123125,366.63525,-252.453,196.623125,-225.1269375,-324.9368125,-28.0465,43.106625,-46.676625,48.8704375,-6.366375,-16.19825,-360.7773125,-636.265375,-158.2909375,201.4226875,-264.7654375,154.9570625,-31.1854375,212.3735,235.054125,-165.4394375,99.8001875,333.6985,324.329875,-360.187125,60.9181875
2.142455730535599,735.0636875,706.1503125,867.7734375,744.769625,740.678375,530.6924375,858.722,682.3848125,593.440875,501.3151875,804.278375,372.71925,667.4280625,311.185375,199.2795625,362.242875,490.1509375,86.7885625,678.2126875,259.6403125,472.6621875,547.5805625,487.875125,22.9595625,425.2586875,473.7361875,120.3400625,500.5349375,-37.3589375,868.0624375,254.1169375,331.212875,326.2420625,206.111,253.625375,-146.2919375,292.431,483.3341875,-274.6048125,25.3215,446.32325,251.98625,-61.1773125,350.8619375,-64.101375,362.404375,35.2720625,252.76275,139.1414375,28.302125,-41.6940625,215.8385,142.586375,28.37975,170.5976875,459.95525,192.9915,228.7991875,78.7605625,156.3129375,-10.11675,-212.613625,111.085875,160.5248125,-3.776375,-94.0883125,38.013,125.75175,58.0548125,-3.14975,-189.599125,-6.0930625,-78.058875,-90.857375,-51.0219375,-350.010875,-34.6011875,-209.0101875,-287.11775,-74.6964375,-181.8380625,97.1964375,39.8649375,3.802875,3.415,184.023875,95.3330625,33.485375,156.3316875,-26.1318125,-291.234125,82.6680625,132.6865625,-58.40325,44.07825,-21.594125,325.6008125,84.503125,152.8633125,-287.042625,134.842875,240.517125,327.0065625,-48.0503125,331.808625,-227.2565625,248.6298125,-254.9075,-253.9805,-20.46625,24.564375,-77.8860625,-32.358125,15.287,-10.985625,-355.7675,-635.7696875,-69.8300625,196.862375,-304.094625,147.7544375,-72.144125,195.419,198.3194375,-187.1064375,31.18725,357.6416875,329.4551875,-332.0628125,58.8360625
2.146528253257668,760.7611875,701.185875,849.96525,826.2209375,738.3755,529.1344375,820.7059375,734.6570625,635.8281875,558.276875,794.475625,382.2141875,643.7620625,303.2590625,159.8381875,373.0735625,497.968,84.663,670.6300625,249.34075,486.5690625,547.7914375,476.699125,39.4930625,395.363875,480.6844375,137.1169375,558.34975,-59.19375,838.1704375,250.1601875,293.296,313.7230625,265.3966875,257.85825,-118.27225,314.2394375,487.8418125,-216.8203125,32.46975,430.8325,255.2201875,-0.7249375,330.7121875,-116.617125,377.5105625,36.2655,251.9730625,77.88425,-19.2721875,-67.7989375,213.3585,133.601625,25.615125,116.597625,373.059625,236.77475,198.0550625,93.6366875,142.46925,-9.5871875,-217.857375,157.0479375,163.7886875,-3.6461875,-70.810375,60.2774375,138.4419375,-3.534875,-61.528625,-194.1876875,-49.6968125,-117.915625,-127.7795,-87.4681875,-334.972125,-57.2234375,-183.9020625,-254.8779375,-47.2089375,-209.5585,39.723,-8.38275,-5.7826875,-7.367875,184.7230625,104.2049375,-3.76775,126.5511875,-12.698625,-204.12275,74.3006875,141.65825,-55.8483125,41.5533125,-66.0231875,275.52475,89.9930625,111.408,-292.2100625,80.85625,253.9473125,310.183625,-41.0205,284.824,-203.241625,291.7750625,-269.098625,-186.8348125,-8.2194375,-3.457,-105.536125,-119.254125,26.743875,7.8773125,-343.1439375,-629.1905625,23.67175,195.108,-348.8296875,128.1993125,-122.2106875,178.2530625,158.7364375,-210.2009375,-52.8783125,361.3398125,314.765,-309.6024375,48.304125
2.1506007759797514,771.9749375,695.9361875,843.2354375,879.4330625,739.7213125,550.4979375,772.808125,808.3455625,669.0595,641.6145625,782.2836875,396.442375,622.42875,304.0370625,147.2781875,354.6098125,502.429375,85.621625,647.2353125,260.5238125,501.950875,515.617375,467.4804375,86.170125,362.0871875,482.5014375,161.5760625,618.5554375,-65.5299375,803.7613125,273.1526875,255.1099375,317.56525,319.084125,264.657875,-88.023625,320.1383125,475.804375,-118.615375,42.4566875,401.9219375,249.095875,64.8838125,318.1839375,-162.0009375,408.5989375,31.7016875,267.2754375,12.6146875,-40.9171875,-76.3575625,203.7483125,142.98425,16.9738125,78.28875,284.19275,270.44025,162.7988125,106.4788125,114.534,-17.273875,-203.926375,197.1000625,144.190625,-26.8309375,-71.4260625,94.1274375,146.22175,-54.263875,-105.046625,-197.6218125,-115.4966875,-126.2366875,-158.356875,-103.892875,-309.1430625,-85.136625,-150.1015625,-217.9153125,2.5825,-216.214875,-21.41075,-45.6124375,-16.810125,-30.1713125,183.0836875,130.16525,-61.687875,112.682125,21.596125,-130.055375,59.6001875,144.1185,-28.3949375,31.9588125,-99.8019375,242.447,83.4611875,101.7936875,-271.0784375,16.994625,261.1679375,288.8749375,-28.1434375,240.6908125,-192.262,324.435625,-272.5830625,-138.386375,2.048,-42.6346875,-135.3076875,-217.338125,24.018,44.6894375,-332.544375,-613.270875,104.1705625,187.99025,-401.365,98.7465,-168.2895625,158.5111875,121.5268125,-225.852125,-147.3704375,359.4214375,279.4519375,-292.1868125,29.7546875
2.1546732987018204,774.1526875,686.2404375,849.5165,902.339875,741.82225,600.338875,730.158,889.7911875,675.510625,741.5965625,777.300875,415.765375,619.0049375,308.7303125,168.4609375,310.4314375,495.6076875,94.2974375,609.534,288.0968125,513.99975,461.7713125,466.85075,150.0195625,324.913,479.4631875,190.8295,656.66575,-53.7550625,764.383875,314.4259375,226.6956875,329.8529375,362.3835625,283.3764375,-55.3686875,313.9043125,439.575125,-5.617375,51.402625,367.80075,245.94675,126.834125,313.11975,-197.910625,437.16025,26.9936875,281.2195625,-41.809375,-35.6424375,-74.498375,172.4979375,167.3036875,10.09525,62.1253125,195.846875,286.0368125,137.628125,123.3311875,78.0760625,-23.5563125,-179.05525,232.412375,98.11425,-72.83075,-90.3369375,134.83075,142.889875,-94.1286875,-123.81625,-194.6855,-188.5965625,-109.076875,-180.4895625,-91.63425,-284.8616875,-113.02775,-118.5895,-193.2500625,64.72575,-202.6299375,-83.8751875,-63.2430625,-23.229875,-58.0794375,171.702125,179.7830625,-135.8333125,116.252875,74.1875,-76.2741875,39.6809375,160.2999375,4.2648125,14.3003125,-119.934125,246.1579375,63.8195,122.282125,-234.0385,-48.791625,249.2955625,268.8593125,-13.4559375,201.9708125,-200.0051875,342.512875,-274.002375,-108.767125,8.653125,-90.0358125,-171.7815,-323.99125,18.5005625,94.28925,-331.93975,-589.1574375,163.4195625,166.0476875,-450.0339375,67.7760625,-199.238875,132.4606875,86.1118125,-229.2515,-245.265625,372.7611875,227.35975,-277.8703125,1.67375
2.1587458214239037,778.17075,678.038125,859.3584375,897.8255625,746.3178125,670.2236875,710.674,953.5980625,660.211125,837.027625,783.1385625,441.532625,642.610375,310.7140625,208.0775,258.8620625,475.1743125,112.5431875,567.2768125,322.624,516.1996875,399.9111875,481.750125,208.9586875,285.0658125,474.7644375,218.9405,657.3759375,-21.229125,719.9848125,359.61075,214.1679375,340.594375,393.7916875,324.308,-14.680375,298.595375,387.8569375,98.16525,64.37075,331.978,250.4104375,173.5195,311.2264375,-218.2911875,451.0284375,32.08275,283.24275,-79.39525,-13.2125,-74.011375,115.3821875,198.6716875,2.996875,57.592125,111.128375,279.8195,131.6994375,141.321625,45.49,-23.6634375,-153.93925,266.9215,34.176875,-131.98,-115.06475,184.3506875,131.431375,-123.237375,-109.80375,-177.1121875,-251.66425,-80.4901875,-189.815,-55.1725,-266.6109375,-134.21625,-91.763875,-195.181375,122.60625,-173.75125,-146.29775,-67.798625,-23.5555,-88.8116875,142.2235,246.040125,-214.2408125,130.7140625,127.47425,-31.750875,17.08275,198.754625,31.5478125,-9.1211875,-135.678875,285.7729375,30.78925,158.5035625,-201.235375,-110.9299375,210.3854375,262.489,1.825875,165.4446875,-219.510125,336.37925,-276.9770625,-88.5088125,14.700375,-135.8040625,-211.630125,-421.0746875,22.7401875,140.407875,-341.497125,-563.84425,209.0469375,127.2328125,-478.7555625,43.65775,-206.84025,99.9434375,46.282,-218.659,-334.7068125,409.931375,162.9224375,-261.233625,-34.4164375
2.1628183441459727,791.699875,681.0393125,863.545,869.9040625,756.5615625,744.5940625,718.70475,976.268375,644.7899375,904.69575,789.9213125,476.5760625,689.568875,305.670375,244.873375,214.3359375,450.07925,138.29025,535.1078125,361.08625,512.8335,338.1311875,507.64675,245.864375,252.8635625,470.9635625,241.3805625,625.9433125,30.962125,672.7084375,398.9126875,220.007125,347.004625,410.8249375,393.5181875,37.7543125,272.963875,336.485625,184.3281875,86.786,297.613375,258.5334375,199.2065625,309.906125,-213.1960625,452.0691875,52.542375,277.14925,-98.777375,14.8686875,-77.8433125,42.7041875,230.452,-14.8083125,51.2384375,35.452875,248.6923125,147.7264375,150.3484375,26.11825,-20.1284375,-126.783625,304.802125,-32.6305625,-187.6460625,-132.0653125,241.935625,124.165125,-149.428,-63.4611875,-141.3308125,-291.45875,-52.5711875,-182.1684375,-2.444875,-254.6473125,-140.46675,-65.302875,-224.5433125,163.208875,-140.384375,-204.9976875,-66.1498125,-22.62075,-120.404125,96.0585,318.6614375,-284.27725,144.951125,163.351375,18.27,-3.954875,251.6856875,54.198875,-30.9655,-161.278,336.8180625,-10.4036875,194.5851875,-189.6901875,-163.8595,150.21075,274.7221875,16.018,128.869875,-238.793375,294.9043125,-278.7716875,-68.57075,21.991875,-170.190375,-244.3446875,-484.867,40.75575,166.2520625,-359.9635,-542.5683125,252.2555625,79.9574375,-478.2276875,30.4614375,-186.1715,62.66325,0.221375,-196.649625,-404.908,459.5653125,88.5108125,-237.785625,-75.4530625
2.166890866868056,811.4968125,701.9269375,860.2231875,825.161875,774.2871875,814.063,737.4654375,952.3015625,642.1428125,932.662375,782.700875,521.0063125,743.205875,294.1779375,272.9711875,182.99075,436.25625,167.96425,521.71725,407.06175,514.11375,284.6691875,530.0346875,259.047875,243.6825625,471.7655,258.2700625,577.1116875,93.941625,624.0685,426.3616875,238.314125,355.7114375,417.607875,487.92375,96.528,237.4100625,293.6318125,255.17975,120.468875,265.407875,263.003375,206.1424375,310.376625,-175.5380625,445.9295625,84.441875,279.39725,-101.4713125,43.3895625,-78.973875,-31.38875,260.93975,-51.4280625,39.362,-21.0965625,194.0693125,179.942375,146.5640625,16.0385625,-16.7511875,-88.4233125,347.732625,-90.9250625,-224.31375,-133.2594375,295.438875,131.071125,-180.7423125,1.3855,-95.8860625,-306.3261875,-29.2934375,-158.910875,63.14625,-251.7134375,-124.197375,-36.6444375,-265.1004375,181.9803125,-115.8400625,-255.462625,-57.8116875,-23.069125,-148.4651875,40.228625,392.091375,-336.101125,153.083125,174.333625,74.471375,-13.71325,302.3998125,76.4565,-45.105875,-202.7718125,370.600875,-50.1523125,221.0986875,-201.5009375,-199.70125,82.37675,297.931125,25.6994375,90.941875,-250.3405625,216.937375,-275.0209375,-45.9790625,30.3640625,-196.966,-260.3506875,-503.8154375,68.929875,169.2408125,-388.6195625,-521.644625,296.5245625,40.096,-447.374875,29.0884375,-143.4713125,27.853125,-40.716125,-173.3801875,-454.615375,500.98275,8.1134375,-208.648125,-121.8006875
2.170963389590125,829.3030625,741.8756875,853.5756875,779.9271875,799.01125,876.43975,741.715375,893.9575,648.9309375,927.6113125,757.889375,566.919875,785.6535,282.71875,298.4893125,167.329375,440.995875,202.4793125,525.3866875,461.259375,521.420625,251.3513125,539.503125,260.7173125,268.346,483.01725,270.1593125,523.5769375,158.4770625,575.996375,437.799875,254.6355625,375.3111875,421.8250625,585.269625,151.508875,195.874625,263.811125,307.6845625,160.15775,229.0476875,261.95325,201.32225,311.972875,-109.785,433.4564375,120.1750625,306.011875,-95.683,78.891,-74.7623125,-96.1269375,290.3229375,-100.3030625,24.062375,-49.434375,129.311625,217.574875,134.923,1.845625,-15.5015625,-37.30275,389.794625,-130.8520625,-234.77,-118.380125,332.1131875,150.33425,-211.681125,62.931,-57.7046875,-305.480625,-3.57525,-132.271,137.1048125,-255.9131875,-82.9716875,-5.46975,-295.560125,183.040625,-106.41675,-290.573625,-41.9706875,-23.6920625,-167.0000625,-22.131,459.003375,-360.4989375,163.284125,161.3016875,124.581375,-0.3634375,332.382625,96.778875,-54.42275,-253.1529375,373.8915,-80.9936875,233.7748125,-225.0535625,-208.3493125,20.6104375,317.3134375,31.0736875,45.4000625,-252.1004375,117.8298125,-265.5346875,-21.4700625,38.383,-225.2216875,-253.955875,-487.6293125,101.0445625,160.6728125,-424.191875,-494.24425,339.417375,20.853125,-394.5471875,40.8489375,-99.776375,11.4841875,-62.2178125,-163.102,-491.6985625,517.7659375,-70.9511875,-181.8358125,-175.019625
2.1750359123122083,843.0951875,794.5964375,852.76075,756.440375,824.8700625,928.447,718.403,818.936875,657.0690625,907.577375,721.5039375,601.57925,808.8789375,277.7381875,328.046625,161.2815,457.083,245.247625,539.682375,519.0048125,525.7153125,241.357875,540.5275,265.10975,327.0570625,505.441875,274.82475,477.56575,222.440875,533.34075,431.32925,259.0380625,406.309,427.557375,650.71725,197.1190625,152.5079375,251.2139375,329.47375,196.5973125,181.5386875,264.3623125,189.583,305.760625,-30.8065625,415.0299375,153.226875,353.6719375,-94.6744375,130.5991875,-68.642,-146.9618125,315.37075,-141.4035,8.62225,-53.1229375,74.9661875,252.631125,118.3839375,-21.4444375,-15.226375,19.0499375,420.10825,-143.3585625,-215.8013125,-91.2005625,351.7551875,171.9701875,-228.34675,105.3894375,-38.4695,-301.699875,29.4711875,-121.7143125,207.00525,-254.7600625,-28.562875,25.5970625,-302.251625,176.3684375,-102.2170625,-302.4973125,-24.66125,-25.7544375,-172.7104375,-84.4390625,506.056625,-348.7646875,190.792,130.512875,157.8498125,39.4405,330.448125,107.7349375,-66.892875,-297.620125,350.8358125,-99.3411875,228.0550625,-243.9903125,-184.64675,-24.2455625,320.6896875,37.547625,-12.8148125,-243.15875,22.5419375,-253.628,2.9266875,43.066,-250.6001875,-226.064625,-459.8434375,131.511875,149.8945625,-451.7700625,-459.60975,375.11925,20.6469375,-337.5425625,66.79475,-78.056875,28.35075,-62.074625,-174.999125,-525.2395,504.8835,-141.442125,-166.175,-231.8765
2.1791084350342915,858.8295,848.91175,867.60525,769.10025,845.21575,966.851,675.5185,748.3066875,658.41125,887.919375,677.6095625,617.426125,812.5885625,279.275125,367.269875,151.5969375,475.802375,292.8224375,555.547375,580.22675,521.1425625,246.16375,542.6619375,278.9764375,407.4529375,531.5038125,271.860125,448.8046875,285.939375,502.279,406.606,253.9375625,439.213625,436.4848125,665.2930625,233.8364375,110.8320625,253.9174375,313.7558125,226.2993125,126.74425,284.6584375,169.225625,283.7671875,47.1889375,397.34525,173.8273125,396.8510625,-108.5440625,200.337875,-61.1655625,-185.4793125,332.4635,-160.7635625,-2.853625,-44.9278125,43.3984375,279.17125,94.12475,-41.929,-8.3723125,73.467375,432.27575,-127.90525,-167.628125,-59.7275,360.0448125,189.517875,-223.7634375,124.9725625,-34.8050625,-300.984125,60.289625,-138.240625,258.6881875,-238.589,14.021625,48.341875,-279.0930625,169.06175,-83.1228125,-289.97575,-17.0481875,-31.51675,-167.2515625,-132.7575,523.7041875,-298.9895,239.91575,93.2374375,171.055375,91.3371875,297.7595625,102.9878125,-89.798875,-322.4925,312.965625,-105.0800625,202.4783125,-245.34375,-138.7954375,-45.6695,311.145625,53.2011875,-76.6218125,-217.09875,-46.967375,-243.0781875,22.2533125,39.70475,-259.9104375,-187.598625,-443.2881875,156.3875625,134.9763125,-452.256875,-422.264375,394.5938125,26.8139375,-294.523125,104.1045,-87.893,77.795625,-51.743875,-206.3043125,-556.611625,469.388375,-197.3816875,-163.0244375,-280.95675
2.1831809577563606,887.0816875,897.222375,898.0853125,816.0095,860.126625,992.9146875,633.14175,704.231,642.4361875,871.4301875,631.1555625,619.123625,796.6325,283.487875,421.5063125,134.88775,496.0075,334.7014375,561.2115,650.1838125,513.850875,257.78775,549.604375,302.7818125,492.802125,550.6285,267.458,432.7735625,344.351625,485.4984375,366.2393125,245.7116875,463.9498125,449.8265625,639.2958125,263.1874375,73.9395625,265.095,270.576375,252.2500625,79.1693125,329.0441875,136.871875,253.10825,117.1335,390.894875,171.819625,409.722,-138.4421875,284.228125,-48.4610625,-211.239,343.5965625,-159.9246875,-9.0036875,-32.3174375,32.7705,289.515375,58.2289375,-46.3156875,10.736,120.7906875,427.782,-91.783875,-99.8588125,-35.273375,354.9790625,209.889375,-201.8055,125.015125,-32.0889375,-295.71725,76.0913125,-174.2225625,291.35775,-212.1826875,26.2329375,55.8605,-229.4120625,159.4003125,-36.0524375,-262.3101875,-23.8,-38.89325,-152.1418125,-156.7698125,514.9574375,-222.0648125,296.245625,58.775125,162.9589375,130.5140625,246.5005625,81.99725,-127.6416875,-319.46975,271.1601875,-101.4584375,162.080875,-226.8076875,-92.3380625,-38.9541875,304.3730625,83.6383125,-129.9928125,-163.634125,-79.23525,-240.0369375,27.8696875,24.7731875,-247.1175625,-152.43925,-450.0611875,177.6393125,111.8659375,-419.2745,-385.5233125,392.4078125,31.1136875,-272.0923125,143.015,-125.4125,138.2021875,-44.8649375,-247.7456875,-579.344375,422.4954375,-233.7899375,-169.2516875,-308.3115
2.187253480478444,934.05575,939.09775,934.0505,883.6596875,875.2045625,1009.3245625,608.911,696.3515625,603.390875,854.2561875,595.008125,618.9619375,764.064125,290.9329375,493.528625,122.6529375,517.3733125,363.8985625,546.992375,722.541375,515.909375,274.0279375,559.0618125,334.446375,569.217375,552.3026875,270.4709375,411.1555625,390.3545,474.383625,321.218125,238.3985625,480.6386875,468.3595625,594.2055625,286.1805625,43.3835625,277.08475,217.0754375,275.637125,51.7463125,390.751,93.8103125,229.088875,173.19075,400.356625,148.6875,388.1580625,-173.5276875,372.9448125,-26.683375,-218.2508125,356.5263125,-145.922125,-10.955125,-12.8065,31.1145625,274.344,12.7078125,-36.9299375,37.3361875,151.666125,412.5658125,-42.946875,-29.5734375,-25.630625,331.9801875,245.9400625,-173.0478125,110.23725,-15.449625,-273.2763125,76.1918125,-213.1655625,319.0974375,-184.131,8.2331875,52.1014375,-168.2191875,140.7896875,36.234125,-233.57925,-34.967,-42.107625,-125.3594375,-161.6605625,492.6826875,-136.4619375,340.1943125,27.12425,133.146125,142.249875,193.35725,50.1216875,-179.3983125,-284.610875,234.792,-93.016875,113.638,-197.8245,-58.9771875,-3.6578125,308.937625,126.8764375,-160.0626875,-81.070875,-77.1426875,-247.7288125,13.7814375,1.24625,-216.8125,-127.98275,-475.94575,206.2786875,84.449625,-364.8599375,-350.0743125,372.5331875,33.530375,-261.6485,169.35775,-178.7611875,180.245375,-45.02075,-290.615875,-588.38875,368.8101875,-252.151375,-184.2476875,-309.13425
2.191326003200513,993.5181875,977.4789375,963.618,959.1188125,894.3009375,1019.40125,610.216125,718.4428125,552.07325,841.961375,582.5819375,624.945625,725.89625,311.2994375,580.3305,125.304625,535.5331875,383.7599375,512.1464375,778.384125,533.4316875,293.1585625,570.130875,367.917625,624.783,530.851875,281.9866875,369.7075625,422.6643125,452.227125,288.4678125,235.7175625,497.56625,491.670125,542.0730625,302.167375,21.3065625,282.0725,166.1501875,293.323375,48.0475625,458.3445,47.83975,220.926375,206.1624375,418.316875,117.762,346.2775,-195.845,450.9565625,6.335,-202.065875,378.926875,-123.2305,-10.1083125,20.4521875,26.0103125,229.506125,-31.0099375,-23.016375,63.5724375,152.5601875,393.916875,10.771375,28.5863125,-31.07575,297.1476875,294.3633125,-147.621125,84.576625,20.923625,-230.881125,73.46525,-248.298625,350.750375,-155.3411875,-28.0621875,48.702375,-111.0726875,111.4276875,118.5239375,-214.647125,-35.7079375,-38.1711875,-88.4170625,-166.383875,471.1329375,-57.8809375,366.66125,-4.5505625,84.60975,128.5039375,148.1566875,13.8211875,-236.37275,-222.1364375,211.680875,-83.4508125,66.3314375,-171.2473125,-36.9446875,48.6224375,316.2111875,176.510125,-165.6155,13.5666875,-55.4179375,-257.52775,-15.5945,-25.916375,-182.918375,-115.743625,-505.073125,249.9315625,62.2215625,-305.4659375,-319.957875,347.6810625,35.0879375,-246.9043125,170.445375,-231.490875,191.28175,-48.5476875,-323.85075,-585.87475,306.6725625,-262.570625,-209.168875,-289.428125
2.195398525922596,1051.2443125,1017.401125,977.254125,1038.2998125,915.56325,1027.623875,635.3366875,754.0006875,512.2720625,845.5771875,596.9975,638.3655625,692.2149375,356.7619375,671.5288125,144.423375,547.9803125,406.456375,463.0050625,805.8350625,561.6938125,312.3349375,586.3978125,391.7770625,653.6309375,492.54875,290.8336875,308.94375,448.266125,414.5813125,278.25975,241.025,523.332875,516.6198125,483.221125,309.569125,11.933125,278.8609375,130.6500625,302.204375,63.3725625,522.4894375,11.0690625,231.4096875,210.175875,430.57875,91.5373125,300.5149375,-196.99325,499.8520625,52.3679375,-164.3353125,406.511125,-91.700375,-8.963875,71.8683125,17.2101875,164.6155625,-61.3975625,-7.0574375,90.4293125,116.1715,376.697,56.0284375,70.916125,-46.31975,266.1988125,333.3486875,-127.454875,51.6093125,69.94175,-178.309125,82.759875,-287.35875,376.28325,-120.898625,-70.11875,57.0830625,-63.7803125,76.405625,194.730625,-209.13475,-19.4700625,-31.2356875,-52.9568125,-187.3644375,457.326,2.8073125,382.8565,-33.9224375,24.568375,98.6803125,112.5914375,-20.95225,-286.40275,-146.589875,203.3853125,-72.3100625,34.6680625,-152.011375,-20.3504375,96.803,312.1131875,227.437625,-154.6360625,93.48725,-29.5804375,-256.5744375,-47.015125,-55.40075,-164.702875,-115.8223125,-524.2445,301.65825,51.2105625,-250.98275,-305.217125,333.7394375,34.272375,-218.67825,142.0771875,-269.6903125,175.76325,-52.9211875,-336.164375,-577.664125,236.635375,-275.6803125,-242.5145,-256.6611875
2.199471048644665,1095.682375,1064.0835,971.6539375,1121.3136875,934.656375,1035.31025,674.8325625,783.9046875,502.1298125,862.758125,633.784,660.763,665.38875,428.9583125,751.269625,175.141,554.813375,441.675,407.9474375,808.8914375,589.19125,331.3283125,610.715875,394.610625,659.7026875,452.1051875,283.4296875,240.98525,476.59425,374.3224375,289.2550625,256.96475,562.8530625,535.3711875,415.5075625,312.6311875,16.5149375,274.3614375,124.2930625,302.795375,87.3401875,574.09475,-7.4573125,256.8920625,188.557875,430.0335,73.2469375,261.9200625,-185.342125,504.9053125,110.32225,-109.6200625,421.583375,-50.4653125,-9.7050625,134.242125,9.3254375,101.0639375,-77.7224375,11.9,122.9343125,53.140625,358.6621875,77.6385625,105.19425,-67.4134375,252.9356875,349.978,-105.7729375,13.9705625,117.42975,-130.013375,104.2368125,-336.8435625,383.278625,-77.392375,-113.2403125,85.21525,-25.4224375,40.65825,259.680625,-211.183625,8.912125,-28.1915625,-34.4158125,-224.644375,448.3358125,39.9198125,391.8864375,-56.7115,-36.713375,61.59525,90.7319375,-44.245,-325.1560625,-75.5636875,204.958125,-55.3800625,28.879625,-135.82,-4.5411875,123.8123125,294.0189375,274.8386875,-138.25325,142.7208125,-8.6485625,-245.1120625,-71.3519375,-81.007,-174.34325,-125.6233125,-529.72575,347.700125,50.4753125,-207.2833125,-314.9646875,338.473125,27.3415,-182.8144375,92.95,-287.7826875,138.15375,-59.147125,-327.8946875,-564.38125,167.8136875,-295.3626875,-278.7428125,-213.814875
2.2035435713667484,1123.975875,1117.4055,952.1890625,1198.391,948.59725,1039.413625,714.887,802.470625,521.26825,880.6209375,688.3715625,693.8465625,646.4769375,514.6376875,808.2105,207.5824375,554.793375,484.582,356.237125,798.432625,605.5493125,355.481125,639.0590625,377.4696875,650.0199375,419.852875,260.1789375,181.5426875,512.7229375,344.8899375,314.859625,285.8666875,612.2450625,534.6871875,343.7835625,321.62,28.82675,272.6530625,149.246125,300.722125,106.94525,599.8276875,-5.6195625,285.325125,151.317625,420.4454375,59.96225,233.9243125,-176.94175,466.5509375,174.079375,-47.1125,408.9895,-7.0016875,-11.2358125,190.875625,-5.1616875,57.3290625,-87.1474375,31.879375,159.451375,-11.445625,330.8025625,72.426375,142.1513125,-96.6624375,263.1585625,352.4626875,-74.4044375,-26.9278125,150.104,-95.3983125,120.1658125,-389.035625,376.1590625,-26.33425,-159.12775,134.6919375,4.819,4.162125,314.496,-209.41975,36.8541875,-32.112875,-40.4194375,-262.9705625,438.864375,54.5653125,389.569125,-68.97125,-88.0191875,25.694125,92.7968125,-44.8431875,-355.1559375,-20.6131875,209.2555,-32.287,45.6923125,-118.4643125,12.2584375,121.738125,273.2705,314.6369375,-129.313375,165.08675,0.6456875,-234.3516875,-92.90625,-87.731375,-207.4354375,-137.9161875,-522.72925,378.329625,58.11975,-176.576375,-348.3774375,356.3076875,11.3370625,-152.37575,41.0073125,-286.28975,82.5883125,-74.4708125,-311.8274375,-539.3315625,114.9686875,-316.3156875,-311.69125,-161.936125
2.2076160940888316,1139.678375,1172.4185,929.3614375,1251.272,956.302875,1037.188,746.9048125,822.010375,555.820875,894.7503125,752.5725,732.326875,638.191875,590.3063125,842.585125,231.93,551.3983125,517.34575,314.3669375,780.8396875,607.4838125,390.7504375,662.2545625,353.6664375,629.8765,395.173875,237.4050625,139.5535,551.2434375,330.72575,347.72975,325.2275625,658.38375,501.933625,280.107875,342.9430625,37.2761875,272.5410625,190.526,305.617125,115.30975,586.9778125,18.592,301.29875,111.541875,407.555125,48.1685,216.464875,-184.985375,403.5475,234.2209375,6.512875,368.7964375,25.4675625,-10.38575,230.9184375,-39.1763125,36.737375,-99.502875,50.1595625,196.5231875,-57.156625,289.7063125,55.047625,183.91325,-136.5095,297.4395625,352.0275625,-32.78075,-69.86775,159.1701875,-74.3345625,110.6635,-430.028,366.495625,29.379625,-206.815,199.10625,26.631125,-34.3543125,355.228,-197.416875,49.3731875,-39.506625,-65.295,-282.49825,428.963,52.5245,372.222375,-66.184875,-124.5080625,-1.0308125,122.66,-21.2339375,-371.398625,17.750375,207.4781875,-10.771375,75.2885625,-101.100875,23.236875,85.01425,265.2310625,345.346,-138.252125,177.303375,-8.354375,-227.7986875,-120.1306875,-64.0285,-246.9365625,-147.681125,-504.36375,393.2671875,74.2313125,-153.1213125,-392.2610625,377.2538125,-11.8114375,-136.073625,4.6311875,-270.3196875,21.1971875,-107.9214375,-299.9984375,-502.5605,88.6463125,-327.648125,-337.62375,-103.86925
2.2116886168109007,1148.4623125,1225.6100625,915.4226875,1271.818875,957.7155,1026.8095625,771.4020625,855.56925,590.81025,912.6846875,808.422875,765.5333125,641.2783125,635.745,856.4865625,243.21325,555.736375,524.9414375,285.164875,754.0490625,597.913125,431.7775625,677.1425,335.0135,608.152875,370.8698125,229.53625,111.649375,580.8835,329.7145,379.666625,367.4735625,688.606375,434.742625,236.065875,375.1024375,32.2133125,275.857625,231.6039375,326.921,115.78,534.4505625,69.803625,298.253125,83.55275,391.7443125,37.038375,208.3100625,-211.415625,340.526125,283.2474375,36.667375,313.8744375,39.4695625,-1.9204375,253.4625,-94.022625,29.7885625,-122.92775,68.94525,232.2295625,-76.07175,250.6749375,48.447125,219.369,-181.9631875,353.014625,353.1455,9.04275,-113.4646875,141.5103125,-59.92425,66.74225,-452.58525,359.377125,86.23975,-251.047,271.0845,37.3458125,-72.968,375.8205625,-175.5615625,35.9131875,-42.630375,-92.154375,-273.515625,422.1934375,43.2908125,341.782125,-46.590875,-153.3726875,-16.0014375,163.37775,14.999375,-359.841,48.2155625,190.851375,1.615375,112.0979375,-86.229625,18.1035,13.5490625,278.6705625,366.1098125,-164.4634375,195.58375,-35.0754375,-217.568,-152.3935625,-12.7509375,-274.908625,-156.8635625,-472.200625,398.013125,97.0681875,-125.56275,-427.4831875,395.4865625,-32.3426875,-133.4425625,-4.329,-249.3684375,-33.1885,-156.661125,-296.1735625,-465.2281875,89.4923125,-322.4049375,-355.562,-45.7791875
2.215761139532984,1158.8061875,1280.6104375,921.4464375,1266.413375,955.8555625,1006.968625,789.5683125,904.9805,618.004625,941.9929375,838.4985625,784.622375,657.583375,648.007875,847.6861875,242.789125,576.512125,511.8738125,272.20975,711.3538125,586.360125,463.8133125,690.58425,325.932625,596.534,342.8290625,236.2375625,90.8160625,600.720625,335.364375,404.0520625,408.3240625,699.8479375,349.5258125,216.5393125,413.417125,11.767875,288.2335,265.729625,367.8155,114.423375,457.4268125,143.4671875,285.8019375,77.3825625,369.5188125,28.433125,204.3543125,-246.6289375,294.3078125,319.722625,41.9331875,258.541625,36.3619375,21.4158125,258.889875,-156.555875,24.004875,-155.3493125,91.352,258.936375,-66.9695625,236.4971875,66.1045,235.444125,-223.859375,422.1671875,358.4508125,37.5175,-152.22675,100.7328125,-42.5856875,-9.0283125,-457.242875,351.94725,137.809125,-285.2415625,345.916,30.4295,-107.3175625,377.5245625,-145.472375,-1.744625,-36.2033125,-104.005,-241.234375,420.5265625,37.678875,304.9090625,-13.5923125,-184.6969375,-21.271625,184.3295625,45.6216875,-309.9955,79.665875,154.8739375,7.980375,150.3551875,-74.987125,-1.165625,-74.845,312.1371875,376.675625,-194.002375,223.251,-67.4111875,-194.6578125,-179.9303125,50.502375,-280.577625,-169.565625,-421.0769375,393.79225,122.7424375,-85.4065625,-436.947,405.8398125,-36.78725,-135.45025,15.453,-232.2105625,-79.7505,-203.7269375,-299.900625,-432.50875,110.517375,-304.71575,-367.7194375,4.36325
2.219833662255053,1182.6934375,1343.8711875,952.022875,1247.110375,957.6393125,978.5918125,797.877,963.6005,637.563125,982.604,841.267625,784.852,690.390125,639.92325,820.314875,241.1826875,615.9048125,496.823875,281.415125,650.822875,588.9240625,480.56075,706.4373125,325.732875,598.1394375,314.3374375,248.1956875,82.0774375,623.37175,339.5651875,420.852,449.733,699.71125,277.4869375,220.2511875,454.017,-18.24225,311.500875,289.0025625,419.26025,116.710625,377.82475,219.277875,278.5730625,93.1885625,335.8001875,25.4600625,199.179375,-278.5395,271.750625,343.9910625,32.8126875,211.8484375,21.5695625,59.5728125,248.4129375,-208.8455625,12.17025,-184.6059375,111.01325,265.2216875,-36.7050625,253.63225,101.34125,230.45975,-254.9978125,491.6144375,370.20175,45.6931875,-173.995,52.333125,-17.67475,-101.967125,-448.0741875,337.7825,176.9906875,-303.251625,417.1836875,0.9980625,-132.2995,365.945,-110.0755625,-48.73175,-20.4686875,-97.4580625,-196.7661875,420.61725,40.4143125,266.0461875,26.27925,-217.3336875,-19.524375,167.301125,56.9121875,-225.39275,110.6345625,99.23275,17.4765625,175.0755,-72.066875,-15.808875,-147.1603125,358.4750625,379.7721875,-209.7005,251.097375,-88.1259375,-155.8196875,-191.851,107.7795,-262.060625,-186.988,-352.732875,377.6425,147.81225,-33.1171875,-411.1294375,400.6859375,-21.282625,-131.9099375,55.0738125,-221.238875,-124.9116875,-228.7695,-307.6086875,-399.88625,142.984875,-286.5651875,-381.0125,39.62075
2.223906184977136,1227.8833125,1412.752375,1005.313875,1225.40025,970.1865625,947.39975,794.3724375,1021.697375,655.4990625,1027.8620625,832.6705625,765.815125,735.6475,624.0123125,787.5645,253.077875,672.28,495.078125,317.452875,582.837375,615.477625,490.094,717.62475,333.1675625,607.0605625,293.1645,255.7888125,100.991,658.4420625,339.0265,435.69475,491.4715625,699.17375,243.894,243.5715,494.80775,-50.653875,338.7708125,298.5474375,464.0268125,128.2285625,308.997875,276.3356875,280.2375,120.6506875,288.51,32.2630625,191.828,-300.187375,272.507625,355.4465625,23.241375,176.7943125,3.1825625,102.2710625,228.443875,-237.65225,-5.3031875,-201.6444375,114.34625,244.9560625,-0.6179375,286.9201875,132.3566875,209.6065625,-273.1313125,545.2575,386.0495625,37.4246875,-169.0994375,21.9215625,7.6554375,-186.63575,-428.3416875,314.34775,202.7588125,-303.2179375,480.8035,-45.3554375,-143.120625,338.449,-73.886125,-87.834875,4.7921875,-81.0833125,-150.267375,413.12525,49.6405,221.5621875,64.8704375,-237.700375,-10.6824375,118.2109375,48.8900625,-122.5881875,129.239125,28.55975,32.3998125,170.572,-83.9023125,-7.0998125,-177.13725,409.4503125,380.38125,-203.0358125,269.88375,-86.777125,-104.111625,-186.0165625,151.450125,-223.416125,-204.5450625,-281.0163125,350.9698125,165.88575,19.0519375,-353.2215625,372.4985,4.258375,-123.5993125,97.5000625,-216.2304375,-168.574375,-217.252,-311.4470625,-370.4121875,181.4925,-276.3983125,-399.954625,54.216
2.2279787076992053,1291.7239375,1473.5611875,1073.2576875,1210.538375,999.4804375,923.012625,786.0926875,1071.957875,678.381625,1066.04025,834.7905625,733.916625,780.704125,604.4400625,763.1253125,282.003875,740.4976875,512.4985,380.9781875,526.524,660.4771875,503.13225,715.700125,349.5984375,617.1231875,287.318875,252.6228125,155.6566875,701.522625,337.653625,451.80175,527.0579375,703.3630625,251.26525,278.86775,535.748875,-84.8506875,357.2406875,299.6975,486.641125,149.4324375,254.561,312.81425,283.582,141.813125,240.8009375,53.15025,183.555,-306.4340625,286.6010625,353.9928125,26.330875,154.55225,-10.6111875,137.5319375,206.5805625,-240.6889375,-22.004,-210.8425625,95.2863125,195.6756875,27.6496875,315.8084375,142.299625,174.88975,-281.20775,571.6895625,397.33575,20.6395625,-138.923125,25.7386875,24.364875,-242.1535,-398.893375,284.9915,221.4578125,-290.18625,538.4488125,-90.56375,-140.14825,286.052625,-40.6850625,-112.135625,42.8280625,-62.134625,-111.8543125,391.4481875,60.1868125,164.9708125,93.4798125,-235.3641875,8.341,56.6544375,30.869375,-22.05975,129.398125,-46.1166875,44.1909375,137.28725,-107.92175,29.318875,-160.995125,457.86175,383.422625,-176.2965625,277.7723125,-62.7763125,-46.868625,-172.8209375,187.4134375,-171.0148125,-211.3078125,-222.097875,316.927875,169.5761875,49.45325,-279.3961875,317.7470625,27.867375,-123.3473125,121.96225,-216.8711875,-202.6063125,-168.009625,-304.78025,-356.1380625,222.1765,-272.961125,-419.59575,44.8869375
2.2320512304212885,1364.40125,1514.264875,1139.25725,1207.85425,1047.7861875,907.204625,788.344375,1113.156125,706.496375,1084.8921875,860.9655,702.5093125,812.014875,582.291125,756.114375,319.420125,811.9241875,545.1531875,462.6859375,497.8178125,711.4901875,526.1398125,703.3450625,374.2375,623.4266875,299.550625,239.8884375,240.6998125,737.8723125,341.1165,469.6955,548.73125,709.692,282.395375,314.54,575.4198125,-122.3196875,359.8275,304.200375,479.209375,172.7725,216.8205,344.0615,281.9435625,143.112125,219.1886875,89.4763125,175.824625,-289.297875,298.1119375,342.0915625,52.5849375,149.0694375,-19.22275,159.5435625,189.3711875,-226.372625,-30.248375,-225.2394375,64.158375,119.0939375,46.0758125,329.6535,134.16325,129.95775,-282.6709375,571.0040625,397.5944375,-3.304875,-92.6554375,56.61575,36.359375,-270.5815,-359.03975,254.54825,237.80325,-275.2648125,585.8945,-117.24525,-133.5368125,209.043,-9.5824375,-126.6256875,95.0275,-42.579375,-92.216875,360.36375,64.4253125,100.3606875,108.6749375,-214.2548125,41.6739375,7.301875,13.43075,60.7051875,119.171,-112.566875,42.360625,90.168375,-130.75475,83.387125,-112.4104375,498.6010625,395.38225,-136.9091875,279.4023125,-21.593375,7.6016875,-170.5313125,224.3899375,-112.4245,-196.393625,-178.6483125,274.0195625,158.925375,39.3556875,-210.8055,242.329875,44.0293125,-140.0183125,118.185875,-214.8818125,-217.1798125,-93.6678125,-285.5843125,-360.2651875,257.377625,-268.6626875,-432.11325,12.2190625
2.2361237531433718,1436.1168125,1535.519875,1187.8215625,1215.6919375,1106.9575625,888.2645,813.31075,1144.0705625,735.1800625,1084.6425625,909.0220625,687.052625,824.3036875,558.252,768.7998125,361.0474375,879.17125,584.7815625,541.49575,500.1636875,760.34475,566.778625,691.696625,403.3164375,621.6750625,322.6320625,224.599875,342.56775,751.7343125,352.798125,492.1655,553.0126875,711.1509375,316.43125,343.3065625,607.1056875,-156.32025,355.1344375,319.5031875,441.67325,188.599875,200.7185625,383.9750625,276.371125,127.5745,241.4729375,135.039,174.2023125,-243.247625,299.683875,323.5308125,103.4991875,158.833,-28.7689375,169.334875,184.908375,-204.5790625,-28.186,-254.12925,39.838875,27.78725,62.09225,330.2588125,120.5065625,87.103375,-274.87025,551.9065,388.8269375,-35.5365625,-39.345875,98.45475,55.8011875,-291.43875,-307.0563125,228.3356875,249.689125,-268.8633125,610.6804375,-124.5558125,-136.0064375,121.8524375,24.0981875,-139.9535625,158.692375,-21.4060625,-95.1428125,330.68275,54.22175,46.5735,118.74675,-183.6058125,91.7455,-6.2196875,3.032375,121.4784375,106.89075,-161.0400625,26.55775,40.9110625,-141.92625,136.721125,-48.3769375,527.782,424.70275,-90.6334375,280.6369375,25.6925625,51.9538125,-195.2518125,262.0385625,-55.5105625,-158.982125,-137.460125,218.6194375,136.80375,-12.907375,-162.6269375,163.073625,48.995125,-166.8121875,95.3826875,-198.8375625,-205.003625,-13.4826875,-254.1765,-370.63075,278.4673125,-255.2369375,-435.5589375,-41.3623125
2.240196275865441,1503.9299375,1545.5151875,1219.165625,1228.0498125,1160.97125,856.6091875,859.066625,1159.3185,761.6223125,1082.13475,964.5693125,696.781125,824.7786875,536.14775,794.70575,411.7875,943.3676875,626.68375,597.9124375,522.490625,804.14075,636.5204375,688.4265,437.8851875,613.9759375,344.9374375,209.021,442.8425,739.770625,374.7961875,521.153625,544.4471875,699.7866875,343.0916875,365.539125,624.99225,-174.8749375,360.298375,340.9903125,380.4493125,194.8271875,210.824625,431.5134375,272.5485625,107.64825,302.1969375,177.5246875,186.595125,-168.9988125,293.311375,299.869,167.428125,169.6780625,-43.0830625,170.941625,200.621625,-178.7160625,-18.541625,-294.5225625,34.6241875,-58.6189375,80.506125,328.3320625,108.845875,59.4886875,-248.5410625,522.5065625,376.257,-67.923375,13.064,141.7074375,83.8761875,-316.42175,-243.4614375,212.50475,252.460625,-273.7628125,607.7500625,-127.567375,-153.68225,44.04225,60.1643125,-157.535375,226.1455,2.0831875,-111.2199375,307.4545,26.796875,25.1793125,136.2043125,-144.6649375,153.8398125,25.5065625,-3.8589375,160.593875,92.589,-185.2996875,8.294125,-11.482625,-143.954375,172.1473125,19.3628125,541.154625,474.894,-42.6054375,278.8260625,64.1331875,78.52825,-248.0716875,291.264125,-4.3478125,-108.540875,-85.29,150.6105,102.4423125,-87.0701875,-137.8481875,100.3016875,37.3313125,-191.473375,70.157,-171.58525,-164.741625,55.5006875,-210.8168125,-372.678875,283.512375,-229.470375,-434.4828125,-106.779125
2.244268798587524,1568.4858125,1550.25375,1248.082875,1241.0121875,1203.2969375,816.6820625,912.9149375,1157.1620625,785.8444375,1096.4523125,1011.802875,730.9193125,825.575875,526.524375,823.3285625,477.3185625,1010.2405625,667.4916875,628.8548125,547.1918125,838.4775625,744.94825,694.8295,479.40325,614.249625,360.677875,191.5925,518.0716875,714.0679375,404.0745,551.41175,532.1776875,672.2594375,361.393125,387.0130625,631.65175,-168.76975,384.539125,355.7343125,307.55875,199.279625,240.3314375,473.281375,275.9795625,89.444125,381.014125,209.92275,215.7040625,-72.5391875,277.9169375,274.121375,229.1490625,166.903125,-57.6466875,173.5336875,232.4409375,-148.001875,-2.5455625,-334.0145,44.8940625,-123.767625,100.9163125,336.038625,98.8245625,50.044375,-196.5689375,490.57475,365.49075,-84.537875,54.6220625,177.7599375,108.2105,-339.07,-172.1344375,208.11375,247.534625,-286.3919375,584.848,-139.0341875,-183.6896875,-7.5485,96.112125,-178.82125,287.560125,22.047125,-128.354625,286.49925,-9.3393125,43.0646875,162.724875,-94.282375,216.7460625,91.214625,-19.275,173.5979375,74.600875,-184.973625,-1.819125,-71.178,-147.310375,179.1630625,87.9305,535.3276875,534.9001875,-2.53375,261.1504375,84.3711875,81.0058125,-311.4375,304.9405,44.3823125,-55.6311875,-22.036625,80.043,57.4099375,-152.9225,-131.1101875,66.8259375,9.3835625,-211.6418125,51.9054375,-152.6435625,-102.7278125,103.7068125,-157.872875,-362.7880625,276.0768125,-195.5505,-427.4438125,-163.880375
2.248341321309593,1625.955875,1552.6055,1289.7593125,1256.5885625,1245.333,779.8403125,961.1426875,1145.1733125,811.1996875,1134.2065625,1045.7099375,786.4803125,832.669,538.50725,849.8755625,558.71425,1078.23225,700.1105625,650.1730625,563.1638125,856.294125,888.9025,711.5886875,522.3936875,637.8263125,372.8275,177.9773125,548.3753125,690.4933125,430.1015,571.6819375,521.52375,631.2746875,369.7415625,418.0964375,633.8594375,-133.9399375,420.094375,356.284875,238.0824375,212.379375,268.1819375,498.92625,290.792875,71.628,459.0465,236.1920625,254.1010625,30.9688125,250.290375,251.1111875,282.713125,149.531125,-61.317,192.12625,260.6380625,-112.975375,14.6215,-358.60425,56.4998125,-163.2674375,123.8401875,359.1538125,85.5939375,50.751375,-123.5175,469.1000625,365.15775,-74.002,78.48975,196.707,117.9579375,-347.9686875,-98.830875,207.49775,245.5406875,-300.46,551.3855625,-156.6844375,-215.360875,-22.1708125,135.038375,-196.70275,338.4411875,25.505125,-147.0673125,257.7035,-43.170875,83.674625,185.637875,-40.705875,272.0920625,166.4421875,-52.465875,157.53225,53.041375,-164.344625,-5.6314375,-131.7230625,-156.492,155.5315625,161.949,511.9116875,579.05925,21.9458125,219.779625,88.42725,57.6540625,-359.5770625,301.901875,97.178375,-6.5305625,38.9385,25.2405625,8.886125,-191.0793125,-136.3991875,64.4851875,-23.4785,-231.2860625,44.813,-161.356375,-33.57725,128.28075,-104.743875,-346.4070625,256.923375,-160.49575,-401.3861875,-194.25125
2.2524138440316763,1671.116375,1553.134375,1350.09,1279.6546875,1300.87775,757.724125,997.415125,1138.1619375,846.46425,1187.498875,1073.449375,863.6730625,845.705125,571.969625,879.234875,654.4023125,1139.6985625,716.3265625,681.402,570.1409375,855.0023125,1041.2860625,742.51025,561.0661875,685.1890625,390.888,177.563625,535.8754375,677.4286875,442.7943125,569.3055625,511.266125,578.084625,365.4695625,465.4556875,633.6808125,-75.7903125,449.427375,347.4055,184.8155,242.528,277.915,508.4229375,316.1949375,54.188625,523.639125,260.2659375,288.174875,117.4671875,216.1778125,232.9365625,327.567,125.704125,-43.649875,234.7526875,266.1344375,-75.98975,20.225625,-355.7394375,61.0671875,-182.559,150.725375,395.148,68.8811875,52.46325,-44.239,469.4065,383.510125,-36.7079375,89.366125,191.5443125,111.343125,-339.467625,-32.1754375,203.949125,256.897375,-306.202375,511.4946875,-170.749875,-235.4165625,1.375125,179.9241875,-199.858125,380.136125,5.3665,-175.207375,210.6585625,-74.0205,119.9080625,188.373875,-3.8665625,319.4065,230.146,-100.950875,118.192375,27.8973125,-129.2551875,-12.1815625,-177.3930625,-165.549625,110.5903125,239.7396875,477.833875,581.7905625,35.2814375,164.63075,83.800125,12.5645625,-376.3245,281.9080625,156.9835,36.389625,75.8961875,2.34525,-35.4288125,-198.0409375,-146.3476875,88.536125,-45.213375,-248.402,51.0785,-199.0094375,22.7701875,130.979,-65.113875,-325.9651875,223.86225,-129.2779375,-348.654,-196.3030625
2.2564863667537454,1705.9076875,1552.4383125,1426.981125,1312.6185,1368.7415,759.21225,1027.4735,1151.3593125,900.6346875,1241.9686875,1102.6733125,956.5354375,862.723125,621.6755,919.4926875,761.6599375,1188.237375,715.359625,727.7625625,572.951375,835.3714375,1158.3245,792.028875,597.832125,743.210625,424.9296875,194.9825625,507.8583125,672.1806875,437.3053125,536.029375,499.24675,512.880625,347.064,521.4446875,627.681375,-6.9328125,464.1786875,337.826875,153.0935625,292.5038125,272.0693125,503.0356875,347.412875,44.310875,564.299625,276.8235625,310.663875,167.40225,188.1498125,222.5783125,359.117875,99.988375,-3.6824375,291.928125,246.6015625,-40.7011875,5.947,-319.8199375,60.2489375,-186.3235,176.96025,437.1004375,57.58375,56.5765625,25.138875,489.8461875,419.2485625,17.8319375,100.898,158.330375,91.811125,-317.9464375,15.2839375,204.9623125,278.1100625,-294.132625,467.3819375,-175.894125,-235.5793125,52.8385,225.6519375,-177.1650625,413.593,-27.554375,-211.3574375,140.695875,-104.929,137.1269375,162.6926875,5.3835625,358.1560625,277.4915625,-151.561125,67.94575,-4.8563125,-88.253125,-23.3731875,-197.8023125,-167.77,60.640625,305.02575,441.0325625,532.94025,47.292125,115.48475,74.232125,-43.136375,-363.1051875,246.600875,223.2448125,73.6758125,71.2336875,15.0940625,-69.80475,-176.461375,-152.36475,131.845375,-44.6825,-254.0771875,67.110375,-247.4601875,51.734125,115.6095,-48.1323125,-297.2070625,177.4230625,-102.08925,-279.1616875,-183.7355
2.2605588894758286,1743.190625,1555.585875,1517.85175,1353.2265625,1435.2945625,786.0678125,1060.8111875,1189.7234375,975.537375,1285.1873125,1134.7844375,1050.2744375,881.60675,681.0528125,971.9269375,872.1614375,1222.511,710.0439375,779.9408125,576.2994375,795.91375,1209.0791875,860.856375,639.5800625,800.0819375,477.094875,233.1904375,496.5099375,667.2065,415.684,476.8604375,486.85575,448.9040625,313.09475,565.192125,614.400625,62.715875,468.948625,333.7749375,142.0019375,354.5348125,263.729125,480.0775625,384.2995,53.3360625,573.8649375,279.1606875,323.7044375,174.942,171.547125,224.488625,372.8393125,73.4130625,46.9965,345.1410625,211.528625,-12.5769375,-21.29,-260.4151875,56.4838125,-172.6441875,191.686625,479.128125,61.883625,73.2718125,74.336375,515.6424375,457.0910625,74.304,127.84025,99.3913125,65.6874375,-290.0759375,35.0281875,224.2054375,291.2069375,-263.5465,419.1104375,-174.486875,-217.8384375,114.3085625,262.067375,-124.7021875,436.9096875,-54.9475625,-246.898,52.4231875,-131.2089375,139.9666875,113.9226875,-2.9535,382.2063125,316.65675,-185.31525,19.0105,-48.032875,-51.0941875,-33.940875,-196.848625,-161.5910625,18.2018125,342.6509375,406.19125,445.8925,61.5460625,87.2915625,57.8014375,-93.99525,-332.0065,204.41875,289.0446875,105.7285625,23.6885625,51.55625,-90.5529375,-131.4815,-152.679,188.8025,-17.1884375,-241.1128125,85.476125,-283.5915625,53.4985,88.8678125,-53.866125,-258.87175,125.675,-77.56275,-211.167375,-172.5091875
2.264631412197912,1802.0510625,1570.2341875,1622.972375,1396.1658125,1489.514875,833.995375,1099.5515,1243.08925,1064.526,1312.6025625,1168.7873125,1133.2553125,897.32175,743.846625,1028.8880625,973.367,1249.096875,718.28075,826.402625,586.2924375,735.3948125,1196.0020625,942.8034375,689.0915,851.42425,539.0939375,290.969,515.7144375,663.690125,387.57475,411.32075,476.2061875,410.9425625,265.9349375,576.880125,599.50675,130.603375,469.01,339.623125,148.92475,413.918,261.9768125,440.04125,433.2154375,86.7125625,551.5385625,267.6351875,330.6959375,145.92275,161.5995625,239.459375,373.0006875,50.14475,90.01875,381.4055,169.42375,3.7599375,-45.3296875,-195.232875,49.9228125,-137.132125,190.127,518.987625,82.2335625,105.8498125,102.050875,529.28275,476.148125,118.7761875,179.194125,24.479875,42.9266875,-259.835125,34.634125,261.294875,277.5955625,-224.7130625,363.0078125,-171.2008125,-191.8093125,167.15025,283.7304375,-51.4785,444.9388125,-66.45875,-277.329625,-38.42225,-142.653125,143.35075,57.6038125,-9.29975,387.32475,353.362375,-186.14525,-22.4929375,-92.26075,-20.7149375,-42.2556875,-184.03275,-145.2945,-11.1178125,355.1195,371.6450625,352.11375,74.8018125,83.8411875,34.5253125,-128.4450625,-297.5465,167.294,335.987,131.2175625,-53.449125,93.54175,-98.3784375,-73.5519375,-150.062375,256.5678125,34.9915,-210.9855625,100.3196875,-295.38,37.6725,61.109375,-76.4594375,-217.6785625,84.1443125,-59.405125,-157.3535,-169.4650625
2.268703934919981,1890.7721875,1601.109375,1741.0470625,1437.5016875,1534.8913125,899.076625,1140.5098125,1293.4964375,1155.1865625,1329.1743125,1204.0795625,1203.68875,900.8235625,806.5754375,1083.251125,1059.1679375,1275.8601875,747.716,863.174875,607.9705625,660.3723125,1148.356875,1025.8866875,743.226,893.9249375,596.78225,357.57375,554.3879375,669.1556875,362.7605,363.2849375,471.39825,409.1408125,216.7015625,554.33825,592.6803125,199.70825,465.5726875,354.7565625,172.543375,457.911,268.9836875,389.6104375,494.7549375,139.2109375,504.0679375,246.4466875,332.723375,94.4891875,152.8065625,266.702,369.8261875,35.5035625,113.5381875,394.736,124.8260625,9.2526875,-54.6848125,-131.6008125,40.577125,-78.4738125,181.046625,556.2861875,111.8761875,144.8595,115.4518125,522.6154375,468.55175,142.3946875,249.518625,-52.6495625,30.025,-228.9095,31.969,297.010375,234.7475625,-189.60025,297.6128125,-165.0830625,-166.5945625,196.6,292.9676875,26.24575,430.412125,-61.7216875,-299.7714375,-112.6794375,-132.8849375,159.813875,11.9589375,-1.45225,377.1336875,379.6368125,-150.3049375,-53.6704375,-122.8028125,5.7185,-48.249875,-161.2364375,-112.2451875,-29.136,355.028375,332.4524375,278.2045,79.930125,101.434125,11.651875,-145.410625,-268.5586875,141.343875,345.3390625,149.958,-139.8201875,127.6664375,-96.7765625,-19.472375,-143.4335,329.3758125,99.739375,-173.6290625,110.35075,-286.901,11.674,41.774375,-108.1511875,-183.283875,64.0285625,-51.4795,-119.0478125,-168.863625
2.272776457642064,1997.7073125,1649.958375,1863.9948125,1476.0916875,1586.7174375,981.194,1180.423875,1327.3475,1235.0475,1345.6484375,1238.9113125,1266.6339375,886.8988125,864.84775,1134.6744375,1133.111875,1302.7481875,790.2790625,891.3519375,638.7106875,586.3575625,1100.20225,1093.720375,793.6461875,921.458875,637.2363125,418.2148125,588.5120625,679.484375,345.81725,345.7295625,481.506375,430.317375,183.2489375,515.540125,599.3530625,272.977,458.5529375,368.3145625,211.409375,480.4100625,283.9815,334.3981875,553.5675625,197.2863125,448.5333125,217.5005625,330.9005,42.1565,143.9515,305.7164375,369.7996875,28.982,120.4409375,380.9486875,82.4468125,13.24575,-46.57375,-65.740125,29.871875,3.8859375,179.6395,590.4501875,144.8803125,180.9515,124.4454375,501.0454375,444.6949375,135.1599375,317.7516875,-118.1546875,23.43525,-195.0945625,40.5540625,310.0201875,179.6071875,-162.4201875,227.644375,-148.874875,-144.6425,194.9435625,295.8426875,94.6286875,391.800875,-45.2719375,-302.912125,-162.1535,-101.3361875,189.3548125,-10.311375,19.931625,354.656625,380.1978125,-88.18275,-66.5275,-135.9833125,27.389625,-48.109,-123.661375,-55.737625,-43.184,350.9139375,288.6485,231.041375,68.3014375,136.58,0.1520625,-151.161375,-241.2634375,121.008375,316.1621875,161.3630625,-215.8286875,147.04125,-86.7415625,16.2094375,-130.5218125,393.76875,161.741625,-137.8330625,119.365625,-272.780375,-16.563375,34.42175,-137.7934375,-161.474125,63.1893125,-45.8535,-93.6635625,-164.296
2.276848980364133,2105.5895,1717.857625,1975.82725,1515.1940625,1655.46425,1082.10775,1215.5945,1341.2449375,1299.6883125,1373.5109375,1272.8175625,1325.6879375,860.0618125,912.656375,1182.57775,1201.601125,1324.068125,828.614375,910.1725,668.89825,529.5250625,1070.213,1130.037125,829.129875,930.4671875,656.709625,461.3316875,603.152,679.0258125,338.348125,354.738625,516.77675,460.7541875,178.5730625,483.907875,615.1201875,346.288125,449.0535,363.95725,258.3591875,482.9955,303.9933125,276.3076875,588.965625,244.150125,407.649,183.384625,326.8255,8.9375625,139.618375,350.0399375,376.00225,25.2645,123.7543125,343.03375,50.1906875,26.197375,-24.7775625,2.405625,20.957625,109.59725,192.2571875,622.656,174.8595,212.3545,135.323375,476.2299375,417.754875,92.3399375,363.1724375,-158.746,16.2505,-149.3495,64.01325,298.256375,133.597,-140.706375,160.8325,-115.4566875,-119.9540625,166.840625,300.92875,145.9344375,339.5323125,-21.93875,-273.8634375,-192.8870625,-46.0586875,221.305,-9.8079375,46.3045,318.1978125,349.8550625,-17.96275,-52.32825,-140.9375,37.4135,-41.146875,-73.798875,22.1666875,-57.43125,345.228125,244.40525,204.2333125,37.70025,185.4840625,5.8148125,-149.357625,-208.102125,94.7483125,265.612375,160.6269375,-268.1133125,146.915125,-67.2594375,35.2888125,-114.02625,435.416375,209.57375,-104.949625,134.0359375,-267.0466875,-34.902,36.1271875,-156.033875,-150.6930625,72.1539375,-24.545875,-82.7810625,-155.6729375
2.2809215030862164,2203.809375,1801.6031875,2060.899,1562.9970625,1734.2149375,1199.05225,1245.4668125,1338.2646875,1352.970375,1415.6159375,1308.025,1375.133125,828.2900625,950.12325,1219.0644375,1269.0454375,1334.3630625,849.8134375,919.590625,688.6901875,500.2139375,1057.445625,1126.9786875,845.353375,924.13775,663.377375,480.509375,605.7988125,656.8030625,339.362875,380.650625,578.660875,495.57275,200.0711875,472.9079375,633.597875,410.0773125,437.21325,336.2766875,303.40725,474.5998125,323.2838125,217.1626875,592.885875,274.0344375,399.131625,153.235,320.006,-1.0815,150.9756875,387.16275,391.055375,23.1383125,135.8919375,295.805375,35.026625,49.592,4.578,64.460625,18.5863125,226.4615,210.8023125,657.7160625,197.1438125,238.8271875,150.5173125,456.765,392.5025625,23.3091875,382.98975,-160.4614375,7.5058125,-86.5694375,93.431625,280.9520625,108.9749375,-118.9166875,109.919,-59.966625,-84.1623125,124.325625,316.7213125,183.4128125,289.1534375,4.6545625,-216.2486875,-217.5615625,35.8190625,242.9629375,-2.9720625,71.696125,270.1696875,301.727375,42.8989375,-19.5451875,-147.6231875,30.804,-35.5675625,-27.190125,107.841625,-65.679125,337.658125,200.0635625,186.7395,-2.4546875,241.314375,24.969125,-137.1656875,-170.475,61.661875,211.8561875,139.4675,-291.3745,122.1560625,-38.9805625,54.1310625,-97.603375,446.8728125,236.117125,-72.5479375,158.259,-271.46,-36.210875,40.656,-162.348375,-145.7999375,82.043875,21.504,-89.6126875,-140.599125
2.2849940258082855,2286.916125,1889.829625,2120.003125,1627.28,1806.7024375,1315.5090625,1277.2771875,1324.7364375,1398.6699375,1461.5305,1344.2238125,1406.3861875,794.365125,983.2115,1234.3134375,1336.57125,1330.254,856.865875,927.39275,696.848875,501.0436875,1051.9975,1087.452625,850.874,911.3695,669.507375,477.2494375,617.8304375,615.1275625,343.993,416.227875,651.861375,524.8365,236.8043125,483.60925,654.2399375,460.443125,419.509375,300.3569375,343.699,467.349375,337.206,159.343125,571.72275,299.90325,423.8100625,139.6311875,309.2510625,5.426375,185.2934375,404.673,413.708,28.822875,159.6198125,257.8524375,36.518625,75.746375,37.219625,109.47925,27.554375,329.1206875,223.8279375,698.8073125,217.187,261.804375,171.3325,444.7015,367.302125,-58.00875,387.6028125,-120.28,-0.0398125,-20.291,111.41475,275.3559375,108.9769375,-93.101375,90.5351875,19.462625,-34.5889375,73.832875,346.8975625,220.61375,249.168375,32.2929375,-149.262375,-245.4171875,138.540375,245.65275,-10.8925625,98.7869375,218.14925,255.4549375,84.003,3.6114375,-156.25775,12.5949375,-41.89225,-0.541375,187.3704375,-55.729625,327.8758125,152.4719375,167.8223125,-38.0708125,296.747,52.6,-110.809375,-136.384125,35.613875,161.831125,91.778875,-287.4659375,72.9584375,-10.948,85.744875,-78.65325,426.306625,240.35175,-41.502875,186.84125,-272.50175,-22.99775,41.8769375,-159.581375,-143.189,86.771625,82.0964375,-110.402,-114.2771875
2.2890665485303687,2356.1101875,1966.5686875,2171.0313125,1711.5480625,1865.7186875,1408.0928125,1321.3423125,1311.1443125,1438.749,1498.4163125,1379.951375,1418.0161875,759.1511875,1014.475625,1230.2501875,1401.951625,1308.6855625,865.8858125,944.058625,704.403875,525.0756875,1046.0468125,1023.47075,859.7135625,901.739,680.8921875,461.565375,654.875125,568.3850625,347.242375,454.182625,712.2503125,535.6724375,280.966125,511.579375,680.0221875,497.9019375,397.11525,278.654625,380.947875,468.7135,343.326,101.2181875,537.3825625,338.0871875,460.245375,149.721875,297.720125,26.7711875,235.7668125,395.681625,441.4480625,47.991875,189.0705,239.5415625,47.1109375,95.2535,69.1759375,129.9728125,47.3045,399.324375,227.25525,742.256625,247.7311875,287.43675,197.680875,438.39975,340.256125,-139.8463125,383.8791875,-54.694125,-3.7866875,24.6150625,107.10825,277.01525,132.4978125,-66.39,105.83925,116.9615,25.29775,17.4053125,389.0125625,269.6678125,216.49,57.3005,-93.346,-274.2896875,249.0079375,231.5178125,-41.028,131.442875,169.9726875,220.5770625,102.1933125,-5.1228125,-161.0899375,-3.81875,-64.1205625,-0.5215625,254.70625,-23.81825,315.2158125,100.4540625,142.9555625,-61.13825,343.24925,87.0408125,-72.0075625,-111.438875,26.56775,115.0330625,24.4301875,-261.65825,9.3975,-1.5173125,129.646125,-51.437625,381.1684375,226.96725,-20.6275,208.689125,-251.8615625,-0.098875,34.3501875,-146.055,-140.4510625,84.2833125,142.594125,-129.3175,-74.6683125
2.2931390712524378,2420.8373125,2019.5505625,2233.1945625,1811.5170625,1920.9141875,1470.7905625,1378.5738125,1308.649625,1475.464375,1521.2038125,1416.38975,1408.4884375,734.12925,1040.3146875,1222.056625,1462.2455,1269.5615625,889.0025625,967.680375,727.378,558.27675,1036.26425,949.949625,882.9334375,897.4194375,694.7485625,445.0988125,716.570125,535.386625,348.828625,488.5845,745.6588125,528.7569375,329.159875,551.1819375,715.6521875,521.8686875,382.773875,281.789375,414.3920625,477.028875,338.85075,38.2596875,498.391625,392.540625,479.2089375,181.5345625,291.3494375,66.6945,287.138125,360.42525,474.8046875,80.25275,217.7783125,238.4845,59.023625,105.1046875,97.3168125,124.3413125,70.4965625,439.1005625,224.0931875,783.0928125,291.06325,322.2261875,222.817,437.1101875,312.2025,-206.460125,373.8831875,13.9926875,0.932875,35.2085625,86.6214375,272.863125,174.0816875,-42.8531875,139.7614375,219.20425,86.38075,-38.9790625,433.90675,331.434875,184.2033125,74.9781875,-60.900875,-292.9230625,352.600375,211.4336875,-83.12525,167.232625,131.7371875,192.49525,97.4214375,-41.2354375,-157.187125,-4.67775,-98.2143125,-25.6170625,307.5078125,19.7795,297.3560625,49.06775,115.4748125,-74.405625,372.7963125,123.7615625,-28.5190625,-95.89975,29.2409375,71.487375,-42.564375,-221.596125,-54.4193125,-23.864625,175.6154375,-17.6690625,331.7634375,198.90475,-20.2120625,217.2804375,-201.15275,29.279875,18.368625,-116.90275,-137.8495625,76.45875,194.92,-127.2279375,-22.43
2.297211593974521,2491.5819375,2047.88575,2315.0568125,1912.3593125,1986.91125,1523.2583125,1437.4379375,1322.945875,1509.9618125,1529.0918125,1456.7980625,1372.4835625,739.09975,1059.7055625,1224.1058125,1513.78275,1222.5274375,927.1994375,985.384375,772.621375,587.34,1021.271875,877.9545,926.1023125,891.791875,706.169125,435.7303125,792.775875,526.4498125,351.541,516.5759375,757.1275,517.951375,378.9661875,593.57325,760.2295,539.008375,388.0698125,304.94,443.3635,486.165125,323.118875,-26.4695625,456.209625,454.4531875,466.2458125,227.8358125,294.3643125,123.91675,327.8285625,301.8625,515.691375,127.05,241.7751875,245.777125,70.155625,111.0920625,123.6668125,100.1929375,88.3544375,462.5818125,224.3229375,819.497,331.0751875,367.0381875,232.1061875,439.2518125,287.7913125,-239.713375,362.5115625,71.9556875,18.279125,19.744625,67.586125,260.9815625,221.6005625,-21.3265,168.516125,312.607125,137.812875,-89.0883125,466.429,395.85125,148.9324375,85.3985,-53.5016875,-293.701125,433.1620625,193.3233125,-122.874,200.38125,105.3185,162.63875,71.9328125,-84.239,-139.4476875,16.4554375,-139.064875,-71.6440625,343.61,60.817875,270.6969375,7.16525,94.119875,-87.6434375,384.93175,153.4014375,8.5370625,-87.4955,32.2888125,33.7136875,-92.846625,-178.4368125,-105.3584375,-72.31575,212.1465,10.27075,301.3584375,154.6218125,-41.226125,213.5920625,-127.2684375,58.742125,3.0601875,-72.9064375,-141.833125,65.509375,232.859125,-92.819375,38.4218125
2.3012841166966043,2572.6855,2062.441625,2410.745625,1997.6170625,2062.9575,1593.3229375,1489.9345625,1350.3500625,1544.6215625,1521.38,1503.5326875,1317.8523125,783.4545,1078.3340625,1240.406875,1550.652625,1182.6926875,978.248,989.441,829.4140625,606.14475,1001.2685,815.5656875,984.5469375,881.355,713.328375,443.2188125,869.9030625,539.385625,357.33625,535.4434375,762.18325,517.0121875,426.876875,627.0593125,798.51925,560.7625625,406.623375,335.52175,466.7525,495.415875,302.249625,-80.1536875,410.533,509.1556875,427.681875,280.9803125,306.9645,187.6685625,358.132375,226.992,563.5375,194.873875,257.5721875,252.73875,85.1769375,121.546125,153.3391875,74.676875,98.82975,481.51375,240.52275,848.1668125,345.7656875,414.509125,215.639,440.287125,272.99575,-228.5048125,356.1295625,116.4418125,46.1556875,-3.8155,66.5765625,245.98175,259.971,-0.485375,177.7975,389.6608125,177.0718125,-130.8154375,472.465125,450.152,109.1375,93.0595,-63.726375,-281.0180625,480.5174375,178.14225,-150.47,226.7235,86.0281875,128.761375,34.5955,-116.8049375,-99.721,54.181125,-187.154875,-131.7786875,364.2048125,90.9281875,230.425,-22.214375,87.7578125,-106.012125,384.8843125,168.178875,28.65,-85.9058125,28.1054375,6.8200625,-127.3789375,-146.63225,-131.85825,-126.26775,235.365875,23.42425,303.8840625,96.3114375,-76.43,199.8740625,-45.1378125,76.2049375,-4.282,-26.238625,-161.96525,53.5260625,252.2510625,-24.5675625,101.347
2.3053566394186733,2662.2561875,2080.39875,2508.2911875,2063.452375,2132.811125,1696.9115,1541.600625,1384.1639375,1589.13475,1501.2836875,1552.893375,1270.6620625,861.874,1100.5079375,1266.890875,1569.9574375,1161.126,1039.2465625,982.257625,880.554375,614.374,982.07375,769.42,1043.4626875,874.6283125,716.9133125,478.6835,928.997,566.4891875,363.4355625,545.1948125,768.4809375,532.7868125,467.5595625,645.040125,810.8329375,589.3659375,419.6346875,361.6784375,477.779,512.861,286.659375,-110.1815625,367.385,539.044375,380.846875,334.276875,326.5544375,244.69375,386.5059375,152.8365,609.69075,281.8241875,262.8789375,254.0673125,110.3365625,139.7566875,190.6503125,66.3549375,108.49675,496.8923125,274.826125,860.73325,323.7830625,453.9636875,178.6646875,438.9095,273.725625,-169.651375,359.5000625,151.125625,80.49325,-19.5655,91.28825,230.228125,283.233875,20.097625,167.7038125,447.651625,210.9986875,-160.576875,446.8195,488.7405,66.7964375,102.276875,-79.929125,-264.66775,497.6786875,167.16975,-158.5504375,247.4923125,63.8389375,94.7401875,-2.151625,-131.4140625,-30.3865,96.0358125,-243.2365,-194.8625625,372.94425,109.059875,175.80825,-43.1615625,98.472625,-122.002,376.789875,167.4265,30.41325,-90.46825,14.9626875,-2.889,-160.565,-139.1933125,-131.084625,-164.7038125,251.4915625,26.7959375,337.4971875,32.4399375,-117.4166875,178.1705625,31.535125,70.221,-5.3511875,6.07575,-201.9029375,39.6341875,253.526,67.8125,159.1334375
2.3094291621407566,2757.4620625,2115.7468125,2603.3804375,2118.863625,2183.670125,1832.463625,1601.4090625,1426.7333125,1657.3455625,1480.9690625,1594.532,1257.2656875,963.999625,1126.759375,1297.2729375,1575.4921875,1165.5678125,1105.5879375,971.47925,921.724625,612.5196875,977.17225,743.1315,1086.9825,883.264,719.0975625,542.691875,953.038625,599.8955,363.44425,552.824625,768.9583125,565.1914375,493.1840625,650.604875,789.278875,618.2853125,413.080125,376.02575,470.0611875,549.0120625,286.124625,-109.3539375,336.818375,532.8764375,344.352125,383.20875,353.3668125,288.758125,420.79475,102.6460625,635.8843125,371.911875,256.68325,249.9999375,146.611625,163.224875,237.4144375,84.48825,123.764875,502.733375,315.79875,850.7059375,274.1460625,478.8279375,127.914875,440.2835,290.7306875,-67.181375,376.1576875,174.2980625,120.8539375,-14.770375,137.8704375,215.6015,301.037625,44.81675,144.395875,483.6341875,242.5118125,-171.97225,395.2245,513.6551875,30.927875,115.24575,-94.8154375,-250.218,492.4559375,167.31975,-143.2126875,267.849625,33.561625,65.5965,-28.500625,-128.6726875,65.5005625,133.27675,-301.6281875,-249.125875,372.3210625,115.09225,117.9055,-59.4846875,121.2681875,-123.9904375,363.029125,156.063,22.84025,-93.596625,-3.722875,6.5456875,-202.3424375,-157.537375,-113.1205,-174.3825625,266.9806875,26.847125,386.9305,-30.854625,-155.9603125,153.6896875,94.5425625,37.95475,-4.0971875,14.698125,-253.3945625,16.56975,236.393375,163.957,203.2805
2.3135016848628256,2856.5630625,2167.9425,2696.28,2176.728125,2216.20375,1984.420625,1668.7823125,1490.5501875,1755.619875,1479.607625,1618.099625,1289.086625,1078.2784375,1160.382875,1327.6879375,1573.706,1200.9998125,1174.80325,967.0158125,963.2836875,603.001375,1000.8073125,736.265,1103.690875,909.567625,724.6634375,621.627,944.56675,631.9041875,355.667,568.440375,754.9563125,608.1703125,500.3115625,648.1396875,740.8484375,638.90675,388.6918125,377.875375,446.67225,606.9065,307.122875,-77.6385625,322.296875,500.6318125,329.672875,427.668625,389.171875,322.61,464.6695625,89.7199375,625.1881875,447.605875,238.254875,243.766375,188.796125,189.1739375,292.7295625,124.509,146.9161875,495.467625,351.700875,824.6668125,222.1348125,488.6168125,60.553375,446.292,315.9919375,62.166125,406.5769375,173.907375,164.3928125,15.1314375,194.031,204.4850625,329.671125,80.669,113.1975,497.3458125,265.703625,-161.0923125,333.109,527.2203125,11.96225,131.0056875,-108.9606875,-239.2731875,468.841125,184.135875,-108.7445,291.633875,2.84375,41.796875,-34.8646875,-113.2246875,171.5506875,164.722125,-351.428125,-284.5533125,369.336625,103.5199375,72.9670625,-68.27975,147.604875,-109.4768125,346.394375,141.72925,14.066625,-83.874875,-26.278,27.70075,-245.25425,-189.3639375,-90.82075,-150.34325,282.048,15.9935,435.03225,-92.4885,-183.593625,132.4524375,141.004,-14.0000625,-2.7506875,4.9965625,-297.588875,-20.4189375,201.0615,244.1581875,224.63
2.317574207584909,2958.2520625,2224.2606875,2782.07475,2248.3964375,2238.4875,2131.2541875,1735.2619375,1585.2813125,1877.9704375,1513.9703125,1623.8989375,1359.4328125,1195.1314375,1206.9814375,1358.9334375,1568.8216875,1262.753,1247.7846875,978.4816875,1013.87425,594.4008125,1055.676,743.4705625,1089.7711875,941.6645,734.605625,699.913125,927.8346875,654.041875,348.0014375,599.6901875,727.5463125,653.9771875,498.3563125,637.0625,682.0920625,644.5250625,362.250375,373.269625,415.66475,672.8475,350.182375,-23.5511875,317.796375,464.475375,338.2439375,467.6780625,430.6783125,351.9875,513.400625,105.9855625,575.1323125,504.7460625,210.1988125,237.5900625,227.5875,217.2479375,351.49625,176.4518125,179.6715625,476.83725,382.29525,798.0185,190.40725,487.213375,-19.31525,448.019625,340.4694375,193.9453125,444.079125,141.7320625,203.127125,57.3966875,245.027375,197.4795625,375.0836875,129.6379375,78.4789375,493.8883125,276.6160625,-129.7376875,279.809,530.502875,14.6885625,145.0334375,-124.0099375,-233.7009375,430.1555625,210.797375,-66.53125,316.4870625,-17.8338125,17.8828125,-12.8448125,-91.0159375,265.009,192.2974375,-380.2805625,-291.7599375,377.274375,69.722,49.360625,-62.9136875,167.2058125,-83.8851875,330.251,131.463375,6.4555625,-57.0665,-57.505,47.45675,-273.1636875,-218.261625,-71.857375,-98.3326875,295.571,-17.80175,470.15475,-148.5725,-194.331,115.2511875,169.219125,-73.5734375,-4.787375,-8.65175,-313.5924375,-64.0531875,154.079625,298.2495625,217.796125
2.321646730306978,3061.8910625,2276.8036875,2857.618,2342.93375,2260.1535,2261.9356875,1796.8981875,1707.9875625,2008.02875,1593.17675,1624.663125,1449.5925625,1308.3573125,1274.441,1394.613,1561.911125,1338.3720625,1320.259875,1010.7874375,1068.7113125,600.5248125,1128.83375,761.1875625,1051.312875,958.1293125,741.6579375,770.2483125,924.0555,661.393875,351.29575,648.3509375,693.6528125,697.641125,504.9351875,621.154125,630.8941875,639.0640625,350.34825,370.4285,384.93125,717.7540625,410.20275,40.631375,314.1558125,437.8355,364.9471875,497.33375,470.7451875,379.4571875,551.4599375,131.6240625,498.868125,551.1733125,178.5476875,233.097625,255.0474375,247.246125,402.404875,233.5144375,223.0779375,449.8089375,413.84225,776.7745625,183.8694375,480.341,-86.1553125,433.8125,359.8259375,308.728125,475.2518125,87.4793125,235.466875,93.7214375,279.5340625,192.33125,425.9353125,184.5999375,45.1705625,477.36725,277.89675,-84.488125,250.1705625,526.8708125,36.2550625,151.9045625,-134.8515625,-236.60275,382.531875,234.14275,-24.3803125,334.664,-27.5065625,-12.3255,37.9833125,-65.163875,327.2984375,216.207,-379.1686875,-266.3073125,405.450625,20.5489375,47.3094375,-45.963,172.2115625,-49.8335,316.6896875,126.620875,-0.107125,-18.144875,-99.44175,57.5725,-282.4175,-232.0110625,-58.44275,-34.7826875,306.7941875,-66.7088125,486.702125,-189.0795,-186.521125,95.873,178.5346875,-123.9301875,-14.0873125,-16.512125,-293.9515625,-97.63475,100.154375,325.1951875,186.98275
2.325719253029061,3163.30025,2335.7170625,2931.3775,2463.5079375,2293.8238125,2383.13975,1864.473125,1851.3719375,2124.6643125,1717.522875,1633.557,1543.8305,1415.2950625,1374.26175,1437.7625,1557.48925,1418.4488125,1380.6411875,1062.5745625,1117.851625,637.1031875,1201.145125,798.0088125,1002.6588125,944.123,741.7154375,830.208375,932.254625,655.2915,371.314375,710.63475,662.7340625,735.8956875,533.427625,612.103125,599.365125,634.8468125,364.629625,378.6723125,366.931375,717.8709375,479.47575,106.343375,302.8630625,423.9911875,405.8903125,508.9265,502.8410625,404.4131875,560.6788125,153.5035625,418.9236875,586.9545625,146.56075,233.475625,273.6503125,277.4654375,433.1135,289.4313125,272.46325,417.8165,445.706375,752.6235,191.669625,470.3258125,-107.55125,401.5328125,373.85725,396.87925,490.5184375,28.47425,271.393,118.713125,293.6710625,185.143,466.1444375,238.6644375,16.536125,447.6758125,271.9858125,-31.1273125,250.6428125,521.3935625,68.1601875,147.595375,-130.0065625,-244.883125,332.7421875,246.672875,19.7685,342.8083125,-29.119875,-52.1700625,104.8760625,-31.4920625,348.7654375,234.572875,-346.7730625,-213.5699375,453.0723125,-27.8023125,64.4054375,-30.1775625,162.1503125,-4.22225,305.501625,120.6110625,-8.0950625,25.8533125,-145.07375,59.953875,-282.9966875,-226.0663125,-47.2619375,22.890625,308.9059375,-100.7486875,483.7349375,-208.69375,-161.271,65.455875,172.880125,-145.4008125,-30.754375,-19.988,-247.1906875,-105.3408125,36.5423125,330.4351875,144.922875
2.3297917757511444,3258.94375,2425.2510625,3014.205375,2604.9043125,2352.727125,2505.3971875,1958.9201875,2014.21275,2212.735625,1874.3746875,1656.553625,1640.756625,1515.430875,1512.9660625,1489.689375,1565.6441875,1497.902125,1422.99175,1131.836625,1161.04175,715.376,1261.136375,864.5275625,958.079125,905.421125,742.936875,876.8075625,939.1439375,641.7760625,406.766875,780.9433125,648.7840625,766.57325,586.6146875,618.0125,590.242625,641.0925,411.2219375,404.28125,376.586375,677.3961875,547.4998125,170.1600625,277.3026875,427.2435,461.4958125,499.1033125,522.0345625,426.4280625,531.811375,172.1195625,360.065375,597.688125,111.7044375,244.9640625,294.753,306.8680625,442.4910625,336.2675625,317.217875,387.328,469.18475,718.6450625,198.55,452.9026875,-69.0835625,363.124625,384.82125,455.4845625,489.5571875,-27.284875,319.9086875,137.8743125,291.128,175.6040625,490.2248125,294.256375,-6.81125,406.659,259.97475,27.8734375,279.7668125,517.6856875,103.643375,132.670375,-103.3866875,-247.6305625,285.1745625,247.0249375,69.5055625,346.1175,-19.2080625,-99.3360625,164.452625,15.1795625,331.9596875,245.4371875,-291.823625,-148.0523125,510.6360625,-63.0009375,95.911875,-24.654,145.9353125,51.469625,293.8126875,101.6823125,-18.5019375,69.701125,-187.055875,63.8861875,-278.9471875,-199.0319375,-35.0838125,64.1295625,292.9405625,-95.9456875,464.1985,-209.6830625,-120.7669375,20.7444375,161.1808125,-124.922625,-49.84025,-31.04625,-184.49,-82.601375,-35.9479375,323.651,100.942875
2.3338642984732134,3359.9805,2562.913625,3108.3815,2759.4833125,2442.9913125,2629.246875,2092.93825,2194.4300625,2272.8145,2040.857125,1697.642875,1748.0853125,1605.9148125,1680.401625,1551.830625,1593.582,1570.58175,1454.1528125,1218.9434375,1210.2528125,834.2176875,1308.14675,958.5664375,925.610375,862.16025,755.165375,906.9939375,938.9440625,632.1014375,451.6889375,855.2604375,665.3524375,792.9268125,659.6781875,639.1798125,600.5458125,662.1403125,488.5565625,442.8165625,416.713875,625.413125,601.009875,233.96475,235.83275,456.1541875,528.6895625,469.916875,526.13175,445.7368125,472.895,193.5306875,336.6983125,575.5536875,75.302,273.3826875,324.685875,337.2023125,445.1486875,368.1656875,348.7963125,365.7088125,481.8413125,677.0120625,195.0275,423.62825,18.42125,336.5924375,397.7335625,486.163125,476.6899375,-76.794,379.219375,156.00275,277.441,171.02,501.2258125,355.10125,-26.65675,361.64225,249.992625,90.097625,328.9641875,519.529375,140.40575,117.07725,-61.20075,-241.37825,245.669625,238.715,121.5635,346.6979375,8.584,-144.3776875,199.636375,71.025875,293.9076875,246.550875,-229.2410625,-83.0026875,563.191,-83.7728125,134.364625,-27.546875,135.554375,107.2234375,275.1101875,62.8453125,-25.3385625,111.549375,-222.84175,78.7663125,-263.3619375,-147.841375,-23.5469375,86.33525,259.738,-61.0485625,433.859875,-192.5374375,-71.69425,-30.634125,153.6489375,-70.6319375,-63.8143125,-65.124125,-116.969375,-38.3979375,-107.92175,314.004125,53.4764375
2.3379368211952967,3489.4035,2747.15075,3211.528375,2924.5994375,2562.483375,2748.222625,2262.3950625,2379.1339375,2320.4983125,2195.204125,1765.201625,1871.0260625,1684.0988125,1851.1335625,1625.6260625,1641.1865625,1632.4958125,1487.839125,1319.740625,1277.5833125,981.6010625,1344.5013125,1066.516125,912.3705625,831.1330625,777.005875,923.8315625,943.3085,642.82525,501.176875,935.0914375,714.5128125,823.3711875,747.1801875,676.19775,629.3485625,699.4133125,586.639375,481.624125,469.663875,593.7548125,634.0884375,303.8,186.727125,514.724375,594.2833125,429.3448125,518.844625,460.878125,405.9744375,215.9383125,345.46525,535.987375,52.9589375,316.3614375,359.5649375,370.805375,460.5365625,381.27175,369.1361875,357.2966875,492.059125,632.175875,184.0965625,386.4396875,131.161875,330.1538125,416.6384375,499.2289375,457.8016875,-115.593125,438.7096875,173.165125,255.9475625,178.49175,501.272,420.302125,-47.4141875,320.59175,253.6045625,152.4925,382.95225,529.7715625,172.76325,113.0134375,-14.0554375,-235.8860625,225.0960625,227.126,165.5199375,338.52925,52.5544375,-173.6076875,212.4175,127.1503125,251.78675,233.844375,-170.28425,-20.0891875,599.5835,-93.0975625,171.277875,-31.06675,138.4300625,154.149625,241.0833125,10.2706875,-21.4966875,153.53225,-249.7675,107.8334375,-231.242625,-74.3085,-14.165875,99.0811875,221.8728125,-29.365375,399.1193125,-156.199125,-29.323125,-71.9230625,152.9748125,-9.2290625,-65.1101875,-129.0570625,-62.3450625,12.0566875,-168.3375,304.8004375,1.457625
2.3420093439173657,3663.614,2966.330875,3324.8585625,3104.659,2705.7716875,2860.765625,2456.10425,2551.6106875,2375.86525,2328.337875,1866.2256875,2005.3405,1754.812125,2002.971375,1711.5073125,1707.81075,1690.3014375,1539.744375,1424.1391875,1360.517875,1142.032,1374.5969375,1171.7606875,929.8040625,820.735875,801.36475,937.066375,975.397,689.1419375,556.9849375,1026.447,785.052375,862.1170625,845.7626875,735.0385625,678.4410625,752.4928125,685.3606875,509.1244375,510.5809375,597.9564375,657.210875,378.55875,149.314625,595.1033125,641.4953125,389.80525,512.169,470.78675,352.810625,230.24675,376.58825,507.4455625,65.510375,363.15375,391.9014375,407.66925,495.1955625,373.450875,391.6485625,363.40825,506.2344375,589.4774375,180.2136875,354.37775,246.6099375,333.6625625,438.75625,511.489375,438.885375,-142.996,486.0619375,187.689375,230.1491875,198.172625,491.44525,487.84175,-71.4356875,290.8393125,271.7600625,214.571,424.0583125,546.6138125,192.9493125,121.451375,33.243875,-238.0925625,230.7134375,210.2923125,187.781375,317.8375,100.3050625,-175.9490625,216.8353125,178.1520625,210.127875,205.9010625,-117.7390625,41.36575,620.092375,-90.361125,196.083625,-31.545875,158.6349375,188.4748125,189.925125,-40.684375,-5.390125,199.1538125,-260.5729375,143.398625,-184.77775,10.863375,-5.61425,119.320125,194.063875,-25.901875,364.52,-104.7306875,-9.5321875,-85.3423125,151.412,37.8943125,-49.791375,-213.940375,-37.3654375,56.4613125,-211.93575,295.69525,-45.8800625
2.346081866639449,3881.1095,3210.9231875,3455.2744375,3305.4213125,2866.6213125,2976.549625,2664.998625,2704.4904375,2455.8491875,2449.874625,1995.831375,2142.5286875,1830.666,2130.60025,1811.388375,1794.6633125,1756.88325,1629.3504375,1525.5644375,1446.294,1303.367625,1406.2294375,1264.593,989.32575,836.945375,827.596875,951.591375,1052.86825,775.62875,624.6760625,1132.7724375,860.1305,906.85725,951.0755625,821.97525,747.9355625,817.4779375,760.6820625,521.67375,528.0325,630.9271875,688.61075,445.2114375,145.3239375,682.9616875,666.1728125,365.789625,521.780125,478.84425,324.823875,236.175875,423.5766875,507.385375,120.5861875,404.1460625,415.710125,447.5355,537.384875,350.1685625,434.7870625,383.5963125,523.2251875,554.720625,197.1554375,340.7558125,348.087375,332.850375,460.1311875,530.6929375,426.0251875,-162.4910625,515.091875,199.9745,202.3485625,227.2535625,471.2779375,553.44525,-94.3756875,278.6826875,293.79025,276.1734375,439.5395625,567.791375,202.2726875,134.60425,83.9508125,-243.0485,260.2334375,179.848625,183.81075,288.79175,136.245125,-149.9000625,226.8878125,221.694875,171.3038125,167.2949375,-65.902125,94.998,628.60625,-73.1441875,200.7189375,-32.224375,197.1468125,208.9859375,137.117875,-76.3938125,21.979875,249.9385625,-246.2096875,171.3151875,-127.2694375,96.5184375,2.1403125,155.509375,180.2340625,-50.8835625,331.5668125,-48.1878125,-17.4609375,-61.6526875,138.469125,67.5596875,-21.273,-296.2308125,-44.3389375,89.262625,-243.9468125,285.1063125,-76.5583125
2.350154389361518,4126.3736875,3472.8395,3612.6169375,3523.6573125,3038.5214375,3110.451125,2879.79975,2843.1955,2570.7725,2577.3439375,2141.7245,2280.9298125,1923.4051875,2239.7904375,1929.37325,1898.1039375,1834.92475,1772.094625,1628.0615625,1529.46175,1461.2589375,1447.558125,1349.7498125,1096.4904375,881.73825,861.26975,966.75725,1176.4116875,892.8061875,708.8606875,1250.972875,922.9584375,957.2991875,1056.2855625,934.3035,831.3019375,884.201375,801.4811875,524.5423125,530.26075,679.74625,741.704125,492.818125,186.934125,767.217,680.525,368.041625,554.404,486.7273125,323.5264375,246.4264375,478.9969375,530.9750625,205.5949375,440.8700625,429.4950625,492.1859375,573.0886875,324.1118125,511.0285625,414.237125,539.6435625,533.5818125,234.68225,347.6391875,424.6936875,330.2286875,483.7396875,548.922125,427.1255,-176.038375,528.7545,212.0123125,168.0703125,264.9533125,437.0990625,611.200375,-109.7486875,287.49325,307.575,329.458,425.59425,594.7833125,207.881,151.639375,143.994875,-242.5645,305.1614375,134.9173125,166.5259375,262.124625,151.9809375,-104.7083125,251.4651875,258.3573125,147.1598125,125.14725,-4.6216875,135.8351875,622.8100625,-42.2415,187.416125,-35.8541875,248.150875,218.170625,109.7636875,-93.105125,59.9771875,302.8161875,-203.7950625,184.4629375,-60.9050625,174.6543125,7.5704375,205.77875,171.77525,-90.65175,298.83275,4.722125,-44.2736875,-3.36875,111.88475,88.47175,13.6845625,-348.2644375,-69.7066875,112.6699375,-273.05275,271.20525,-86.2888125
2.3542269120836012,4382.3774375,3741.903625,3805.8185625,3745.528625,3219.0285625,3269.634125,3089.6646875,2983.936125,2720.175375,2723.7303125,2296.028,2428.47725,2036.656,2334.339625,2064.033625,2011.8668125,1915.80825,1962.8399375,1743.230625,1614.3791875,1612.10125,1507.78625,1445.541125,1249.3399375,946.9485,903.9458125,984.2515,1333.3829375,1023.2109375,816.2061875,1371.539,964.508125,1019.8590625,1156.031125,1056.5114375,914.6778125,941.6793125,817.7355625,529.3438125,539.697375,746.0784375,822.393,520.0154375,268.6276875,842.4126875,698.474875,393.7929375,603.747125,490.9028125,347.4935625,272.8635625,537.4978125,564.4991875,297.3108125,483.3483125,441.4650625,542.82575,601.170125,307.93875,616.439,451.228,549.992125,528.7535,279.0116875,365.053125,474.1845625,342.542375,514.48075,553.378625,451.212,-179.33825,534.416625,227.2450625,120.4938125,315.991,389.313,657.0028125,-115.81125,318.8213125,306.541625,361.8109375,389.904375,629.457,211.2890625,180.493125,212.4388125,-230.5598125,353.7574375,88.1894375,153.7751875,249.2808125,148.5079375,-53.249375,290.9520625,292.8784375,148.9045,89.9285,70.4841875,164.18175,600.734125,-0.951625,164.0416875,-37.4908125,301.1269375,220.540875,120.175,-96.6178125,104.894375,348.973,-140.4435,187.9156875,7.2114375,239.5058125,10.8173125,265.358625,158.4068125,-133.87925,264.303875,54.807,-72.50775,77.8195,79.529875,112.5866875,49.1289375,-351.6038125,-94.9418125,133.9435625,-299.6111875,254.1368125,-80.581625
2.3582994348056845,4645.20575,4013.1313125,4038.6939375,3961.0115,3414.119375,3449.767875,3287.4385625,3148.3541875,2893.40325,2896.1973125,2458.8059375,2597.074625,2168.512375,2413.3486875,2204.6268125,2135.733125,1998.49675,2174.376375,1882.2566875,1706.697625,1748.220125,1595.0920625,1571.1283125,1436.5993125,1019.2845,952.878625,1008.5981875,1505.824375,1154.023,950.6780625,1480.5775,988.8238125,1102.5675,1250.5675625,1168.1689375,989.4203125,989.4803125,828.8035625,550.8050625,577.889625,839.285875,927.6028125,530.7775,369.321,908.3353125,727.1813125,428.8753125,659.6750625,491.289625,395.9748125,319.7079375,603.6473125,599.9725,377.6359375,537.6685,465.850375,599.085125,630.6635,306.3834375,732.921375,496.349125,546.3191875,533.5159375,319.128375,382.4978125,503.1845625,381.714875,550.83125,538.8661875,504.7188125,-167.0079375,534.5834375,250.4336875,66.058,384.49425,338.0463125,688.5726875,-115.8751875,371.2089375,290.9324375,364.8493125,350.5924375,670.5575,211.5675,227.5041875,281.86325,-202.4525,392.3315625,60.799125,151.6295,251.154125,128.095875,-3.71525,337.2655625,330.7754375,176.28475,75.0980625,153.8248125,181.7525625,567.3153125,47.2343125,138.007625,-25.5816875,347.024125,217.4998125,156.7015625,-93.335375,147.9801875,378.80125,-71.3876875,193.8453125,65.1196875,291.95575,12.6691875,323.3689375,138.692625,-172.1263125,231.0783125,109.4879375,-86.3075,162.847,51.6228125,147.4523125,75.8164375,-305.811625,-106.845625,156.0620625,-320.431125,233.6474375,-68.210125
2.3623719575277535,4932.25225,4293.08875,4309.038625,4178.763625,3633.69325,3646.143375,3475.9483125,3353.7949375,3079.7921875,3095.6691875,2636.6516875,2793.0459375,2316.6419375,2479.111375,2342.499125,2272.8249375,2094.4473125,2372.1606875,2050.1443125,1812.9129375,1870.7054375,1711.8788125,1728.9944375,1639.980125,1097.4670625,1014.1566875,1047.0474375,1676.2679375,1283.1839375,1103.8476875,1566.3228125,1010.35575,1206.5599375,1342.9745625,1260.052125,1063.1199375,1038.62825,850.6589375,601.81925,650.253125,960.17725,1047.337,536.158625,465.58925,969.6645625,770.6689375,467.936,716.345125,496.1743125,464.6695625,387.9396875,686.2104375,632.8220625,441.7238125,602.7460625,512.6064375,664.42125,668.342625,314.8718125,839.2009375,556.6325625,526.1235625,536.8435,355.9489375,401.034875,520.060375,445.684875,589.57575,511.1056875,583.20625,-142.2545,523.3083125,282.5413125,27.646875,460.6790625,297.3571875,707.4575,-108.7855,439.7526875,267.628,341.071,324.0764375,714.4599375,216.2688125,291.6505625,349.362,-157.1069375,409.399,67.448375,154.8916875,258.7325625,89.1966875,44.1858125,378.9226875,373.7526875,222.0965625,88.85275,235.4231875,192.912875,529.209,96.877,121.943375,8.9703125,380.4023125,207.0336875,203.4835625,-81.6644375,183.6515625,389.954125,-13.479125,210.6318125,103.4054375,340.6,13.183125,361.33075,121.572375,-195.934375,205.9178125,171.6678125,-78.026,233.98,36.652875,191.2765625,82.91125,-230.0884375,-98.6429375,176.2911875,-334.2985,209.6404375,-53.8995625
2.366444480249837,5269.114625,4595.3708125,4613.8909375,4420.5458125,3882.858125,3863.371125,3669.2614375,3605.928125,3281.3834375,3313.771625,2837.257375,3011.967,2481.1548125,2544.3066875,2482.1410625,2421.4031875,2211.7170625,2531.1318125,2245.5269375,1944.5674375,1993.0165625,1856.85375,1903.4068125,1841.6155,1197.949125,1105.8105,1109.910125,1835.31075,1415.4854375,1260.6464375,1629.21875,1048.88575,1323.358125,1433.998875,1337.174375,1150.3600625,1099.1113125,891.979125,687.0605625,745.957375,1101.124125,1172.8408125,556.0189375,548.5961875,1030.5875,828.7433125,526.262875,774.8055625,518.5320625,544.898375,479.1355,787.57175,657.60375,496.6244375,676.7613125,582.0469375,746.0940625,711.775,328.8058125,918.379875,634.7548125,500.0028125,535.8740625,395.2288125,432.9178125,530.2488125,528.2385,631.9608125,483.2899375,668.4123125,-112.58375,495.0963125,319.52625,26.571,524.6810625,276.4728125,717.7315625,-84.5305625,514.5645625,249.345625,307.794125,311.50175,757.1594375,238.2049375,364.5335,420.898625,-95.779625,405.5313125,98.3596875,160.5474375,264.15425,33.7775625,95.1286875,407.0609375,417.9854375,275.9605625,126.8039375,306.283375,202.294625,491.2913125,141.5325625,136.0310625,61.0834375,399.07475,190.840125,251.064,-58.51,219.72275,385.97475,23.1933125,234.8393125,118.681125,392.99725,15.656625,366.295625,118.527625,-202.8375625,191.21175,233.6245,-53.291125,285.634375,40.006625,236.1520625,70.7539375,-150.3506875,-66.6890625,190.4661875,-336.8866875,183.2571875,-34.270375
2.370517002971906,5668.1635,4932.07425,4952.8968125,4701.295,4162.158,4111.897375,3888.278625,3896.5685,3515.00475,3535.3478125,3065.1108125,3241.931125,2663.93925,2633.5865625,2639.923625,2574.6479375,2349.3465,2649.084375,2464.9628125,2114.7376875,2130.2908125,2026.961,2080.6219375,2028.170625,1340.5463125,1242.8448125,1205.9655625,1986.8108125,1558.4428125,1412.5876875,1686.294125,1122.6825,1443.100625,1524.50125,1409.4709375,1257.6885,1173.118,953.9621875,799.8719375,849.7521875,1253.2095625,1302.9746875,608.72825,630.1895,1089.7146875,894.8559375,623.160875,843.00875,570.9921875,630.0491875,593.5833125,901.0854375,672.6561875,552.87625,761.4160625,666.1576875,846.1458125,758.2803125,352.498875,963.8183125,723.18,489.186375,541.3683125,443.515625,488.964375,537.7849375,628.6395625,676.5949375,471.354625,737.3280625,-77.2833125,458.25325,355.7594375,68.4595,563.7970625,279.541875,720.625125,-38.9820625,582.6774375,252.7604375,291.1308125,301.988625,797.2415625,281.252875,437.9941875,504.8290625,-17.92775,397.5228125,127.768875,175.71575,265.6343125,-26.2075625,148.531875,420.455125,460.3595625,326.8485625,175.041875,359.7654375,210.9574375,457.7116875,178.6543125,191.4415,109.9954375,404.0815,183.0235625,289.1018125,-29.98375,268.8643125,372.2306875,41.0434375,255.4596875,110.9590625,444.8269375,25.4531875,342.6206875,132.6316875,-197.799625,183.2634375,281.2286875,-25.6658125,321.3248125,59.7748125,272.6436875,55.7435,-83.366375,-13.977375,190.5168125,-319.5490625,155.9073125,2.4479375
2.374589525693989,6128.7783125,5308.50075,5327.63325,5023.7285,4472.4984375,4401.991875,4155.423875,4211.2305,3797.8163125,3750.6070625,3322.676875,3475.2138125,2868.250125,2772.3523125,2834.4435,2726.5278125,2508.082,2748.8964375,2706.602875,2327.5056875,2296.2338125,2218.073375,2264.98,2198.6805,1533.5431875,1423.00775,1337.1476875,2142.004375,1719.7445625,1561.6618125,1762.8141875,1244.5995,1565.939625,1620.543625,1485.8603125,1380.0028125,1259.188,1037.2149375,926.742625,953.724625,1408.574,1442.357875,698.86025,730.1401875,1142.9718125,966.522125,760.4231875,931.8110625,658.7229375,717.8458125,722.797875,1014.7385625,684.518125,615.3220625,857.6998125,756.257875,956.7933125,814.0049375,400.4053125,986.2915,808.636625,511.2351875,570.8281875,508.5286875,569.390375,546.8905,748.3940625,717.8364375,485.8103125,772.8494375,-29.4074375,433.84475,388.1728125,142.5475625,581.686125,310.498875,717.55725,17.6186875,639.631875,292.0674375,309.7004375,290.5009375,838.66475,337.7918125,511.78,602.606,76.264625,406.415125,141.0765625,211.1033125,265.676625,-73.1381875,196.3074375,425.184875,503.5941875,370.7684375,218.73175,392.6446875,221.8724375,433.683375,212.2843125,273.6229375,137.2234375,398.7439375,204.7093125,308.1776875,-5.0644375,328.09975,357.01075,54.50825,259.1635,82.452375,485.3391875,44.1139375,305.768875,158.4893125,-183.405375,174.289625,304.0881875,-2.10575,343.4255,87.049625,294.0266875,58.33475,-34.011625,45.6314375,167.2961875,-276.0211875,130.2071875,65.5569375
2.378662048416058,6650.188125,5727.2641875,5745.6975,5387.726375,4817.4078125,4745.465,4488.0709375,4540.457375,4134.3555625,3967.3260625,3610.4535625,3721.61,3097.7303125,2971.9041875,3076.907875,2880.70325,2694.3071875,2866.68,2970.9625,2579.893875,2504.0056875,2429.2485625,2469.9925625,2374.4344375,1774.6366875,1634.2466875,1497.74025,2310.8953125,1906.133875,1718.0753125,1882.800625,1419.091,1702.2264375,1731.65625,1575.7355,1510.251625,1358.159125,1147.654875,1055.400125,1062.9384375,1561.4171875,1591.732125,819.149375,859.85625,1190.8300625,1053.43975,925.99925,1045.6658125,777.0529375,807.1635,850.6636875,1117.608,707.0563125,686.385625,964.8285,847.517375,1066.152875,886.66375,489.4260625,1010.93975,883.015,570.359625,633.610375,594.8875,665.1411875,562.133375,887.0621875,757.66075,527.71925,771.1179375,34.5896875,441.9573125,416.483875,229.0773125,593.237,369.1391875,712.8023125,75.5986875,694.578875,367.05125,364.357375,287.58825,885.1514375,399.6749375,589.014875,707.073,183.84275,442.5924375,146.483875,270.772875,270.121625,-89.8555625,232.2585,427.35825,550.6685,409.4555625,246.3508125,407.92675,243.3260625,426.2799375,251.2713125,352.096875,141.6255,389.790125,268.382,309.2035625,15.56525,378.4770625,349.5955625,78.45325,234.36875,43.2495625,512.1419375,68.07925,269.067,191.2205,-157.2144375,153.8431875,305.3634375,22.179625,349.838375,111.2839375,304.04475,87.39375,-0.1146875,94.4344375,119.886875,-210.6155,110.078,149.972125
2.3827345711381414,7235.6483125,6200.5968125,6222.0955625,5798.4646875,5208.067875,5157.14725,4892.937,4881.1990625,4520.014375,4212.276375,3930.4669375,4002.951,3355.8881875,3228.752875,3367.826,3054.662125,2912.4005,3033.7901875,3262.235375,2875.5639375,2762.4311875,2667.011125,2703.961,2587.4704375,2062.8654375,1875.5141875,1685.8416875,2503.4679375,2119.7295625,1895.933375,2065.27,1639.7459375,1863.562875,1866.30275,1691.876875,1651.0108125,1476.865375,1295.7780625,1184.5661875,1195.1576875,1714.0858125,1744.9508125,959.52775,1018.72125,1241.2028125,1168.9753125,1108.316,1183.3166875,919.6026875,898.1178125,966.732,1204.3576875,755.8306875,773.12475,1085.6684375,936.7883125,1166.95775,977.0135,628.0511875,1060.0545,950.1146875,664.0050625,722.488875,700.14475,765.015375,586.5845,1039.3771875,807.9281875,590.9301875,745.9909375,116.755875,489.8821875,441.24675,313.624125,613.820625,445.4184375,707.42,138.7593125,760.0966875,462.1565,441.5975625,308.315625,932.21425,465.207375,671.078125,803.87025,299.824875,504.0376875,163.81175,347.464375,287.9096875,-63.4770625,264.517125,425.862625,599.4186875,441.2676875,256.408875,415.810125,282.5114375,441.1701875,304.8484375,402.477875,135.11125,387.3751875,370.8921875,299.7535625,39.2516875,403.1894375,352.050625,115.4575625,182.367,12.2519375,532.3865,91.8445625,240.0663125,228.403625,-112.925125,116.202125,301.703875,54.8824375,339.8244375,124.4785625,314.356875,135.424375,25.0101875,125.8960625,54.4963125,-136.8590625,99.2870625,239.87175
2.3868070938602246,7891.9008125,6749.950875,6769.96975,6268.8579375,5666.2190625,5647.5485,5368.351125,5237.7275625,4948.3195625,4519.892125,4293.7955,4329.6859375,3654.871125,3537.311375,3699.4975625,3273.425375,3162.81125,3262.2385625,3589.90075,3225.2240625,3076.21675,2947.792,2976.49775,2860.8625,2405.8585625,2159.807375,1917.275875,2735.9074375,2351.0773125,2108.270625,2318.32125,1894.0130625,2058.5706875,2035.4836875,1848.42025,1817.790875,1628.2695625,1491.1988125,1329.2725,1370.9974375,1877.416625,1899.57925,1113.591875,1201.256,1306.075625,1319.25725,1302.050375,1345.7214375,1085.1300625,998.35675,1072.8996875,1275.0880625,839.750875,883.42725,1226.0746875,1021.082375,1262.2815,1081.33175,811.61975,1137.0816875,1018.61725,789.406875,820.6590625,822.0514375,865.740125,621.565,1193.0589375,882.042875,663.922625,724.567375,224.4869375,571.67525,470.201625,396.5833125,656.53625,528.1540625,699.223625,215.7693125,842.3705625,562.698375,525.32025,358.9315,972.7228125,535.0215625,759.4811875,875.3740625,416.362375,581.8544375,206.0715,428.2995,323.6721875,6.542375,311.53825,417.4163125,643.4384375,464.8370625,263.4936875,429.461,340.1989375,477.294,375.56075,421.2079375,134.1789375,397.4585625,495.4315,284.871125,74.13375,400.7695625,357.13225,157.258,122.0986875,5.5629375,554.941,113.82625,222.463125,264.26275,-41.404125,67.5195,309.245875,100.313375,318.7509375,126.849125,333.3595625,183.5123125,50.6063125,150.377625,-22.46625,-65.2424375,99.800875,317.054875
2.3908796165822936,8629.6505,7394.1056875,7394.71825,6815.34975,6213.2148125,6215.500875,5908.813,5628.5829375,5417.7384375,4914.103,4717.3741875,4688.748375,4017.58175,3898.3535625,4065.560625,3556.2960625,3451.691,3549.0139375,3969.688375,3637.1471875,3454.3081875,3296.7214375,3310.5425625,3207.359,2813.9663125,2502.167125,2218.4725,3025.769125,2588.356375,2366.7511875,2636.9964375,2176.3148125,2293.9295,2252.178375,2057.246,2034.6898125,1829.0614375,1734.436875,1512.9986875,1600.751125,2061.95675,2062.7528125,1287.1505,1405.2958125,1400.8295625,1501.366,1510.9954375,1532.2346875,1275.4393125,1118.515875,1180.36275,1337.1968125,959.9019375,1020.195125,1388.1908125,1104.564375,1366.6108125,1201.1471875,1024.5556875,1230.245375,1092.0073125,942.8590625,917.8534375,965.336625,976.77125,671.2271875,1336.7190625,985.0198125,740.6815,734.6225,367.159,677.3193125,522.9060625,487.89725,728.846,615.145875,692.504875,308.684375,943.1400625,667.586875,608.42475,440.356875,1009.859125,612.0823125,855.8471875,914.931875,528.1886875,666.872375,275.04625,505.1860625,371.902625,105.5836875,384.1505,410.385,677.24175,484.196,288.244,460.206875,410.190625,528.5315,459.1896875,425.97725,152.57525,415.10675,619.8276875,269.470625,120.4623125,383.977625,360.602875,196.8991875,77.743375,23.5276875,586.155375,138.9775,218.5091875,288.6808125,63.5539375,21.1834375,332.89675,162.6536875,296.448,127.872625,365.3770625,213.7058125,84.449125,182.638,-100.4691875,0.363625,112.1321875,363.5774375
2.394952139304377,9465.9838125,8148.0416875,8101.8034375,7453.263875,6859.167625,6855.900875,6509.9095625,6081.8208125,5939.5366875,5399.51775,5212.373375,5063.882,4461.943875,4314.6768125,4471.1016875,3909.4953125,3795.8668125,3895.3178125,4427.457375,4120.8071875,3917.6329375,3741.85225,3734.2114375,3637.306125,3296.57675,2915.5955625,2609.9144375,3381.118,2838.7540625,2685.8016875,3009.9530625,2500.6679375,2575.39475,2519.34925,2328.82775,2322.747,2093.787375,2019.1775,1752.657875,1880.5241875,2278.8251875,2247.9824375,1501.6570625,1636.1416875,1543.523375,1707.4025625,1745.7305625,1737.891125,1489.6485625,1262.603625,1306.3805,1408.1936875,1117.5614375,1185.459375,1569.85775,1207.822125,1499.2006875,1348.292125,1248.5269375,1333.4315625,1170.9045,1118.985,1020.745875,1138.1940625,1109.189375,744.7706875,1473.4358125,1106.57775,829.4441875,794.5821875,545.8681875,801.1564375,617.1821875,596.0861875,823.9961875,709.0426875,701.4376875,416.1429375,1063.737625,781.4805625,694.123625,556.075375,1059.86675,705.405625,962.98,933.1680625,634.554125,756.235875,371.9690625,578.0545625,424.0755625,215.708,478.5729375,427.160875,703.7388125,501.7674375,342.1918125,516.8985,483.7684375,589.26325,550.1854375,442.3241875,194.31325,432.9545625,726.885375,265.549125,169.1784375,371.2535625,372.5295625,237.8440625,63.23075,53.3988125,629.242,170.833,230.29925,296.448125,198.8685,-10.475375,371.968875,243.90225,283.93625,139.452125,415.3471875,226.041875,129.561125,227.8665,-159.555625,59.158375,135.0931875,369.4928125
2.399024662026446,10426.2489375,9028.859,8907.714,8197.116125,7610.414,7575.92425,7174.9155,6624.906,6537.00225,5973.6301875,5780.4115625,5465.587375,4990.2241875,4788.2123125,4931.116,4330.9781875,4215.645125,4319.03375,5001.1855,4702.342,4497.7288125,4307.4393125,4268.038125,4165.1875625,3863.7425625,3416.031125,3103.2959375,3804.9575625,3137.0245625,3082.0245,3431.6884375,2897.798125,2914.021625,2832.4895625,2674.0709375,2689.4646875,2427.5306875,2346.2764375,2050.404625,2201.054,2542.0804375,2474.059875,1778.5835625,1906.3591875,1747.06525,1930.6670625,2012.63675,1960.9418125,1721.69625,1435.545,1469.3085,1511.7616875,1319.442375,1385.6888125,1769.20925,1364.0156875,1673.354875,1537.7608125,1472.8141875,1455.8758125,1262.8966875,1312.82975,1146.0130625,1345.718875,1262.6709375,853.678125,1618.365,1231.884875,942.8461875,909.821625,751.467875,941.76025,754.562375,723.3035625,926.718125,812.6464375,742.7938125,541.829875,1207.067625,905.2155625,787.5494375,709.728125,1138.9434375,826.9388125,1087.30975,943.6619375,734.8265625,853.8509375,501.643375,654.779875,478.4705,326.186625,585.895,488.0508125,737.761,517.963375,424.456875,605.503625,556.7759375,654.2204375,643.608125,487.2133125,256.962,452.976,809.5061875,289.027875,213.90675,381.7996875,407.77375,293.5473125,78.4855,86.1084375,684.3609375,206.0168125,263.43975,298.740375,355.5508125,-18.2114375,426.2545625,339.1060625,290.328125,169.4270625,485.7240625,237.4964375,187.1211875,278.888375,-178.729,117.9453125,167.1295625,343.5725
2.403097184748529,11539.31725,10058.6263125,9840.7685625,9065.4026875,8480.326625,8397.2220625,7919.7419375,7282.92375,7236.5264375,6643.5673125,6425.7539375,5933.69775,5597.5414375,5329.303875,5461.6989375,4817.87225,4726.8735625,4851.0631875,5735.6826875,5424.7344375,5228.446625,5016.0305625,4930.6181875,4815.13325,4530.1783125,4023.88175,3711.1034375,4310.4796875,3534.6208125,3571.050375,3915.4014375,3392.998625,3329.54275,3201.147,3102.8431875,3134.0090625,2828.319,2732.887875,2403.7511875,2561.0891875,2860.2061875,2763.1863125,2124.4655,2229.899875,2017.574875,2172.8250625,2311.2293125,2209.69325,1967.2414375,1647.6100625,1679.0435,1664.365875,1571.37775,1629.241,1986.8335625,1600.3515,1892.374125,1777.2080625,1698.7525625,1610.3118125,1383.6795,1523.6826875,1307.212625,1586.47175,1430.1033125,1009.739,1782.1640625,1361.887875,1087.8541875,1075.945375,970.5,1099.780625,924.474875,867.76675,1031.6593125,931.0665625,829.1955,694.742625,1377.2061875,1041.606875,895.318125,899.6675,1250.25025,985.2184375,1233.4285,955.3101875,828.93425,965.56425,664.5831875,748.3125625,544.56625,435.8544375,704.7141875,598.62375,798.503375,540.9341875,525.0384375,725.16375,634.5651875,719.409875,735.541125,560.4174375,341.8144375,484.9825,874.8429375,353.0780625,261.89975,429.088625,469.2845625,379.807375,119.6966875,125.602125,749.808,240.654,326.86675,319.641875,525.17175,4.8435,494.4188125,439.4795,321.73325,221.360625,571.019875,261.592875,256.2164375,325.12325,-149.852375,192.8129375,209.7775,309.4726875
2.407169707470598,12823.7789375,11258.9359375,10930.7086875,10083.8606875,9486.991,9341.2384375,8768.6870625,8075.5778125,8058.4336875,7425.4595625,7165.99575,6514.5299375,6282.6216875,5955.258625,6079.31725,5372.8780625,5334.5240625,5519.987,6670.6354375,6328.569375,6139.6334375,5892.719875,5749.9556875,5619.788625,5319.872,4760.9869375,4453.603625,4922.4338125,4082.49875,4170.9813125,4489.8063125,3991.332625,3843.8920625,3656.122875,3623.0835,3659.4094375,3296.08775,3205.816375,2820.9778125,2973.81275,3236.1878125,3131.970625,2536.3159375,2612.1463125,2363.9748125,2451.530875,2644.286,2501.441375,2235.4889375,1904.336,1936.9431875,1867.923625,1872.508,1926.4205625,2230.391875,1920.53075,2157.9448125,2065.0559375,1940.9215625,1810.0953125,1550.121125,1759.9481875,1511.074875,1856.26575,1611.72675,1225.928125,1965.2848125,1516.810375,1272.156125,1283.548875,1192.7245625,1280.0139375,1119.4719375,1027.276375,1150.5985625,1076.08975,969.2399375,879.6336875,1575.281125,1199.4156875,1030.312,1123.9894375,1386.897875,1180.8785,1400.0475625,981.0039375,920.034875,1095.642875,852.9503125,870.1654375,639.5246875,550.9234375,842.6243125,752.0133125,898.782375,587.749375,632.926625,871.28775,729.9198125,787.840875,825.874625,652.0423125,459.0961875,540.3920625,940.4041875,462.7235625,332.208875,510.9525,552.24275,507.402,192.392625,181.88175,825.0965625,278.96925,426.69075,377.404875,696.459875,62.5321875,573.784,538.201125,381.428625,297.6554375,659.6800625,299.7040625,328.3365,364.6134375,-82.2383125,300.8878125,266.6831875,289.793375
2.4112422301926815,14277.317625,12637.4153125,12193.3608125,11273.1734375,10642.593125,10414.39675,9740.4836875,9011.0743125,9007.6051875,8327.5886875,8019.532125,7238.172,7050.8256875,6670.7443125,6799.4405,6006.2073125,6027.4939375,6337.4026875,7825.000375,7436.049375,7249.3593125,6955.5030625,6754.5389375,6603.6015625,6259.2108125,5646.1229375,5351.93175,5664.8110625,4816.4995625,4899.8501875,5184.2833125,4688.65125,4474.3606875,4233.324,4241.69325,4273.335875,3837.9595,3781.1584375,3317.4358125,3462.8985625,3676.0729375,3583.4378125,3010.1456875,3052.6535,2795.8918125,2794.5951875,3023.5020625,2851.0050625,2547.520875,2205.2366875,2247.259625,2120.0936875,2220.616375,2286.821875,2518.9666875,2310.787,2475.4240625,2397.7725625,2224.1426875,2074.8846875,1777.4041875,2035.55725,1761.2029375,2155.5251875,1822.040875,1514.40825,2166.4624375,1721.00175,1505.6229375,1519.5459375,1420.3298125,1492.7818125,1342.44525,1201.2541875,1299.519,1266.398,1166.6566875,1093.1268125,1799.2976875,1387.835125,1204.3599375,1384.8399375,1541.234,1407.4113125,1587.08025,1040.4895,1012.9393125,1246.3044375,1054.521125,1026.56475,778.0488125,680.807875,1007.3005625,935.5956875,1040.443,673.9281875,746.2175,1045.2438125,854.752625,868.7075,916.850375,758.4523125,617.9916875,628.0388125,1024.3560625,610.3620625,446.0058125,616.0749375,654.5541875,676.9356875,310.12025,261.7746875,909.921875,333.3256875,558.5738125,468.290125,853.160875,151.8664375,658.8721875,635.5835,466.851875,395.9873125,740.0869375,349.4615,391.413,405.8099375,10.8416875,447.2980625,342.9844375,297.0090625
2.4153147529147505,15870.402125,14172.0843125,13611.443875,12620.5960625,11935.0699375,11603.4770625,10834.07925,10078.2441875,10066.693375,9335.467,8981.83025,8104.9624375,7906.5645625,7460.8018125,7617.0583125,6726.93525,6781.7548125,7292.343,9177.0495,8734.576875,8540.6590625,8191.8595625,7941.2861875,7757.6390625,7350.407125,6683.4398125,6405.8124375,6544.929,5742.18825,5763.315125,6016.3418125,5480.2866875,5222.8103125,4952.8285625,4956.79,4977.7049375,4464.1774375,4449.681375,3901.0873125,4047.711625,4186.353625,4108.0045,3540.5530625,3554.7306875,3310.217,3219.587875,3458.059625,3260.9765625,2919.75575,2552.18225,2616.87975,2423.4105,2614.9523125,2713.3394375,2873.59675,2760.2130625,2846.2203125,2774.1315625,2570.67575,2418.2286875,2077.7425,2355.646875,2057.2206875,2490.18975,2079.353,1872.578375,2386.880875,1982.582375,1785.3470625,1770.6506875,1665.0719375,1748.9311875,1593.3215625,1391.114,1482.782375,1514.69775,1417.766,1327.4485,2047.081,1609.8814375,1420.8185625,1677.84775,1709.5383125,1653.7299375,1799.721125,1151.276625,1112.019125,1419.26,1259.183125,1215.525875,962.8815625,835.362625,1198.4063125,1134.2678125,1213.6374375,803.857125,873.7200625,1250.817625,1014.176125,972.00875,1009.5005,885.0535,812.572875,748.54525,1138.965125,780.178625,613.137375,737.6954375,772.1713125,876.98325,480.2851875,367.441875,998.039375,416.6186875,706.6608125,569.662,982.9164375,262.586125,741.6179375,739.5983125,570.9779375,507.182125,804.7225,413.573875,441.512,459.4399375,122.3791875,618.5285625,443.9935,334.5221875
2.4193872756368338,17527.803,15794.399875,15114.525625,14056.91725,13308.3080625,12869.0776875,12012.5715,11233.7906875,11185.5241875,10405.3915,10013.8446875,9072.235875,8833.2175,8296.092875,8493.94725,7521.6556875,7561.0781875,8337.2524375,10631.8528125,10141.9395625,9926.3198125,9522.40025,9239.1459375,9015.641,8536.6996875,7831.254625,7561.4083125,7531.3375,6812.650125,6734.34225,6966.5825625,6340.9390625,6055.1356875,5790.06125,5738.5995625,5748.944375,5167.0148125,5177.0841875,4560.92225,4721.193,4761.5349375,4683.7519375,4114.487,4115.875375,3884.2499375,3722.3189375,3939.2405625,3722.1239375,3353.6165,2949.5005625,3041.162125,2777.6176875,3045.6425,3195.575,3294.4249375,3254.536625,3255.6318125,3187.20325,2979.8836875,2826.2209375,2450.9198125,2706.4309375,2386.7713125,2858.30325,2381.5433125,2268.904125,2621.66425,2280.410875,2089.7519375,2022.970875,1931.6891875,2043.9506875,1855.75425,1594.3775,1692.41425,1812.70625,1708.086,1568.762125,2311.7628125,1854.5513125,1674.23425,1980.65475,1889.8499375,1900.379125,2040.2493125,1314.9865625,1223.6029375,1611.36275,1459.401875,1419.8539375,1180.4566875,1019.582625,1402.4350625,1331.9085,1397.0688125,969.4978125,1026.23675,1479.0955,1204.619,1103.049375,1105.0470625,1033.114,1024.375875,889.558375,1282.8664375,953.720875,820.0378125,873.048125,895.643375,1084.8105,692.41475,496.0915,1076.3181875,535.180875,855.4889375,660.031,1086.047625,383.975,816.5004375,856.64025,685.196625,620.4664375,850.91575,498.8265,486.135875,526.8959375,243.2300625,793.3518125,567.275625,396.9646875
2.423459798358917,19109.2420625,17378.2771875,16568.457,15455.9185625,14658.2654375,14128.623875,13188.2984375,12391.485375,12273.2075625,11462.7275,11043.7561875,10055.548375,9774.724625,9129.83,9368.30625,8339.721375,8315.605375,9363.3953125,11984.62075,11464.8068125,11219.638875,10768.12975,10474.7601875,10225.4391875,9676.13825,8958.5291875,8681.2326875,8518.1290625,7898.8619375,7719.138875,7939.1569375,7185.7475,6880.022625,6644.552375,6509.989875,6513.363875,5887.78625,5898.2970625,5246.4503125,5426.40725,5366.26975,5267.1101875,4692.9035625,4701.608875,4473.189625,4269.1521875,4433.3603125,4207.7690625,3829.555375,3389.9763125,3494.882875,3167.18475,3481.2061875,3695.303875,3740.2541875,3746.069375,3664.261,3605.303,3411.597875,3249.352,2863.99975,3053.0638125,2718.1871875,3228.834875,2692.8226875,2649.4846875,2848.0085,2567.209,2383.286875,2253.359125,2205.29,2344.0055,2099.75525,1794.57325,1914.64675,2126.5375625,2005.3555,1790.324875,2570.4859375,2092.8115,1945.0021875,2256.949625,2072.355125,2116.04725,2293.5650625,1508.9975625,1352.24725,1805.8169375,1639.3234375,1609.20825,1402.817375,1224.9160625,1595.42875,1514.98225,1565.4780625,1149.1908125,1199.024875,1703.0693125,1408.579125,1255.4689375,1202.64325,1188.858125,1234.21775,1027.11925,1436.2640625,1112.3184375,1032.4345,1013.8226875,1013.667625,1267.5719375,917.44,635.8055625,1132.923875,683.5843125,997.4189375,732.3978125,1172.5720625,507.912375,883.17325,981.42225,796.606125,728.937875,876.6926875,600.6604375,535.0423125,599.3556875,356.790625,955.996,697.6338125,469.1923125
2.427532321080986,20434.2999375,18754.8938125,17793.436125,16657.619875,15846.237375,15253.533875,14231.707625,13433.3320625,13213.3551875,12405.45875,11975.6188125,10952.148375,10640.820125,9896.690625,10167.7470625,9109.037,8996.469625,10204.124375,12930.27125,12404.1486875,12140.0086875,11662.00025,11375.2081875,11138.8143125,10540.14925,9832.6453125,9544.861625,9302.846,8779.54475,8533.124,8748.3748125,7853.7861875,7543.9536875,7342.06525,7139.8528125,7135.1228125,6497.7909375,6498.3200625,5847.5694375,6047.4095625,5910.3335,5774.5893125,5191.3744375,5231.248125,5002.9141875,4777.700375,4877.39025,4657.8675625,4294.606,3832.452375,3929.5860625,3548.2858125,3866.2095625,4135.8508125,4123.3193125,4144.716625,4003.5346875,3955.5201875,3786.5031875,3609.1801875,3237.6935,3340.49475,3001.4475,3539.747125,2954.957125,2956.0869375,3022.717,2784.941,2619.158125,2429.1488125,2450.0255625,2595.9384375,2284.9214375,1960.1035625,2127.4975625,2398.089625,2255.5191875,1952.271875,2774.4621875,2278.169375,2188.9626875,2460.9119375,2229.30425,2263.6655625,2517.1353125,1691.5120625,1486.5431875,1970.2305625,1770.854,1752.4446875,1593.308125,1422.9494375,1751.73575,1671.7325,1698.3975,1307.5415625,1363.3631875,1885.856125,1587.3694375,1400.231875,1287.4096875,1322.6145625,1422.41025,1135.1061875,1568.641875,1237.3825,1211.4686875,1140.27675,1113.0673125,1389.16925,1117.341375,765.265625,1162.246,842.072625,1126.3000625,785.5065625,1246.7615625,622.914875,940.373875,1096.2665,887.2980625,828.585,880.8680625,692.52475,590.91725,666.7218125,446.8640625,1091.717125,814.1881875,531.6706875
2.4316048438030693,21352.9481875,19764.1901875,18628.1644375,17514.4555625,16730.73075,16106.9105625,15014.895125,14243.7424375,13898.42075,13125.788875,12706.01625,11666.286375,11334.3731875,10521.139,10818.21125,9760.8081875,9567.9666875,10695.9230625,13176.8570625,12672.44275,12409.27925,11946.273,11671.16975,11488.9009375,10884.3273125,10193.6101875,9918.8428125,9646.9591875,9207.6190625,8946.44375,9175.621125,8157.47625,7870.27475,7690.52325,7472.30775,7451.133375,6830.0341875,6822.6170625,6209.645,6434.2555625,6251.028125,6085.94375,5493.18975,5588.3808125,5368.059375,5119.0133125,5181.3434375,4973.9711875,4655.41875,4192.2674375,4270.0361875,3842.074875,4130.9225,4416.83075,4332.367625,4351.5135,4189.4004375,4139.8355625,4012.1971875,3816.8905625,3472.0411875,3503.4206875,3180.1551875,3720.962625,3108.3875625,3139.563375,3098.7059375,2884.0399375,2749.6646875,2522.4750625,2621.058,2755.8299375,2372.29325,2056.053,2295.22,2559.049,2391.7098125,2014.459125,2858.6848125,2357.01625,2340.3009375,2545.2551875,2317.64625,2313.3845,2655.590875,1814.8125625,1592.315125,2064.486875,1826.067,1820.417375,1710.4836875,1566.393375,1844.9808125,1781.124375,1781.60425,1407.69875,1480.7800625,1991.200875,1692.1305625,1486.173375,1328.700125,1396.4994375,1559.4016875,1193.7578125,1650.22375,1308.005,1322.0151875,1223.5569375,1176.9230625,1420.8455625,1254.217125,858.9090625,1161.7213125,978.3093125,1230.7900625,811.3834375,1296.0723125,710.6944375,975.893125,1175.29525,942.1608125,912.5109375,866.6571875,742.643,644.3084375,719.790875,504.2609375,1182.783375,899.603625,569.4741875
2.4356773665251383,21802.6195,20316.4048125,18997.82775,17941.7616875,17216.2705,16598.2865,15460.909625,14743.7336875,14263.0243125,13551.5016875,13153.082625,12127.696625,11781.62025,10931.1760625,11255.1810625,10233.740625,9996.51175,10769.8530625,12632.775875,12184.492625,11931.971375,11535.5785625,11265.577875,11156.9668125,10598.995375,9914.1786875,9692.8254375,9421.162,9049.946875,8820.791,9089.0949375,7989.7239375,7752.3989375,7581.945875,7409.0671875,7361.876875,6770.8558125,6756.58075,6207.948375,6471.490625,6263.35925,6101.5993125,5503.7544375,5666.155375,5468.224375,5180.307125,5259.6430625,5057.388875,4807.974125,4372.1406875,4431.855,3963.009375,4212.547625,4462.1326875,4295.3709375,4316.6494375,4166.3789375,4094.174375,4034.6755,3815.0134375,3505.5186875,3498.532125,3217.8163125,3727.6305625,3116.1853125,3172.385875,3051.684,2845.362125,2749.683375,2524.2325,2687.6893125,2807.0635,2349.910125,2059.552625,2381.6703125,2565.6311875,2369.3531875,1957.9076875,2783.1585625,2296.8825,2345.2875625,2487.5689375,2302.239625,2254.7594375,2672.054625,1843.2160625,1630.912375,2061.4625,1792.8575625,1787.416375,1721.7505625,1608.579375,1854.155125,1812.6611875,1807.091125,1430.6426875,1520.97625,1994.551,1692.3841875,1472.0855,1300.860375,1381.7036875,1610.43775,1192.01925,1660.9935625,1308.817,1338.03925,1235.436125,1187.097375,1353.9708125,1300.361125,895.975125,1128.63075,1058.1973125,1298.7848125,804.8696875,1300.6751875,753.616625,968.3386875,1193.8778125,954.3666875,967.753375,838.7148125,737.0524375,677.0341875,748.0215625,526.3293125,1218.71075,943.41775,577.8543125
2.4397498892472216,21813.1249375,20407.6608125,18922.211625,17935.783375,17281.3041875,16703.0685625,15556.341125,14899.602,14293.5711875,13668.87925,13279.8585,12302.21175,11949.6155,11079.512125,11438.154125,10474.4786875,10239.5011875,10483.9603125,11488.80125,11124.4495,10882.4936875,10590.7594375,10311.043125,10268.371625,9802.2721875,9108.33725,8967.6545,8705.0945625,8382.212375,8219.3046875,8534.1433125,7406.1956875,7237.83075,7069.5909375,6985.0598125,6909.5035625,6345.164875,6318.1108125,5840.3229375,6156.347375,5933.4910625,5811.0305625,5216.8254375,5436.6925625,5276.9921875,4944.2579375,5088.93525,4878.446,4706.3695,4324.2421875,4370.5779375,3876.6176875,4087.715,4272.36625,4036.9228125,4070.5381875,3944.31825,3838.1793125,3875.3061875,3616.1355625,3352.2810625,3331.75125,3119.974875,3562.6965,2986.429875,3062.62175,2891.65825,2689.704375,2631.971,2448.78625,2650.83325,2758.198625,2238.7908125,1974.23175,2374.6865,2426.9865,2202.27325,1799.966,2566.549125,2112.669375,2201.842125,2310.2023125,2183.8530625,2103.6986875,2566.00725,1773.0526875,1587.7973125,1965.705375,1679.2989375,1647.8873125,1625.9179375,1534.5565,1780.403,1749.6545625,1775.4035,1385.2436875,1473.9895,1894.28525,1594.4011875,1362.7621875,1205.5240625,1279.7373125,1561.3586875,1129.0019375,1601.149125,1243.9990625,1258.4634375,1165.4361875,1134.2495625,1208.6200625,1256.8815625,870.29425,1064.988875,1067.5000625,1324.7225625,777.2216875,1251.6631875,748.1286875,906.5668125,1144.483125,926.2645,980.150375,800.6931875,684.371125,676.647,744.1590625,514.9686875,1200.818875,941.959,563.768625
2.4438224119692906,21460.30625,20078.2089375,18464.455625,17542.6228125,16952.26025,16432.628125,15314.45975,14702.44175,14007.3546875,13492.966875,13087.0954375,12181.6755625,11837.6871875,10953.911,11350.6498125,10447.060625,10253.3335,9955.601125,10074.6401875,9797.7783125,9574.1238125,9395.9455625,9092.2669375,9091.3085625,8747.36675,8043.883375,7977.8515625,7718.87975,7425.4329375,7350.832,7691.932125,6585.07725,6494.1986875,6321.4765625,6342.384,6248.288875,5695.0906875,5652.165125,5232.78025,5599.4525625,5366.6435,5296.7925,4728.193125,4974.352375,4871.1995,4495.9095625,4728.7588125,4501.438625,4401.002,4083.98425,4113.6219375,3626.0220625,3794.629,3917.4299375,3652.4300625,3694.7880625,3586.0061875,3458.5771875,3604.3370625,3288.5499375,3077.8985,3050.428375,2919.44625,3266.9519375,2765.2738125,2850.4716875,2649.2555,2459.8511875,2434.6875625,2323.539875,2537.2535625,2630.6894375,2071.777,1829.704375,2291.6745625,2193.3285,1952.0976875,1587.7145625,2267.716625,1861.30075,1956.7414375,2066.335625,1999.08925,1894.4994375,2368.19,1634.365875,1477.5994375,1804.5283125,1508.9265625,1426.240125,1453.034875,1370.931875,1649.1540625,1607.311375,1696.437875,1298.0209375,1358.6158125,1712.646,1434.29875,1201.812375,1070.5928125,1123.85725,1432.513375,1014.5869375,1490.7984375,1132.9599375,1115.406,1032.6499375,1024.6271875,1023.284125,1157.737875,793.950375,982.225,1019.505875,1311.264375,748.9230625,1157.0219375,707.2851875,803.5765,1042.5509375,869.7809375,943.974125,758.15175,605.0320625,647.84175,712.5243125,480.279625,1140.5381875,899.5415,539.7333125
2.447894934691374,20800.066625,19365.62875,17676.7715,16809.42075,16261.77525,15803.20775,14736.9756875,14153.7386875,13429.641,13029.861125,12591.699375,11766.285125,11455.6831875,10566.89425,10990.9386875,10139.8064375,10011.8631875,9273.3855625,8650.5880625,8449.0345625,8259.62425,8181.679875,7841.273375,7856.7814375,7650.1463125,6954.9804375,6931.2836875,6667.19225,6396.745,6419.742875,6751.12475,5701.7690625,5686.914125,5499.5231875,5627.9129375,5532.214125,4969.650375,4924.3199375,4542.3836875,4941.205,4700.144125,4674.360375,4166.281625,4398.005375,4375.2705,3952.16825,4271.8453125,4031.88975,3993.4006875,3733.862625,3734.7054375,3293.966,3410.407625,3477.18075,3226.9796875,3267.459375,3166.4381875,3046.5961875,3284.5036875,2907.9741875,2749.58775,2717.3001875,2649.3175625,2892.6035,2499.7385,2583.4979375,2356.88125,2192.1118125,2195.805375,2167.0140625,2374.8060625,2445.1775,1872.437,1659.9716875,2161.426875,1918.962875,1680.6205625,1367.7544375,1942.4144375,1604.936125,1667.0644375,1809.5373125,1791.7458125,1657.475,2120.015375,1466.599,1328.4869375,1605.641875,1310.9621875,1160.6365,1240.5306875,1164.4045,1492.6645625,1421.309125,1583.9121875,1192.13125,1207.904,1480.429125,1255.366125,1030.4845625,925.022125,951.69675,1258.552125,867.1734375,1353.1416875,993.476625,957.4833125,873.716625,876.86475,833.1188125,1045.6775,688.1904375,895.127125,936.54875,1265.3475625,731.9261875,1033.9815,641.4876875,684.3634375,910.93075,796.44375,865.2051875,716.5975,517.6858125,609.1315625,663.5318125,442.2785625,1054.7769375,826.836625,512.7664375
2.451967457413457,19838.9680625,18300.2251875,16593.371625,15771.75525,15245.748,14846.2275,13831.1490625,13278.6669375,12594.3881875,12288.4404375,11828.6538125,11076.2935625,10822.4231875,9951.5630625,10378.5823125,9574.010625,9523.027625,8482.191125,7335.5511875,7202.96025,7051.624125,7066.552875,6669.0761875,6682.1815625,6618.0550625,5953.339625,5936.1060625,5663.088,5423.45025,5545.0541875,5828.4035,4859.4255625,4909.6281875,4698.9876875,4927.319,4843.4125625,4253.746,4231.1623125,3870.0705,4284.447125,4032.2338125,4034.987625,3616.267625,3801.657125,3881.36475,3399.19475,3785.505,3550.85675,3564.643625,3343.0844375,3303.512,2946.724375,3005.58075,3008.472625,2800.961625,2836.5726875,2745.9230625,2654.1463125,2947.2868125,2522.70325,2412.69425,2383.2440625,2341.1135,2489.342125,2215.7561875,2293.715625,2041.5546875,1905.4704375,1942.0229375,1981.5765625,2181.3829375,2219.3853125,1654.859125,1486.61225,2002.7195625,1638.43275,1417.5436875,1163.8689375,1625.165875,1377.69375,1373.23,1572.7928125,1590.8743125,1407.204375,1855.389875,1293.6714375,1169.814,1389.855625,1103.77725,886.0828125,1017.211125,955.6266875,1334.0141875,1224.1610625,1449.5826875,1080.75,1046.6680625,1224.64475,1085.0689375,865.8801875,776.0400625,779.6813125,1063.8878125,708.8421875,1203.5255,837.846,820.6225625,717.0231875,717.5376875,658.7535,945.6635625,571.2310625,814.6056875,831.5855,1191.43275,717.546875,898.7681875,546.0845625,567.080875,767.058875,708.0703125,758.3398125,675.22475,434.20125,577.0455625,599.5399375,417.9113125,959.631,735.3693125,481.767125
2.456039980135526,18567.3696875,16937.052375,15265.8400625,14489.6459375,13971.5966875,13635.34575,12660.712625,12150.39275,11563.956125,11318.538625,10866.896625,10181.774375,9986.7354375,9171.018875,9568.1408125,8814.3044375,8831.65,7623.1978125,6160.3479375,6099.1803125,5965.235,6096.316375,5611.6493125,5608.6916875,5686.46,5065.6131875,5031.9760625,4753.7149375,4550.19275,4769.815625,4977.3459375,4103.80225,4199.88875,3963.0516875,4272.8509375,4203.818125,3581.367,3600.8863125,3255.0915625,3682.276625,3415.5579375,3430.4746875,3111.7756875,3235.900375,3424.1399375,2881.55925,3303.80925,3096.70025,3154.37425,2949.4825625,2864.1011875,2614.6375625,2622.183,2553.3549375,2395.8776875,2429.6778125,2363.3795625,2296.1533125,2603.8893125,2147.6480625,2089.935125,2072.2636875,2026.9681875,2099.647125,1928.01125,1996.3135625,1725.11875,1613.2584375,1692.247625,1766.9638125,1973.0135625,1974.3000625,1434.05475,1318.6854375,1823.3345,1368.651,1169.189625,985.7363125,1338.54875,1183.686375,1103.2206875,1363.110125,1411.8003125,1155.5885625,1598.4284375,1119.91825,1025.074375,1174.9719375,890.1221875,629.7671875,803.654875,773.0850625,1188.763875,1034.2408125,1303.4856875,971.0625,892.7555625,970.5311875,927.4984375,713.3273125,620.5966875,608.755625,861.049,557.2025,1056.57225,678.5820625,712.8068125,572.009625,575.7976875,510.8421875,858.743625,453.9408125,743.5365625,706.77775,1090.56075,680.0170625,765.8770625,418.3764375,460.57575,624.1458125,605.494,639.1555,628.3218125,360.7259375,554.30675,513.3880625,407.457625,869.178625,634.34725,442.9986875
2.4601125028576094,17022.9221875,15382.4183125,13788.206625,13072.9753125,12551.0685625,12284.1359375,11354.3325,10888.281625,10436.5325,10218.5988125,9798.0301875,9193.20575,9033.6063125,8311.254625,8644.5645625,7957.42075,8005.770625,6749.601,5133.143125,5142.2926875,4989.2354375,5281.8136875,4682.9394375,4652.1768125,4866.26,4293.2459375,4233.5533125,3961.3659375,3781.34875,4097.4543125,4220.864625,3448.3575625,3567.9726875,3311.9971875,3679.612125,3619.545375,2971.2824375,3039.084625,2711.648,3149.9388125,2873.9018125,2885.1421875,2661.3476875,2725.223,3002.4979375,2413.7395625,2849.114,2681.60325,2780.7905625,2576.220625,2444.2238125,2304.694375,2278.017625,2144.87225,2032.71825,2066.1305625,2035.776125,1969.9559375,2262.2713125,1785.3156875,1787.8474375,1787.182875,1729.0419375,1752.5915625,1652.1370625,1705.322875,1430.05125,1333.1901875,1459.42925,1535.505,1762.704125,1731.3779375,1226.753125,1157.5669375,1634.722625,1122.7205625,941.406,839.3633125,1105.1036875,1013.9219375,879.0276875,1171.6235625,1258.0151875,926.8129375,1365.6226875,942.2759375,902.9996875,975.6566875,674.351125,405.8999375,615.1403125,635.247,1068.267625,859.3239375,1156.718875,863.4933125,766.3939375,743.21525,778.8778125,584.0260625,471.4104375,440.8310625,660.6721875,420.7666875,928.270125,527.5961875,626.8749375,438.189,471.8310625,395.5620625,773.9188125,339.882625,675.4878125,566.172125,970.925,598.1368125,652.555125,273.618375,372.38825,489.7444375,497.8630625,518.5265625,569.74075,299.87775,533.815875,399.3669375,397.1961875,791.2023125,530.3175625,398.1691875
2.4641850255796784,15318.1628125,13772.1444375,12276.3493125,11645.8018125,11113.6635,10908.044625,10048.784625,9616.90475,9312.91,9101.5488125,8703.009875,8210.455625,8055.98275,7449.862875,7696.494,7094.97175,7117.7774375,5906.1118125,4260.439625,4323.277625,4123.926,4606.2841875,3887.1808125,3818.97125,4155.4505625,3633.18425,3543.6958125,3292.8518125,3111.2549375,3514.4720625,3563.27825,2885.458,3008.9545,2750.623125,3161.011125,3100.874,2439.2494375,2551.972625,2246.4605625,2684.755875,2411.543125,2408.5151875,2263.4855625,2280.788875,2606.4454375,1993.1495625,2438.7259375,2304.805875,2453.7501875,2242.052,2066.6408125,2016.0869375,1980.007375,1797.411875,1721.3945,1751.79625,1760.931625,1668.2838125,1935.4643125,1447.6264375,1509.493,1525.7838125,1457.7999375,1461.221125,1402.8281875,1442.8635,1178.170375,1081.2781875,1248.8200625,1310.307,1555.71325,1501.8859375,1045.0485625,1001.05125,1455.6483125,913.2106875,742.488,719.8133125,944.5578125,864.22525,708.119375,989.1536875,1122.1081875,746.1655,1164.5171875,762.1678125,798.8483125,800.99675,473.5455,217.602875,460.0955,545.5138125,970.4146875,703.947875,1020.7431875,752.871625,679.3779375,562.2629375,642.0705625,492.6509375,353.1376875,281.0558125,475.719,297.8263125,827.17225,393.002375,559.9409375,312.2625625,408.0133125,308.6455625,684.5171875,229.5213125,602.1883125,427.5479375,849.4843125,473.387375,570.6016875,137.536625,309.14325,362.9488125,394.863125,405.0730625,493.32425,251.8039375,509.2739375,266.0053125,372.8561875,722.8590625,426.1141875,358.4955
2.4682575483017617,13598.951125,12221.349875,10827.642875,10291.017125,9761.263375,9591.052125,8832.35575,8423.3085625,8253.0535625,8051.475625,7635.4765625,7288.1239375,7120.5964375,6630.9013125,6788.4744375,6284.5629375,6233.386875,5117.7128125,3538.71075,3619.4689375,3379.9058125,4032.3165625,3216.169125,3109.7235,3538.010625,3076.67825,2955.2341875,2739.1164375,2535.358875,2998.4784375,2996.1639375,2401.341125,2516.3244375,2268.3551875,2721.9463125,2650.330875,1992.985,2141.042875,1851.804375,2282.58575,2022.2239375,2004.3816875,1911.31025,1901.32075,2236.7145625,1615.3105625,2076.845875,1959.052625,2170.4813125,1955.7753125,1744.4091875,1751.6596875,1729.4625625,1505.847,1453.7713125,1479.808625,1524.4770625,1389.5110625,1641.1415625,1155.2466875,1263.7505625,1292.1820625,1221.678,1223.6414375,1190.6354375,1229.6168125,976.8704375,862.6344375,1060.7415,1106.7183125,1355.409875,1283.531875,895.0653125,848.2343125,1298.308875,741.6840625,574.6208125,610.333375,858.02075,743.2508125,581.25725,816.0995625,994.496375,617.8555625,994.0774375,588.2389375,707.094125,657.1086875,305.83675,66.5221875,339.168875,491.3198125,880.728625,571.0400625,901.6301875,635.2880625,622.1309375,435.4325625,522.3335625,442.69475,276.61625,136.5460625,318.4396875,180.8584375,751.1420625,280.269125,511.1590625,186.6075,374.366125,235.0544375,598.2755625,127.776875,522.4170625,311.7578125,738.0945625,324.1628125,516.0076875,33.469125,270.574625,244.74475,298.634625,305.2299375,397.386125,215.1478125,479.7103125,134.46525,326.793,659.4404375,320.54575,334.0171875
2.4723300710238307,11981.503625,10800.015875,9501.90725,9042.1828125,8543.573,8381.6223125,7742.7371875,7343.139125,7277.0458125,7099.49625,6629.947375,6440.3795,6259.926,5867.0416875,5950.834125,5551.6351875,5406.756875,4400.8668125,2947.0885625,3004.379375,2763.0155625,3521.9245625,2654.3418125,2521.053,2995.4485625,2609.9231875,2456.2920625,2283.5514375,2050.463625,2529.4170625,2505.4666875,1986.825125,2090.067125,1849.9766875,2356.0309375,2255.1021875,1630.3883125,1797.1420625,1505.61825,1941.741875,1698.197,1675.8346875,1596.2020625,1579.2703125,1907.3674375,1284.2816875,1754.9559375,1643.801375,1914.8471875,1711.47825,1471.3788125,1520.774625,1518.894625,1259.9976875,1216.9013125,1244.4048125,1308.0455625,1142.8310625,1393.0564375,923.008125,1057.12925,1094.765375,1026.2290625,1027.351125,1019.939375,1066.757125,816.6013125,671.2835625,898.3633125,922.42725,1167.4613125,1074.78825,778.3404375,706.23075,1160.518,596.460125,435.8565,494.9414375,821.6935,664.232,486.0284375,663.0050625,870.262875,523.8830625,847.52825,433.1110625,626.839125,545.6470625,175.1994375,-42.5703125,249.142375,456.193375,788.330625,460.9869375,797.0964375,509.1016875,575.09275,357.42275,419.9960625,424.2459375,231.3728125,15.09025,195.5545,68.0939375,691.7216875,190.85425,471.313,53.371625,361.32475,163.51925,529.148,40.701125,443.83225,225.136375,639.1591875,174.08025,476.2374375,-28.6273125,249.1494375,147.471375,209.3,220.5366875,291.0279375,185.7585625,444.2908125,20.832625,260.93,600.668625,211.101875,319.464625
2.476402593745914,10527.3365,9536.20925,8327.057125,7911.3793125,7468.736,7306.3481875,6789.6566875,6375.8156875,6391.1309375,6235.34875,5714.1384375,5663.4071875,5483.808125,5160.6673125,5188.8385,4903.923875,4671.32575,3771.90025,2457.2335,2461.8095,2264.75475,3054.9978125,2183.486625,2040.666875,2517.4529375,2217.066,2037.5949375,1912.397375,1650.9304375,2105.1995625,2077.0461875,1637.1733125,1734.7101875,1485.7169375,2048.5083125,1897.2738125,1343.528125,1503.8485625,1186.6463125,1663.6566875,1432.0526875,1421.131125,1313.4881875,1308.393375,1629.8624375,1009.0951875,1465.8556875,1369.0628125,1671.5513125,1497.9855625,1231.7851875,1329.9690625,1336.0160625,1049.599875,1010.371125,1042.005625,1100.795875,940.451875,1192.580625,748.555,883.1535,937.8011875,866.1076875,860.0956875,883.352625,932.4189375,681.5891875,497.390625,767.2866875,745.743375,997.7584375,886.0058125,693.4094375,587.890125,1036.2209375,467.7934375,326.332375,366.1895,801.348375,631.1739375,417.513625,544.8885625,748.1149375,442.1359375,717.0400625,310.1795,559.998875,456.553375,72.547,-105.9471875,184.430375,429.6490625,692.4205,372.059375,701.8114375,372.06825,525.2228125,315.700875,335.3544375,420.7456875,201.1459375,-79.2174375,102.553125,-33.478375,642.2218125,122.371,423.7335625,-81.6366875,363.6721875,93.685625,481.7733125,-34.2900625,377.1044375,164.4705,555.475375,43.467625,439.99475,-59.7055,230.6255,86.3675,130.8970625,150.441875,192.0738125,154.9034375,398.472125,-71.033875,188.967625,542.7613125,98.143125,298.82275
2.4804751164679972,9256.6855,8430.6730625,7309.5363125,6907.0529375,6527.0058125,6377.9384375,5962.75775,5512.9640625,5594.7035625,5440.4774375,4908.9936875,4952.3651875,4794.7246875,4519.7814375,4498.1604375,4334.5648125,4034.14475,3240.07325,2046.135625,1987.1718125,1863.4153125,2630.5065,1784.7075625,1644.3434375,2100.406875,1884.8150625,1692.0801875,1616.15025,1325.949625,1740.522125,1704.971625,1351.2335,1452.8845625,1173.5684375,1779.2064375,1569.6764375,1120.6374375,1246.960125,888.1170625,1448.989875,1214.6135625,1224.7241875,1063.2028125,1085.445,1401.137625,793.8766875,1213.45825,1141.380875,1438.619375,1312.18325,1016.4,1174.7878125,1171.915625,864.3075,844.017375,865.067875,908.33225,783.2190625,1031.3065,614.6635625,726.3698125,817.527,729.4311875,718.538625,764.3065,801.891625,558.8285625,335.488,665.20975,570.82225,851.470125,729.1080625,636.0429375,498.332375,925.5983125,357.2535,241.9248125,230.4688125,770.5651875,632.2503125,375.22975,467.1536875,628.5293125,358.44975,599.832,229.2143125,505.7919375,377.92475,-14.3518125,-130.52925,136.8503125,408.0481875,595.546375,300.116125,613.73875,225.674,468.7281875,295.03375,272.5866875,413.6019375,174.718,-149.360125,26.867,-115.2670625,603.302875,70.83375,353.53875,-195.6831875,375.697875,29.47125,450.8718125,-104.7366875,324.1540625,128.09525,494.6759375,-59.7768125,403.3445,-81.0710625,197.68275,64.400375,65.532375,91.4581875,116.0355,117.1548125,338.2069375,-143.1448125,127.5244375,475.584125,-13.0573125,263.37375
2.4845476391900663,8169.61375,7471.5155,6442.7798125,6034.9651875,5703.975375,5593.4444375,5239.6468125,4755.3060625,4879.4475625,4709.3414375,4221.758375,4309.2670625,4195.8163125,3953.761625,3874.0194375,3825.0710625,3485.587625,2799.6549375,1697.4518125,1582.9430625,1535.2215625,2254.706625,1442.7004375,1303.664,1745.344125,1604.3025,1409.3975,1383.7854375,1060.788,1447.5634375,1393.51275,1129.447125,1236.2595625,913.1013125,1529.3823125,1280.13175,947.9813125,1024.0825,619.475125,1288.75975,1034.462125,1057.2539375,842.7929375,907.2341875,1207.8875,631.6820625,1004.811,955.0645,1223.367375,1154.678375,819.7741875,1042.2385,1023.2798125,702.177,720.2461875,707.7075,746.5370625,660.561,899.955375,503.3288125,577.5508125,722.4066875,606.7996875,606.3538125,647.843375,665.46625,442.41875,191.3245625,580.042375,407.095,733.6116875,603.1319375,597.2599375,429.6133125,830.5243125,271.8095,166.5095,108.9049375,717.1665,646.8674375,356.5736875,418.601125,515.1123125,267.94225,500.8253125,190.70775,455.5654375,309.712375,-92.567125,-134.551,98.7446875,392.2138125,502.355,241.8539375,533.245375,81.8525,406.737,278.8076875,230.2675625,391.0959375,144.292125,-202.6901875,-35.6796875,-171.743,575.8645625,30.9526875,255.5096875,-268.3374375,386.30175,-27.380125,426.964375,-174.87275,276.0388125,113.7771875,462.80325,-136.0795,371.5046875,-107.5418125,140.1916875,70.893625,10.8044375,37.678,67.9703125,78.0705,267.2275,-200.898875,83.6915625,394.2238125,-115.1266875,216.17675
2.4886201619121495,7251.23375,6640.5386875,5708.1700625,5292.4738125,4985.8555625,4934.820625,4600.659375,4107.6708125,4239.463625,4050.68425,3645.53925,3740.7895,3681.6735625,3462.6278125,3314.75725,3360.66875,3017.6798125,2434.70075,1402.291375,1252.5928125,1262.5009375,1931.274875,1148.365,998.8606875,1456.5105,1367.4973125,1177.2150625,1203.064625,842.743625,1221.79975,1147.1566875,964.588125,1068.3916875,698.8783125,1290.7085,1037.351625,814.67925,838.8144375,397.06425,1165.9335,879.2078125,891.3195625,644.347625,767.2475,1038.0209375,507.0175625,841.885875,799.2298125,1031.8593125,1015.6509375,640.5333125,920.1029375,889.9316875,564.01475,626.460625,570.6513125,624.1501875,561.178375,793.838375,405.6558125,441.7493125,633.5361875,495.023625,526.910625,528.574875,527.218875,330.5429375,79.8499375,499.3285,271.6670625,646.530125,496.6898125,564.94325,368.179875,747.9186875,214.6555,84.458625,22.3640625,640.6075,659.035625,353.3286875,385.9658125,415.7729375,173.6749375,426.9743125,188.1544375,401.50775,251.422625,-159.57725,-136.226,66.302875,382.401625,425.37775,200.1885,461.241125,-38.638375,340.4678125,255.191125,198.031,354.7919375,100.314875,-242.724375,-74.5685,-199.0495625,555.3575625,-1.2951875,137.3683125,-296.9994375,378.980875,-77.9376875,399.93425,-243.1701875,225.9208125,113.605625,455.7878125,-184.818625,349.156125,-142.515,63.5208125,90.7498125,-33.9704375,-9.840625,45.0966875,47.5163125,197.107,-249.7303125,54.5486875,307.142875,-200.7393125,164.9335625
2.4926926846342186,6467.982625,5915.478375,5072.355875,4668.3386875,4363.773375,4374.4938125,4034.4916875,3567.2269375,3677.431125,3478.5169375,3166.99025,3248.2700625,3233.3794375,3036.93575,2823.1725625,2939.264125,2629.315375,2130.707875,1160.555625,993.251875,1034.7738125,1658.3773125,897.280375,725.3405625,1233.9818125,1165.110875,987.111125,1063.0621875,665.82225,1044.805,961.820125,837.7363125,939.4215625,524.3858125,1066.46825,839.142625,716.098,687.4925625,231.7045,1064.6491875,739.8800625,718.6928125,464.4450625,658.9518125,888.4798125,406.5483125,723.66875,669.147,866.1459375,879.8778125,490.0109375,805.31925,774.5208125,442.5868125,546.4701875,453.5481875,530.4116875,474.1534375,712.802375,320.47775,328.6568125,532.2491875,398.71525,477.2805,411.2664375,398.6164375,223.599125,6.85775,417.9216875,176.0313125,586.0080625,400.2823125,527.2060625,305.4769375,673.81925,180.4124375,0.476875,-24.2793125,549.394,659.844625,351.4885625,365.19375,340.02075,82.072875,377.6531875,213.0011875,346.641,192.164875,-208.9281875,-143.01875,36.1289375,373.7501875,380.3515625,175.4763125,400.7835625,-120.7025,272.403375,221.31675,166.06125,314.268875,34.82675,-265.5005625,-82.3495625,-194.528,539.8053125,-27.2794375,15.6925625,-295.0074375,341.158875,-126.638375,363.50875,-301.758625,177.389875,116.254375,458.2296875,-205.8085625,331.8113125,-179.336375,-13.7903125,110.6433125,-65.9494375,-39.4151875,41.6564375,27.5968125,135.4639375,-290.4076875,35.122625,226.5719375,-262.12775,121.298
2.496765207356302,5780.7258125,5276.8263125,4505.444625,4149.73575,3830.9426875,3887.122125,3533.304625,3121.2435625,3194.987875,2998.6994375,2772.461875,2819.6995,2833.812625,2664.41,2401.607,2564.0181875,2317.1811875,1880.85775,974.713125,795.0666875,847.329625,1429.6121875,688.0098125,489.969125,1069.128875,990.7701875,834.6264375,953.1244375,529.8433125,899.653125,825.4570625,727.42975,846.89825,388.6624375,862.999125,674.6451875,649.8315625,557.2311875,120.8850625,972.067,615.0139375,553.6729375,312.0553125,580.0069375,763.47725,323.166125,646.3410625,565.527125,722.4666875,742.2186875,381.055625,703.005375,686.16325,333.3289375,473.604,354.372875,443.1976875,390.372625,654.44125,248.7655,239.81725,417.637,322.659875,445.836125,305.6305625,293.22825,125.9896875,-41.0209375,336.01975,120.5660625,543.9684375,312.8240625,476.305125,243.397125,606.4741875,160.2856875,-65.0605625,-41.843375,463.1596875,646.0724375,335.6326875,353.500375,288.6045625,-0.1413125,344.6709375,255.659125,297.89225,125.3956875,-237.619,-149.2289375,-0.25925,358.81025,366.5424375,155.389875,355.856375,-165.81425,207.2585625,182.901375,129.9298125,279.1675,-48.9383125,-263.77775,-71.72025,-165.26425,527.401875,-47.037125,-93.993,-285.667375,276.2164375,-177.2861875,316.3609375,-344.8108125,137.505375,113.3201875,454.24075,-204.5638125,309.8828125,-209.3281875,-74.1695625,124.2574375,-84.1650625,-40.2286875,49.874,13.964875,78.247125,-321.084375,23.4628125,154.8383125,-295.0174375,95.711625
2.500837730078371,5165.3600625,4715.3269375,3999.0828125,3724.5444375,3376.0311875,3457.0770625,3091.344125,2753.72425,2782.64225,2604.8566875,2448.2998125,2434.3908125,2475.828125,2338.1710625,2042.305375,2234.5915,2071.0504375,1683.1280625,840.873625,644.581125,697.1661875,1237.6914375,523.2653125,300.704625,947.2615625,843.968,712.8133125,861.6149375,437.4088125,778.544625,723.10125,620.697625,783.0045,292.280125,684.8188125,530.9835,609.36725,433.6221875,52.24925,873.948125,506.3775625,422.221125,199.9258125,532.4815625,665.5643125,252.7558125,599.307625,484.015375,592.3776875,605.165375,310.7665625,617.0646875,636.4178125,243.3394375,406.9428125,276.7263125,348.6558125,307.843625,609.084375,190.11475,166.6625,307.60025,261.6604375,417.7414375,220.35325,222.7646875,43.5470625,-81.105125,255.4661875,95.5744375,515.837875,238.7523125,414.138875,187.1565,544.0280625,148.4404375,-100.8970625,-46.3623125,405.7594375,623.7014375,297.0984375,340.3349375,249.7218125,-64.9874375,318.117125,302.79325,256.716125,57.3903125,-247.5885625,-145.655875,-49.5159375,331.3798125,357.7073125,126.265,325.637375,-184.968875,149.622375,153.389375,87.21,253.8045625,-134.9539375,-235.627625,-65.6434375,-133.688875,511.517625,-58.886375,-183.172375,-294.063,202.2356875,-225.1745,261.6088125,-375.2715,108.36875,102.5421875,439.159,-190.718875,279.8925,-231.279625,-110.1454375,131.7781875,-94.381125,-15.2901875,63.885875,8.4185,19.8473125,-342.0109375,19.610625,86.868,-303.018,86.51575
2.504910252800454,4617.3393125,4225.849625,3557.7704375,3376.0634375,2983.380875,3075.4259375,2706.01725,2452.0688125,2424.5631875,2287.993125,2180.8634375,2080.5570625,2157.6803125,2061.71925,1729.7669375,1944.2685,1872.9090625,1531.98475,745.7486875,524.5983125,579.6608125,1080.6820625,408.4814375,159.2385,851.185125,725.3171875,610.709125,776.2488125,385.7399375,672.9540625,639.112125,514.3359375,730.0816875,230.0400625,536.287875,403.686125,582.673625,309.18575,13.2576875,756.43475,413.3395,342.01675,130.0309375,516.3675,589.94425,194.4289375,567.28775,413.356625,473.4143125,467.6605625,263.4723125,546.33475,624.7361875,182.556875,346.94975,224.5175625,250.1105,232.402375,567.283125,143.817875,101.266875,220.9723125,204.5395,385.0750625,158.9536875,196.529,-17.194,-122.0934375,178.889,86.9775,500.931625,184.4765625,351.1140625,136.27925,485.393,138.04125,-114.344625,-52.21125,388.298375,600.694,239.601625,313.3265,209.2863125,-107.2620625,287.02925,335.4793125,222.360125,0.330875,-243.695,-134.63875,-109.288125,289.103375,324.3928125,88.2315625,306.65725,-189.148375,102.5290625,144.827875,39.20575,235.47175,-200.320875,-193.429125,-74.5370625,-125.148875,489.375125,-59.89925,-246.823875,-331.1105,138.7118125,-261.4303125,206.7775625,-396.3735625,88.0625,88.330375,415.484375,-171.7826875,248.4526875,-250.5575,-118.9098125,130.7741875,-106.568375,22.2221875,84.208,17.806875,-35.002125,-353.480875,23.58225,26.0135625,-295.4440625,85.0400625
2.5089827755225373,4140.5734375,3795.6045625,3185.987625,3079.0880625,2639.3021875,2735.5583125,2373.2944375,2209.808625,2109.7865625,2041.0768125,1956.6030625,1766.241625,1880.1499375,1838.691125,1455.3065625,1685.5675625,1700.183375,1410.49575,670.566625,416.693,487.5289375,958.3785625,342.8978125,59.1883125,765.1174375,633.0869375,516.9115,685.823625,356.680625,570.654875,559.659375,410.91525,670.438,193.329875,418.244125,300.152125,556.485875,189.3895,-5.7560625,615.1419375,337.09125,307.5638125,92.6241875,521.877625,528.886,152.4494375,537.5938125,347.2733125,371.9681875,325.4776875,224.2159375,491.0700625,632.0750625,154.3628125,298.940625,192.3126875,161.6075625,173.5298125,526.95975,111.8698125,45.5361875,167.777125,143.5190625,347.443625,120.42775,212.3015625,-51.30825,-171.2245625,107.3900625,83.08825,498.522,158.664625,299.4499375,85.540625,431.131,122.4385625,-118.90975,-70.38275,401.796,569.3705,176.5129375,271.048875,160.5991875,-127.29675,241.7640625,339.6685625,197.3325625,-37.0598125,-227.429625,-127.2565625,-169.9964375,236.9395,261.757625,51.694,297.704375,-187.9276875,63.734625,156.3799375,-7.4993125,219.0780625,-230.067125,-159.2003125,-92.83475,-154.4249375,465.295375,-47.8998125,-282.899125,-382.874375,96.92875,-280.2045,159.4644375,-404.4545,74.163375,80.0110625,380.605125,-153.326125,222.9960625,-272.5701875,-102.1135625,115.6985,-126.2551875,60.24275,112.2695625,43.2246875,-75.768875,-351.5789375,35.6688125,-11.8365,-282.2610625,92.4014375
2.5130552982446064,3733.321125,3407.7414375,2878.551875,2804.1641875,2336.1585625,2431.5595,2086.25475,2023.2440625,1835.9778125,1851.6055,1762.315875,1506.9723125,1643.1208125,1661.071375,1222.3785625,1457.315875,1536.3833125,1295.3811875,598.479125,310.5185,411.73875,861.597125,313.96725,-11.8745625,680.3796875,565.6965,423.2695625,583.71775,322.305875,465.8575625,476.7605,319.1980625,599.4749375,175.6851875,323.3868125,225.041125,523.5390625,88.7423125,-11.6006875,464.5498125,282.1963125,295.7344375,73.5436875,530.72475,481.21475,131.325375,502.6525625,293.1025625,294.1000625,180.839,186.222875,457.25425,632.4239375,152.7488125,267.2670625,167.5144375,94.642375,138.47,489.2235625,96.460875,6.0020625,145.1289375,80.2205625,308.494125,100.78575,251.079125,-63.113125,-237.1490625,39.7,77.6301875,503.1263125,166.782625,269.46875,32.773,378.0649375,104.3265625,-124.932375,-106.8256875,425.4316875,512.10875,120.7311875,228.4613125,102.566125,-129.4670625,179.449125,317.7458125,182.7910625,-57.0218125,-196.8715,-126.258875,-217.60075,187.72675,186.8101875,24.8281875,297.4174375,-188.482625,26.6741875,177.8663125,-52.5716875,201.879625,-233.8775625,-141.9871875,-112.771375,-224.1585,443.5916875,-21.3154375,-297.022875,-421.4679375,76.7745625,-280.8736875,121.8355,-391.5698125,62.939625,85.24775,329.17475,-142.6540625,205.65275,-297.490375,-67.529625,87.8903125,-148.2299375,90.4680625,144.64675,77.068,-96.6414375,-331.43075,55.996125,-14.981625,-268.6935,119.638875
2.5171278209666896,3381.73275,3054.6469375,2616.61425,2530.469625,2072.934875,2157.0450625,1839.3015,1885.3421875,1606.388625,1697.252375,1590.295125,1305.9758125,1443.216125,1515.4790625,1035.4198125,1260.2271875,1377.79975,1171.7931875,518.427,211.2838125,343.9975625,777.3400625,304.7523125,-64.7365,597.3906875,522.7525,327.713125,467.86375,262.9744375,362.918625,388.9005,252.4730625,528.63075,172.6326875,239.1891875,171.485875,484.393,19.1940625,-8.013875,333.6896875,247.553625,286.388125,58.737625,524.548375,451.600875,127.3638125,459.3201875,261.1081875,242.0458125,46.790125,151.5700625,447.8029375,608.468375,160.06975,249.833875,142.6499375,47.8525,130.168375,455.69175,93.7190625,-15.8026875,135.3913125,26.398875,273.7618125,95.1523125,289.6996875,-64.266375,-318.0578125,-22.0303125,67.362375,505.4554375,202.6195625,265.8136875,-14.8618125,318.38725,90.318125,-140.0171875,-157.395125,439.136625,427.2866875,77.844,204.6956875,32.2293125,-122.5383125,104.672375,283.0306875,173.27575,-69.216625,-155.5198125,-123.4935625,-240.502375,151.4491875,116.8704375,9.1235,301.25675,-192.3538125,-12.229875,200.327875,-103.398375,182.4730625,-239.1485,-129.8368125,-134.948625,-322.841625,422.548375,17.507625,-297.6645625,-431.797875,65.719,-265.6240625,87.7746875,-355.3961875,51.493625,104.4081875,266.1336875,-142.6171875,196.307875,-317.2434375,-24.926375,57.483125,-160.1268125,108.2658125,176.9813125,105.2716875,-101.5080625,-291.7900625,80.253625,10.98475,-253.59475,166.5526875
2.5212003436887587,3065.0420625,2738.885125,2379.7795625,2258.233625,1854.2515625,1906.8999375,1628.96825,1781.032,1424.6944375,1555.34625,1438.602625,1152.5865625,1274.0203125,1390.6766875,891.71025,1094.780625,1231.8675,1040.060125,425.2991875,132.761875,275.16425,702.1268125,304.3448125,-102.1875625,520.08475,499.37075,232.5354375,339.567875,180.473375,274.9526875,304.05875,218.0221875,476.3645625,179.998,153.490375,131.89625,441.69475,-19.638625,2.4915,243.6111875,224.105625,274.1255625,39.3843125,495.3285625,438.113375,130.43275,409.3594375,251.1438125,212.4324375,-60.9964375,123.5446875,453.3133125,556.713,154.5016875,242.10175,116.5725,7.7706875,145.801125,428.473375,93.258375,-24.2890625,118.216375,-5.85475,245.624375,100.516625,311.718,-61.2064375,-398.524125,-66.72475,48.8536875,501.5945625,249.3423125,284.338375,-47.4776875,245.8071875,79.3911875,-164.6175,-205.6664375,429.51675,334.8774375,49.719,201.03775,-51.139625,-115.303125,30.3663125,245.9311875,162.111625,-80.2718125,-108.7763125,-110.6075625,-240.3843125,123.7605625,59.9475,1.720625,300.56525,-197.042625,-51.527375,216.184375,-157.65325,157.85275,-267.658375,-110.0399375,-166.181375,-423.426875,398.5855625,59.5425625,-287.8745,-425.691375,43.013875,-230.3499375,46.9158125,-308.42575,43.8025,132.2689375,206.49225,-148.3936875,194.6645,-320.7041875,12.743875,36.501625,-155.8124375,114.6223125,209.786,113.8218125,-100.291625,-237.5745,96.742125,50.09275,-234.0105,212.65225
2.525272866410842,2770.2324375,2461.3374375,2158.6885,2005.4446875,1688.391625,1682.189875,1451.9363125,1686.144375,1289.1965625,1415.359875,1304.340375,1034.5146875,1128.3355625,1280.42875,786.356625,964.7416875,1105.647625,907.4335625,319.5344375,81.098625,199.9355625,637.043875,309.2560625,-121.118875,446.237,486.100125,141.8788125,209.553125,93.2455,218.3610625,240.8868125,209.821375,452.039625,195.2339375,60.4900625,105.4891875,397.6699375,-41.59775,19.22,190.807875,203.7424375,259.16525,14.993125,448.36375,428.668875,132.672125,357.5284375,256.2643125,197.1059375,-134.0031875,100.2050625,457.5111875,485.3350625,129.3385,238.9065625,83.184125,-36.9490625,174.2955625,404.1629375,83.961,-25.0776875,84.3408125,-15.5015,223.1055625,115.1738125,306.70725,-50.7579375,-460.5973125,-78.8698125,20.854375,494.24675,289.216125,316.5600625,-64.82875,161.0453125,66.3426875,-188.849625,-235.8049375,390.434625,254.623625,34.484375,199.551,-137.9893125,-109.8078125,-23.996375,208.178625,148.394375,-89.99175,-54.51725,-86.9878125,-232.917,92.88875,20.046375,1.188,285.4488125,-201.972125,-87.1779375,222.207625,-201.9638125,125.4675,-323.79975,-84.159375,-206.2408125,-497.6274375,372.7850625,96.2343125,-265.853625,-426.2189375,-6.3255,-169.0435,-4.5685,-267.6049375,46.0670625,160.6785625,162.880875,-153.7408125,200.385375,-300.657625,32.0201875,33.9303125,-138.72775,113.6808125,243.562375,98.645125,-99.8763125,-182.751,93.4045625,88.5973125,-208.47975,236.56825
2.529345389132911,2499.6980625,2215.22925,1950.20625,1787.037375,1580.132625,1489.285375,1304.0273125,1579.1978125,1190.745375,1282.4745,1183.5833125,945.22,1001.929375,1185.242125,715.5626875,873.38775,997.76375,777.4321875,205.7984375,49.1271875,124.1995625,577.929125,319.304375,-120.645,365.6836875,475.752,58.3245,99.9665,16.61775,203.32525,214.0375625,212.9428125,446.2678125,213.821875,-32.12225,92.7529375,353.5210625,-62.4496875,45.49625,154.375,183.6011875,235.0315,-13.4528125,395.152125,413.1781875,129.6899375,307.831375,270.826,195.684375,-172.354125,77.6473125,448.2823125,406.588875,96.8368125,232.630375,32.42975,-85.404875,201.829875,371.6628125,61.4725,-24.0253125,37.9664375,-7.7521875,206.670375,133.5049375,270.80675,-30.3978125,-495.7043125,-49.2371875,-14.6254375,485.3433125,313.5556875,352.771625,-73.079375,74.54525,51.464,-202.6088125,-247.488625,325.8068125,189.9169375,25.5498125,185.576,-214.9010625,-105.0769375,-48.494,164.2820625,135.1618125,-95.8978125,7.063875,-59.1383125,-232.3859375,54.1823125,-0.1381875,8.095875,252.8473125,-207.40075,-114.2789375,225.825625,-230.3125,85.927125,-398.7295,-63.46225,-242.2859375,-534.7838125,348.1580625,125.301375,-232.250625,-445.6324375,-77.5516875,-91.247375,-58.298375,-237.007625,51.9908125,181.9019375,136.9430625,-154.8018125,209.1495,-256.7645625,29.6753125,52.1894375,-112.4125625,109.83025,270.2945625,67.203875,-103.7884375,-145.4234375,69.3255,119.3934375,-175.0571875,237.9648125
2.533417911854994,2260.9609375,1990.8301875,1749.4619375,1604.8155625,1520.406,1329.2585,1179.1535,1456.7989375,1115.4595625,1167.7085625,1080.1665,879.8868125,894.8799375,1106.045125,672.365625,815.5663125,902.4305,651.2055625,94.096375,23.4864375,57.053875,519.36725,330.8605,-107.52725,271.15275,463.470625,-15.73925,31.442125,-44.2246875,228.1551875,216.363625,213.784875,440.4374375,224.6083125,-104.406625,92.1275,308.2125625,-89.387625,89.6299375,118.0200625,161.9898125,194.9201875,-48.768,343.8554375,394.98325,115.9114375,260.9889375,288.362625,215.7216875,-182.592125,50.7188125,420.758625,327.8105625,70.2845,216.7278125,-35.683,-129.6483125,217.7655,318.9975,33.7395625,-28.666,-7.7245625,18.1636875,198.62775,143.6911875,210.3705,-6.325625,-507.6596875,16.29575,-55.451875,473.64025,325.7263125,381.747125,-74.2531875,1.868,38.5275625,-205.60675,-251.819875,251.72275,133.310875,21.69725,161.4308125,-274.1905625,-106.3845,-53.3683125,109.4528125,123.38825,-98.78125,57.957875,-32.2,-242.8516875,12.6561875,-0.517625,19.5405,207.1594375,-210.4449375,-129.18725,236.63225,-247.8816875,42.061375,-479.7945,-56.7240625,-260.6783125,-541.5620625,325.349625,149.61175,-196.5328125,-482.4245,-149.0515625,-20.3133125,-98.7960625,-209.9385,41.8749375,194.9624375,121.1039375,-150.0553125,209.815125,-197.1530625,16.3156875,85.922,-78.1758125,107.6389375,275.789625,31.08575,-110.9954375,-131.991125,35.8470625,141.3035625,-131.0288125,232.5114375
2.5374904345770632,2051.6771875,1784.544375,1552.38575,1455.90425,1483.2278125,1190.9299375,1073.9718125,1329.782,1050.954,1074.8701875,1004.312875,828.36675,809.3679375,1039.950625,644.5475,778.1765,817.5343125,534.7385,-1.5445,-5.6059375,0.58225,456.983375,333.862125,-92.41275,172.4741875,446.495375,-71.4600625,7.1339375,-85.9315,278.9713125,223.6066875,207.3845625,420.9780625,213.98725,-139.82,95.6915625,261.1156875,-123.1750625,159.5986875,84.627375,136.7155625,145.252,-93.9956875,295.9661875,388.8250625,88.672625,215.5978125,298.3744375,257.8009375,-176.94075,13.741,373.9866875,251.8065625,49.44825,190.0594375,-107.407125,-163.623125,211.4453125,242.997125,15.7843125,-43.0175625,-37.947125,66.0099375,200.6170625,135.8395625,136.8344375,11.7620625,-506.4130625,99.342625,-98.8366875,456.087875,334.790875,394.636125,-67.1274375,-49.1675625,28.8839375,-203.0649375,-259.83475,190.2359375,78.2656875,30.4083125,139.6163125,-311.329,-123.504375,-55.1780625,51.8303125,109.1335625,-104.8279375,72.5345,-8.2683125,-260.4893125,-23.78275,17.072875,28.183875,155.3961875,-205.0035,-129.6163125,257.71275,-260.1604375,0.704125,-554.1926875,-61.5764375,-259.762375,-524.3968125,302.922125,175.58625,-170.06275,-529.088125,-201.23275,27.3435,-109.33825,-180.9291875,2.613625,208.378125,109.9301875,-144.9158125,189.6609375,-135.1901875,7.1990625,125.1175625,-36.8589375,108.4111875,251.25525,-3.3005,-110.57425,-131.454875,9.054,157.1779375,-76.7398125,227.9228125
2.5415629572991465,1859.8055,1605.82175,1359.2186875,1336.8516875,1438.3728125,1061.1498125,987.882625,1208.2265,990.797625,999.176875,958.243875,776.9423125,745.3301875,983.853125,618.500875,749.03075,748.4585625,436.4271875,-68.8445625,-39.116625,-45.279625,385.888875,319.801625,-81.6073125,92.42025,427.1706875,-97.6049375,13.0695,-105.5604375,332.82425,215.0953125,195.5301875,382.60275,175.744125,-139.4360625,88.4359375,215.9239375,-161.8971875,250.096375,68.3715,108.3546875,102.8606875,-146.0023125,247.6874375,404.6058125,53.141875,173.0955,293.0929375,312.1835625,-170.072625,-32.765625,309.8279375,182.945875,25.5235625,154.5783125,-171.025,-184.3725625,173.771375,151.9345625,16.5039375,-61.597875,-46.4093125,131.8080625,215.0866875,112.7244375,59.4573125,23.2944375,-501.2821875,179.414125,-139.9249375,428.1705625,344.3920625,391.3751875,-55.7625,-85.0489375,25.5375625,-196.118375,-277.978625,154.4905625,25.8435,55.721,128.5085625,-321.575625,-159.8209375,-62.26775,9.9245,90.93125,-119.999875,41.90175,9.250875,-279.9291875,-51.020125,49.3379375,25.612,103.9445,-185.7260625,-114.736875,287.51325,-266.7258125,-27.1778125,-610.0870625,-68.782875,-245.9263125,-481.3025625,279.332125,208.5009375,-154.4776875,-575.702125,-230.841625,52.532875,-79.9756875,-151.31025,-58.88925,231.7540625,108.5171875,-153.0845625,140.0265625,-86.1979375,9.06725,155.7924375,12.2100625,109.332,199.3135625,-38.23875,-88.4564375,-130.7624375,1.531875,169.645125,-15.535,217.6068125
2.5456354800212297,1679.537,1468.6319375,1172.9290625,1241.040125,1371.5660625,934.2431875,915.2079375,1097.40475,932.9236875,933.6535625,930.32075,721.3055625,698.3039375,933.9559375,587.664125,723.482875,701.669,359.037125,-100.9590625,-69.785625,-77.3163125,306.5755,288.999375,-77.1159375,48.5295625,409.8653125,-89.336,31.9861875,-106.311625,367.0226875,184.7034375,181.8730625,327.4374375,114.922375,-115.91225,62.18,180.1815,-196.815,341.8116875,78.0779375,81.496,78.5550625,-196.1798125,194.0096875,434.3253125,15.6553125,142.2740625,272.350375,363.8133125,-172.7319375,-80.722125,237.7176875,128.63225,-5.7803125,110.7186875,-226.089625,-190.057125,106.0229375,60.697,32.424375,-72.1934375,-37.621875,203.3469375,246.1000625,88.5494375,-10.6830625,38.64425,-498.032375,242.421875,-177.2130625,389.3928125,348.4704375,382.1045625,-51.713625,-116.3910625,34.472375,-183.6584375,-306.6980625,141.8501875,-18.9191875,89.583875,125.8205625,-303.4539375,-208.6505,-75.0615625,-6.1699375,79.933625,-139.3523125,-22.2363125,17.677375,-296.494,-69.849625,90.7105,7.8610625,58.243375,-155.2689375,-86.21825,319.60175,-264.6200625,-32.7914375,-641.7876875,-74.904125,-220.474875,-415.4958125,253.3775,246.0349375,-144.0913125,-610.6135625,-248.1716875,62.737625,-20.01125,-126.605875,-126.5718125,263.0336875,124.5350625,-182.095375,57.65225,-61.3860625,15.961125,164.6465,66.9344375,110.5365625,127.737,-80.022125,-41.02075,-125.1115,13.414375,177.4215625,52.5063125,196.01475
2.549708002743299,1517.967125,1373.3076875,997.50125,1159.235875,1285.465625,808.3423125,845.9199375,1002.322375,874.2304375,874.976625,905.803375,669.9573125,657.4955,882.164375,557.6258125,704.2125,674.5303125,301.3435,-99.7265,-89.3989375,-95.2216875,229.026125,249.05225,-80.19325,45.8160625,396.847875,-52.701375,54.9183125,-97.712125,370.9715,140.8493125,172.811625,263.21225,42.1404375,-81.04675,21.72075,157.452375,-210.156,414.4309375,107.846625,59.6275,72.1698125,-236.05525,136.006625,460.601,-22.484,133.129875,241.50175,394.3238125,-186.9060625,-119.57375,173.0045625,91.873625,-39.826125,56.914625,-273.83175,-180.3904375,23.3943125,-19.0804375,51.423875,-65.905875,-21.2364375,270.1791875,290.3844375,75.7518125,-59.76025,65.3696875,-495.6161875,282.2325,-216.3046875,346.9954375,340.14275,378.3504375,-64.962375,-143.6219375,55.763125,-164.7083125,-339.3319375,140.12875,-56.9695,121.1883125,125.2293125,-263.6545625,-256.513125,-91.554375,-2.4229375,94.42375,-145.6748125,-99.482125,13.3209375,-302.5450625,-80.0873125,132.99,-19.193875,23.417625,-122.7025,-47.7145625,342.703375,-254.7530625,-14.88875,-651.745875,-82.3404375,-180.2275625,-344.2606875,224.2765,279.655,-134.5055625,-623.4851875,-265.2758125,57.6758125,41.7494375,-111.893125,-189.696375,289.465125,154.986125,-220.9855,-49.2628125,-58.402,17.891375,147.9145625,119.5356875,119.0254375,45.642875,-129.766625,19.8161875,-113.3614375,29.326,177.3888125,128.8931875,169.0384375
2.553780525465382,1384.634625,1302.9000625,841.833625,1086.508375,1187.668625,683.37175,775.3665625,925.39025,806.718,821.4446875,879.981625,632.190625,610.027375,820.677,536.986625,691.15075,654.5410625,262.536875,-77.3894375,-95.89275,-104.5311875,167.9265625,210.8185,-92.06625,75.564375,387.5731875,-2.689,82.7520625,-87.7074375,346.2536875,98.38725,173.5890625,199.267875,-33.6365,-43.814875,-24.0966875,140.786375,-189.0771875,456.3960625,137.378375,38.4106875,81.1766875,-259.7689375,80.31425,470.7608125,-61.59075,144.0305,210.939125,389.1975625,-205.0265,-139.380375,124.398625,62.0969375,-68.946125,-1.06675,-309.0243125,-158.996375,-52.4665625,-88.4410625,60.652625,-45.88375,-6.2346875,328.556625,330.808375,76.0028125,-78.5264375,97.75725,-484.727,295.6720625,-265.0135,310.554125,322.6631875,381.868875,-91.5266875,-157.7121875,81.7700625,-135.298625,-365.2313125,139.0529375,-95.306125,147.997875,125.7838125,-217.4483125,-290.2835625,-108.9811875,8.3201875,140.038125,-122.4224375,-172.4291875,-8.746125,-290.9683125,-79.0018125,166.975875,-44.0296875,3.07825,-93.7949375,-3.765,348.1413125,-239.3426875,18.1804375,-645.6971875,-90.0594375,-129.3469375,-286.6105,191.9763125,303.9830625,-126.6199375,-612.867,-287.64275,28.6468125,75.529,-109.1525,-244.77725,298.2044375,186.7583125,-249.5561875,-157.86075,-62.8630625,8.088,113.4149375,159.179625,140.12775,-33.540125,-177.2663125,74.9421875,-95.685125,32.77125,170.6256875,206.584625,147.759875
2.557853048187451,1284.232875,1240.3171875,715.7256875,1026.2645,1085.72725,566.424875,708.394875,859.3275625,724.167625,770.8503125,860.1030625,607.0625,553.9865,751.640625,524.93025,673.6661875,626.0503125,240.6984375,-44.3460625,-91.8498125,-110.6084375,133.944875,180.852875,-114.29475,116.3270625,375.948625,44.74725,118.6270625,-77.3783125,300.5133125,64.914,178.3149375,143.592625,-107.6436875,-9.7808125,-67.5564375,119.019625,-140.1185,469.3286875,148.0071875,10.182125,102.4131875,-260.6196875,33.56325,461.85075,-99.092375,162.347625,193.9390625,348.4110625,-217.7261875,-131.1801875,88.742,20.373125,-88.9938125,-48.9711875,-322.6421875,-131.0471875,-106.8455625,-156.0641875,53.8021875,-24.184,5.704875,375.320375,347.93925,82.858875,-64.976375,121.6694375,-453.3905,278.741875,-327.2658125,287.1901875,304.7233125,383.870625,-116.0611875,-153.7548125,104.9588125,-92.62675,-376.0776875,135.6401875,-136.798,175.336875,133.3963125,-177.630125,-304.4693125,-122.47225,17.0435625,199.341875,-71.097875,-235.2381875,-47.5248125,-261.7680625,-64.5014375,186.4746875,-59.572875,1.1071875,-66.288625,43.3145625,336.8270625,-216.353375,53.86975,-628.764,-95.0134375,-80.63675,-249.761875,157.7128125,322.8866875,-127.0395625,-589.196,-312.31725,-23.966,71.08375,-119.738,-291.4478125,281.6068125,208.093625,-253.1415625,-241.2218125,-61.4330625,-14.351,75.405125,175.07625,166.6775,-94.405875,-206.9278125,109.585,-74.9094375,21.867625,164.703875,269.8499375,140.9469375
2.5619255709095343,1218.117375,1181.354375,620.271625,982.3803125,983.3026875,470.4805,653.653875,791.8198125,633.23,727.487375,857.0178125,584.3913125,500.303,688.379,515.1258125,637.1545,578.169625,229.7699375,1.6215,-80.6081875,-114.5659375,130.7281875,152.14275,-147.054375,144.38575,354.9828125,80.4050625,159.539375,-65.4335625,245.8315,36.54525,174.921125,103.310125,-175.5545625,20.8473125,-105.3928125,86.484125,-83.8705,462.59,138.2729375,-23.1026875,130.111125,-234.0809375,3.0280625,440.30775,-130.1765,178.3165625,199.7081875,284.752,-221.7348125,-94.3304375,59.7658125,-40.3615625,-99.960125,-80.636,-312.7955625,-97.9925625,-134.3509375,-225.386625,34.2724375,-9.7853125,19.962875,402.4860625,336.17975,89.093375,-23.446875,126.125125,-395.4383125,228.5169375,-396.863875,278.4683125,285.7386875,373.531,-130.1121875,-137.615625,121.8736875,-39.102125,-369.4955625,129.5124375,-175.024,208.0204375,150.4458125,-143.3290625,-300.7114375,-130.83175,22.8574375,246.8823125,-13.1703125,-290.4540625,-94.2248125,-220.408375,-35.0973125,191.182375,-68.014625,24.9795,-35.805,97.494,315.596875,-182.81325,84.9223125,-606.42325,-98.6276875,-42.15875,-230.3863125,123.8746875,344.0170625,-141.6014375,-564.96225,-331.2351875,-83.39025,39.6998125,-148.552125,-328.3948125,241.8838125,216.5621875,-228.722875,-281.654,-52.825625,-40.691375,45.38025,162.6624375,181.3175,-126.199875,-210.5444375,116.715875,-56.62275,5.8241875,169.3296875,301.734625,156.518375
2.5659980936316034,1183.2750625,1126.5500625,547.324375,952.0120625,881.17425,400.675875,615.5965,719.0466875,553.0918125,700.629875,872.1465625,555.2255,458.8231875,644.1,503.8101875,575.63925,513.2753125,221.094375,64.875625,-64.833625,-116.1499375,156.6528125,111.558375,-187.7246875,146.7136875,326.2238125,104.6083125,194.708875,-52.0069375,197.0664375,6.8925,161.660125,81.919875,-229.6819375,46.7675,-144.9266875,50.2508125,-36.389,440.9498125,115.4764375,-49.0354375,154.018625,-186.7811875,-7.4369375,413.6473125,-148.749875,189.175875,226.4461875,212.781375,-217.585125,-41.6823125,33.8670625,-110.343875,-104.3584375,-104.43675,-287.4685625,-60.127375,-132.6708125,-291.332,11.44175,-2.4523125,39.9259375,404.4939375,302.7928125,91.9265625,32.3239375,109.1525625,-314.406625,151.0240625,-457.008125,281.249625,258.6773125,346.3591875,-136.0543125,-117.901375,132.5811875,20.488125,-346.9758125,119.2065,-200.909625,245.473625,166.483875,-105.1609375,-283.3495,-139.4130625,29.469125,271.0324375,26.6939375,-338.1098125,-136.82125,-171.0045625,11.7659375,184.2603125,-80.5971875,77.7045625,-3.65675,161.813625,287.2881875,-142.5910625,107.2201875,-583.6995625,-106.262125,-9.4355625,-220.7873125,92.74875,365.72725,-164.6846875,-547.334875,-335.1419375,-132.320875,2.2790625,-196.5958125,-356.386,192.335,217.3011875,-185.2373125,-281.8264375,-47.4395625,-57.936125,24.84625,128.621875,169.463125,-128.3346875,-190.8701875,95.8624375,-50.5369375,-6.225875,189.191125,291.65625,197.3074375
2.5700706163536866,1169.395875,1071.1251875,486.8758125,927.2796875,783.9881875,349.5131875,591.75975,648.4425,501.34225,691.9356875,894.0938125,515.787875,427.441875,621.232375,482.752625,498.8515625,447.0075,207.7501875,144.0323125,-46.5563125,-114.148875,202.4075,56.19925,-229.0535,124.9143125,295.4968125,121.3706875,209.320625,-38.9001875,168.5331875,-25.65625,146.917125,74.479375,-262.8286875,63.2015,-197.0225625,27.628375,-2.4384375,403.3485,83.66475,-57.789375,158.1176875,-133.97575,-2.6964375,386.0546875,-149.589375,192.710625,261.77025,143.2683125,-203.613125,9.2208125,7.32025,-177.2888125,-106.5953125,-129.6141875,-252.852875,-23.0935,-106.27225,-348.98825,-4.0125625,5.058,65.0045625,388.16025,257.78425,92.80875,78.9699375,79.6073125,-224.97225,64.759625,-494.1739375,292.3708125,225.302375,307.53725,-137.6336875,-99.5814375,140.9346875,80.3748125,-312.7113125,107.143,-212.151,286.378,168.4440625,-58.06725,-256.6765625,-151.7530625,40.317875,279.861375,33.7255625,-371.44425,-165.9061875,-116.476875,77.7359375,168.372125,-110.32275,147.3216875,26.163375,226.2151875,248.2735,-109.86275,112.9384375,-556.861125,-122.123125,27.682375,-210.648375,66.3280625,377.858375,-180.7493125,-540.367375,-318.112125,-164.38825,-21.9644375,-251.8926875,-381.846875,149.660625,217.7485,-141.1000625,-264.071,-54.7009375,-64.3978125,6.4290625,86.2974375,130.181125,-112.2535,-157.805875,48.4334375,-68.2883125,-9.519125,219.6721875,241.898375,251.5021875
2.57414313907577,1159.745625,1010.66875,434.7684375,903.100375,698.53125,310.3693125,572.692875,585.4340625,482.777375,688.999625,911.1691875,465.588625,395.4844375,612.439125,436.3824375,424.1488125,396.8495,184.715125,238.3391875,-28.234125,-108.669875,251.07625,-3.186125,-258.5911875,88.800125,264.775,130.8893125,192.543375,-30.2853125,167.991875,-61.6396875,133.54225,73.313125,-275.0005625,69.58275,-259.48875,28.871125,17.93925,352.6095,47.766,-49.55475,127.34175,-88.249125,11.270125,362.4795625,-133.89525,186.77025,291.8165,84.787125,-176.0590625,43.6233125,-22.2683125,-233.79925,-111.9005625,-156.68575,-209.4416875,2.6118125,-70.841625,-398.055375,-6.3806875,21.5236875,96.546875,367.8888125,208.603125,91.564125,98.8030625,52.36125,-144.669125,-8.97475,-508.6615,306.8188125,194.56525,268.804625,-136.4513125,-85.3909375,152.4555,135.5038125,-275.6609375,102.212625,-216.5213125,329.306875,151.1280625,-3.9946875,-227.025625,-164.30825,58.22175,289.4289375,7.1861875,-383.0109375,-179.2710625,-65.34275,159.4055,145.2319375,-160.6865625,212.9043125,55.91725,273.4640625,194.4394375,-99.107375,98.5453125,-511.9765,-143.2073125,75.2020625,-187.719625,45.9114375,372.5978125,-182.38575,-544.3644375,-282.174625,-184.30675,-24.82,-294.381875,-410.27425,122.3856875,220.2410625,-117.106875,-249.3135,-71.87225,-71.7293125,-17.1969375,45.4816875,75.9538125,-93.4215,-125.33125,-28.236,-112.8000625,-4.335875,243.837625,168.5438125,295.3815625
2.578215661797839,1136.7538125,943.3628125,393.651375,884.3963125,628.3019375,283.8321875,544.5745,524.359375,492.1758125,674.58425,922.2939375,409.86425,353.8315,608.0321875,359.36025,363.8320625,368.02725,148.9885,342.3553125,-13.5945,-102.6054375,283.1904375,-49.7890625,-262.370125,50.807625,234.2259375,127.0153125,147.68675,-30.6854375,189.5415,-100.5955,117.76775,74.4101875,-273.3491875,72.32925,-315.1476875,49.8711875,25.5595625,297.197875,16.04275,-31.9545625,60.1255,-55.403,31.10775,347.1975625,-109.863625,171.26975,310.50475,42.9353125,-136.8418125,52.112375,-51.4345,-275.4555625,-124.978125,-179.850875,-158.418125,10.104625,-46.82025,-437.6423125,0.9271875,50.573,135.1185625,352.8885625,159.0826875,84.059625,93.888375,38.9435,-81.8251875,-57.2891875,-509.383125,315.5916875,171.5093125,237.9723125,-131.109375,-76.0735,168.5529375,186.7988125,-244.80125,107.1874375,-225.030625,367.7035,113.9599375,47.941875,-205.3474375,-169.0306875,84.4539375,310.0455625,-39.5594375,-373.917,-180.4985,-31.6698125,244.1485625,119.41,-221.7221875,258.651375,90.748375,291.785375,127.2911875,-108.6474375,75.552625,-437.6043125,-162.355125,133.3208125,-144.3159375,30.6345,346.591625,-179.1560625,-551.9865625,-237.7728125,-204.3978125,-14.7875625,-307.665125,-439.0081875,103.732125,218.9295,-123.7385,-242.035875,-87.5415625,-86.7676875,-44.8544375,9.4124375,21.6658125,-80.3609375,-100.7499375,-134.4605,-170.582375,5.3149375,238.1136875,90.987625,310.810875
2.582288184519922,1091.079125,865.007375,365.7401875,879.648625,573.162625,267.9973125,500.167125,457.8208125,518.660875,639.690625,929.0830625,356.9721875,300.18075,603.0385625,269.4989375,319.090125,350.7456875,103.9563125,433.868375,-4.848,-93.7316875,286.451125,-69.6470625,-233.97375,23.57775,202.668,103.807375,90.183625,-40.7483125,215.5728125,-134.971125,102.3423125,72.7311875,-263.307,79.48075,-346.85825,83.558,25.1933125,243.9831875,-7.956625,-12.2693125,-25.479125,-38.7890625,48.1344375,340.81925,-86.363375,149.1553125,320.3385,17.5045,-94.5308125,33.81225,-75.699375,-297.841375,-149.2279375,-191.433125,-104.339125,1.427125,-47.71675,-463.2821875,12.6343125,91.0508125,169.785375,338.9918125,112.8803125,68.9523125,79.7548125,45.0819375,-37.1799375,-75.2096875,-504.859625,311.8386875,160.093375,211.4779375,-122.6546875,-71.609875,187.401625,238.7826875,-222.8771875,111.0954375,-241.5529375,388.6748125,61.723875,86.7030625,-201.1529375,-160.0206875,117.587375,342.341625,-82.4791875,-351.0153125,-176.2588125,-27.1673125,313.2865625,96.5155625,-273.98775,280.208375,129.218875,277.44325,56.0739375,-123.6380625,64.893125,-333.36375,-179.1928125,197.8355625,-83.2156875,17.10325,300.1526875,-178.900625,-548.51575,-199.7671875,-233.882,-8.248375,-290.5729375,-459.103625,77.862,210.49325,-154.24625,-237.0446875,-94.4645625,-100.0253125,-70.912,-20.8410625,-22.852625,-75.27225,-81.731125,-255.2254375,-218.938,16.97875,192.763625,22.041,298.17825
2.586360707241991,1023.835375,772.183375,345.917375,890.9075625,530.208125,250.7511875,443.048125,386.3903125,546.5584375,583.92475,921.2578125,313.513375,241.112,598.005875,194.6411875,281.2954375,330.1091875,62.5308125,479.961125,3.1196875,-76.5745625,267.7025625,-57.346,-180.940875,12.0549375,164.7135625,65.0599375,31.602875,-59.2305,229.606875,-156.23275,97.006875,60.06175,-244.277125,95.718875,-351.317,126.930125,26.031625,195.229625,-26.9858125,11.4361875,-105.5441875,-40.3205625,49.40075,341.093625,-67.377125,126.955,323.72875,3.92575,-57.14825,-5.2433125,-94.9090625,-294.5743125,-186.8328125,-184.2466875,-52.0356875,-19.5281875,-72.803875,-468.2923125,23.995375,139.969,178.4845625,313.0878125,78.1375,52.7524375,73.8730625,70.383375,-7.4189375,-61.6020625,-500.0540625,297.6298125,166.7299375,180.451625,-119.0335,-70.588875,208.81025,289.2869375,-208.5819375,101.80325,-257.91425,375.07725,6.64025,114.561875,-211.7329375,-140.9945625,152.4096875,380.6415,-99.0529375,-319.521625,-173.9299375,-53.3989375,353.4594375,77.085375,-298.918625,280.291625,162.8589375,236.2731875,-3.10075,-131.0081875,83.2239375,-208.237125,-198.6380625,255.830375,-13.0760625,-1.0875,240.3998125,-176.3219375,-521.146,-181.0975,-268.60175,-13.061125,-260.48725,-461.1343125,39.567625,202.6071875,-193.0808125,-230.0069375,-97.4356875,-97.5415625,-96.3633125,-43.2448125,-52.7916875,-78.1581875,-67.7585625,-366.47825,-241.7023125,29.327375,124.299125,-31.07075,272.072125
2.5904332299640744,938.6154375,666.0206875,324.6800625,911.115,493.9405,217.4564375,381.0255625,314.8775,563.2654375,510.994375,882.67925,281.437375,191.4203125,593.360875,149.1569375,241.1391875,298.4080625,39.85075,457.8565625,23.272375,-52.5748125,245.3945,-19.393875,-118.0365625,9.5795625,118.4998125,24.451,-26.811875,-87.6498125,227.09,-165.46725,107.094375,31.467,-218.44125,120.7629375,-341.4119375,176.4666875,31.143625,150.1143125,-43.1489375,48.398875,-168.1736875,-57.3234375,28.7039375,343.8804375,-55.186,110.685875,317.942625,-5.8041875,-30.9539375,-56.8321875,-109.7865,-263.1095625,-235.5825,-158.6445625,-4.3123125,-52.711125,-112.68575,-449.9271875,23.304,191.052,146.1995,267.5801875,65.6781875,44.15675,85.6205,105.7156875,15.8318125,-21.292375,-497.02125,280.689625,190.9511875,142.607875,-123.6025,-67.28375,232.5975625,329.245875,-201.93925,78.304625,-258.277375,316.7316875,-40.160625,142.4058125,-225.476375,-122.547625,182.0110625,418.4554375,-82.4776875,-284.3251875,-175.936125,-100.177625,364.7495625,58.9150625,-290.1049375,261.7623125,180.9679375,182.46725,-33.096375,-123.8313125,134.6198125,-80.3113125,-221.5244375,290.9669375,61.0240625,-30.0811875,181.224625,-167.7458125,-469.3731875,-185.7183125,-294.010625,-23.709875,-239.300125,-445.228375,0.682375,203.5783125,-226.619125,-220.157375,-107.8031875,-76.8605,-128.6554375,-55.6535625,-68.1096875,-86.654875,-62.0230625,-454.7935,-237.618375,37.5763125,59.24225,-62.4635,249.05675
2.5945057526861435,837.960375,554.370375,299.9465,926.418875,457.9229375,165.918125,322.52075,245.61825,565.744125,428.1869375,812.186,255.3996875,162.114375,584.0098125,128.2119375,195.0144375,260.74075,40.42775,371.221,64.64325,-28.6958125,229.4084375,28.776875,-58.289125,4.480875,72.718875,-2.4005,-88.0714375,-123.645,214.6909375,-168.952,129.0371875,-8.5280625,-196.059875,146.021,-333.35425,227.6343125,32.355875,105.6113125,-56.1904375,104.4425625,-214.400625,-82.498125,-8.083125,340.3309375,-59.318,104.131625,297.7439375,-19.6221875,-20.866125,-112.465375,-119.0734375,-210.5218125,-284.2250625,-124.8230625,36.237625,-92.723375,-157.746375,-417.10575,-0.2154375,238.1863125,79.6185625,207.35425,81.8464375,44.0975,110.3090625,138.343125,39.1715625,34.563,-495.165625,263.800625,218.2891875,103.9428125,-132.1080625,-52.6925625,250.9563125,349.4823125,-204.2959375,48.100875,-232.8345625,224.87025,-76.30975,171.5346875,-237.78025,-113.6579375,203.82125,448.473625,-43.268875,-247.3358125,-178.910875,-153.296875,359.3921875,42.6251875,-256.13525,224.63825,174.824875,129.9346875,-30.384375,-104.000625,209.2645,26.7041875,-242.12925,298.138875,135.4433125,-69.6774375,137.0506875,-159.1055,-404.0484375,-202.0348125,-294.75675,-29.91025,-236.0045625,-422.6968125,-28.265125,209.0288125,-246.4646875,-210.0924375,-129.3588125,-48.51075,-169.969875,-57.5506875,-72.079875,-94.47875,-66.1316875,-517.7781875,-215.2574375,38.1569375,9.6234375,-69.20125,237.5633125
2.5985782754082267,728.2935625,450.529875,281.893375,926.181875,418.42475,105.8325625,276.812125,175.8948125,555.5819375,350.1596875,728.3991875,230.571375,149.945875,557.344625,118.839,141.117,225.9564375,58.45775,244.8516875,120.7688125,-8.78825,215.987375,72.229,-12.21275,-10.9854375,39.3286875,-5.4644375,-152.74925,-154.1546875,204.373125,-172.41725,153.569875,-52.111,-190.181125,159.4413125,-332.774,276.5024375,22.045125,60.48575,-66.1906875,173.112625,-248.218,-109.376875,-48.163,314.1333125,-89.1198125,109.958625,261.4276875,-38.85875,-29.0876875,-162.5646875,-120.3676875,-149.089625,-318.7163125,-93.5603125,65.2149375,-121.5369375,-200.776625,-388.4436875,-42.5284375,279.3354375,1.106375,142.5771875,121.80075,45.383625,136.7736875,156.9455,59.887125,95.086125,-490.989375,241.058,226.5334375,70.0059375,-143.3679375,-18.3614375,249.905,346.6324375,-214.781875,19.6880625,-185.8719375,124.0008125,-101.7895625,192.47725,-250.3843125,-119.1190625,217.2988125,460.4623125,2.053,-204.8955,-178.925375,-204.628125,350.337875,30.38575,-214.7866875,168.064,142.19325,84.7918125,-11.1905,-83.574,286.4125625,97.2149375,-254.3721875,284.47175,198.3886875,-111.2033125,112.8386875,-158.175875,-338.538375,-209.976625,-264.2164375,-28.4325,-243.5615,-403.97975,-46.776125,208.734,-249.8640625,-204.37225,-152.4198125,-26.603125,-213.1835,-48.0123125,-69.279125,-92.0000625,-80.14925,-551.547625,-181.871875,31.796375,-30.9260625,-59.1678125,232.8219375
2.60265079813031,621.7561875,366.293,281.5704375,909.2063125,376.0738125,46.987125,249.4099375,99.187125,533.819875,296.645,652.7459375,209.9404375,142.490375,499.223625,112.2963125,77.6211875,195.4655625,90.3435,105.849,176.348875,8.7324375,197.618125,103.7206875,14.6653125,-37.1255625,24.734,15.5868125,-216.65925,-164.8294375,208.6156875,-183.46025,170.7285625,-97.942125,-207.772625,158.554375,-337.0211875,315.6771875,1.79025,17.2479375,-72.6094375,237.0769375,-270.2361875,-137.2855,-82.72425,252.568875,-137.9794375,125.3276875,215.3801875,-59.5366875,-56.1370625,-198.212875,-113.064625,-89.0474375,-334.7895,-71.3651875,77.4908125,-121.530625,-236.9264375,-376.89525,-94.375,316.218375,-69.9095625,82.924,167.1484375,41.5855,156.904,151.1300625,67.3886875,152.5206875,-479.3175625,203.99175,200.605875,42.5045,-158.3958125,35.4265625,224.163375,326.2548125,-231.4659375,0.2275,-132.1799375,29.328875,-114.918625,194.24325,-259.936625,-138.2448125,218.2131875,445.506125,40.5563125,-152.1056875,-177.7559375,-253.7461875,343.0486875,21.710375,-182.753625,96.4655625,86.993125,48.2775,5.045625,-74.0165625,346.0795,131.6678125,-258.774125,259.423125,231.0048125,-143.54125,100.350375,-169.053375,-280.8961875,-196.9040625,-207.505625,-25.119125,-249.393125,-388.631375,-53.69775,201.7044375,-237.6841875,-205.2970625,-162.0604375,-16.644125,-246.80925,-26.5371875,-66.0894375,-72.4413125,-101.3789375,-550.94375,-139.4721875,18.3119375,-74.66025,-50.63175,225.4340625
2.606723320852379,530.116625,306.3066875,297.395875,878.76225,331.8625,-3.8645625,235.5435,12.0515625,498.9684375,274.916,592.7403125,198.3320625,131.0154375,407.0156875,108.9879375,7.9729375,166.28975,139.0016875,-25.6110625,220.1255625,24.235875,170.39975,124.633,25.157625,-69.4654375,29.8273125,52.50375,-278.542625,-155.144,230.446875,-205.105,177.7059375,-146.2708125,-243.9186875,151.3224375,-341.3403125,333.680125,-23.5305625,-20.672375,-72.3448125,283.406875,-278.157,-168.79,-111.756875,162.4389375,-187.1505,137.7366875,171.135375,-77.34125,-99.8911875,-218.826375,-102.07325,-35.7623125,-336.72525,-61.5363125,70.158,-95.274125,-260.8256875,-379.3335625,-155.2649375,352.9208125,-128.445625,40.192375,197.97625,32.7033125,164.66625,116.72575,51.972625,199.4645,-454.8185,148.97225,143.780625,21.14725,-171.6154375,92.8795625,181.717375,293.5814375,-253.3225,-6.5653125,-88.046,-60.9475625,-117.2086875,172.8996875,-258.5241875,-165.29175,202.6185625,402.9453125,63.842625,-88.464875,-182.964,-300.388875,338.89975,12.4203125,-163.0724375,22.837125,17.3443125,23.5675625,12.100375,-74.080125,383.275375,140.7973125,-256.29325,228.8599375,224.533875,-166.16875,88.15075,-192.5744375,-231.5564375,-161.119375,-135.5418125,-29.4031875,-248.5204375,-368.56325,-46.0765625,193.8373125,-213.9456875,-206.5113125,-151.2375625,-9.67225,-262.3554375,4.5643125,-66.2231875,-36.9165,-123.6334375,-515.623625,-89.397,-7.187,-126.521125,-56.258375,213.7023125
2.6107958435744623,457.8206875,262.0905,315.0193125,837.2226875,283.98375,-43.0891875,222.6571875,-77.7381875,447.713375,272.740625,545.0279375,197.761625,118.841625,294.8338125,113.356125,-54.0234375,134.9844375,204.928,-135.3464375,246.318875,33.9733125,133.076125,138.911875,25.6301875,-99.0509375,53.721625,94.3995,-339.590125,-138.5255,255.9745,-231.2420625,180.626875,-191.3118125,-287.8974375,147.4550625,-338.2126875,320.6006875,-49.7775625,-52.3353125,-63.793875,316.5021875,-271.2864375,-199.9131875,-135.204875,68.89125,-223.5838125,131.13525,141.363125,-93.0653125,-155.123875,-233.4626875,-94.34825,9.195125,-327.7468125,-62.3301875,46.0309375,-63.941625,-264.9091875,-384.634375,-225.2911875,389.934875,-179.576125,25.7816875,209.2289375,22.7035,155.4285,59.812375,15.527875,229.7429375,-416.5834375,79.84725,78.19525,4.5283125,-168.9264375,131.1210625,132.153125,242.60875,-276.7980625,-1.4466875,-61.4319375,-157.08175,-113.319125,131.7941875,-242.4070625,-193.814375,170.5714375,340.480375,68.91325,-21.39725,-200.3935,-337.9028125,337.920125,-4.116375,-144.8779375,-36.8655625,-53.814875,11.66925,13.965375,-70.9355,406.03475,135.305875,-243.62575,196.68125,191.243875,-189.8915625,74.567875,-228.4945625,-188.1384375,-109.1641875,-59.06725,-49.022,-242.3849375,-336.9418125,-28.44225,186.7516875,-184.636125,-193.31475,-127.6915,5.4653125,-259.5794375,41.83025,-66.353,7.38925,-143.282125,-451.579125,-37.7115,-46.6384375,-179.331875,-73.2741875,198.6096875
2.6148683662965313,401.4495,214.9188125,320.6301875,785.2195625,231.7008125,-70.1470625,199.7388125,-158.147875,377.9888125,276.002625,506.5841875,208.1458125,118.692625,187.5751875,129.3375,-90.7053125,96.1633125,279.340375,-215.3998125,254.0046875,37.072,87.9213125,147.693625,18.9234375,-116.26475,90.59725,132.9414375,-391.3074375,-121.6868125,263.174125,-255.7726875,186.7179375,-225.1170625,-331.7974375,152.412625,-321.1658125,278.236125,-71.45525,-84.4614375,-50.2355625,348.2436875,-256.979625,-220.5796875,-144.76975,-1.6030625,-247.1365625,98.560375,136.7240625,-114.8135625,-213.9205,-249.8656875,-90.387125,41.118,-311.1968125,-66.6839375,15.3178125,-44.945125,-245.79975,-385.40775,-291.636125,417.674625,-229.7595625,40.1420625,208.117125,15.8509375,130.9478125,-8.4354375,-27.5184375,243.7050625,-369.474875,7.2019375,35.02375,-6.730875,-136.667125,136.989,80.0515,167.0575625,-294.0531875,13.933875,-50.1205,-264.3285,-109.0600625,76.0236875,-214.775125,-221.904125,125.5256875,267.2420625,58.2273125,34.2256875,-228.2961875,-353.7939375,331.9268125,-34.1215,-119.3493125,-72.1923125,-112.4654375,5.4820625,17.1601875,-52.063,423.8193125,123.468,-219.248,169.239125,149.234,-223.2916875,64.4995,-272.5990625,-152.0531875,-54.2755625,13.4386875,-81.1019375,-228.8741875,-291.7314375,-8.4385625,179.1236875,-151.6211875,-157.237,-106.8275625,25.9705,-243.915,82.2308125,-61.9644375,49.4645,-162.228875,-370.4720625,6.0479375,-87.983125,-220.747875,-90.1400625,176.8895625
2.6189408890186145,353.2028125,153.89175,311.5525,722.887375,178.7811875,-84.6660625,163.744125,-224.6104375,292.1365625,281.082,473.1070625,226.2489375,137.966125,107.9546875,158.960125,-97.5645625,48.38925,348.5709375,-264.7875,246.7861875,37.4795,43.1665625,148.961375,5.1654375,-123.07475,127.1506875,162.2808125,-418.08075,-96.21825,237.9715625,-275.357125,198.6686875,-243.465125,-371.28125,167.595125,-291.19825,221.2804375,-84.6993125,-131.924875,-37.7173125,382.9385,-246.6125625,-225.4981875,-131.5640625,-37.316375,-263.6659375,47.52725,158.5214375,-146.9264375,-266.5200625,-268.828875,-86.1925625,50.3658125,-292.505625,-64.115375,-9.9489375,-40.3003125,-206.0346875,-379.158375,-336.28425,421.6715625,-281.775625,69.775375,201.20475,15.696625,104.0528125,-76.653375,-62.5913125,247.4171875,-317.7720625,-54.651625,34.7796875,-3.8124375,-76.7698125,111.991875,32.095125,77.21175,-299.45575,37.4775625,-47.333125,-373.1533125,-107.328875,11.14225,-181.5751875,-249.8303125,76.0734375,187.95,39.0480625,68.1373125,-261.92075,-336.9791875,305.7265,-77.0024375,-89.541,-81.441125,-150.604875,-4.8510625,28.901375,-16.6459375,444.1171875,114.04175,-183.4411875,154.005125,107.5020625,-264.4551875,54.6545625,-312.601625,-126.4391875,-8.3345,76.7030625,-113.2749375,-206.4370625,-237.7629375,11.7043125,174.922375,-116.1146875,-103.5499375,-97.921375,37.6270625,-223.763875,120.344375,-53.064125,76.711,-181.6741875,-288.4363125,34.5811875,-112.253,-243.0300625,-97.538875,148.0730625
2.6230134117406836,306.00375,83.7280625,289.304,654.069375,131.845625,-87.548875,123.6398125,-276.1193125,199.437375,289.3000625,435.290875,246.12125,163.131375,60.933,197.601,-85.331625,0.1995625,400.6439375,-289.6223125,230.663,36.96,8.915875,140.53625,-15.8225,-132.2931875,151.7401875,177.9341875,-413.474625,-57.0413125,179.761125,-284.61075,216.161375,-248.4639375,-404.319125,196.3470625,-254.9555625,165.390875,-88.0333125,-205.5439375,-31.962,417.6735625,-243.81125,-217.3750625,-98.0276875,-44.11975,-277.7314375,-10.4038125,198.8274375,-180.374,-304.4723125,-290.2625,-82.1105625,33.4755,-271.880125,-44.1768125,-24.3275625,-47.257,-150.0276875,-362.2059375,-352.34825,397.51325,-333.62475,98.5349375,190.324875,23.5,93.86775,-137.326375,-88.2866875,245.478625,-264.0253125,-95.8479375,71.9824375,29.54575,-12.4269375,68.023375,0.9871875,-7.2550625,-297.0101875,63.3693125,-44.419125,-463.3276875,-101.9724375,-53.82325,-149.030375,-273.200125,36.3075625,106.262625,22.3054375,85.781125,-301.3409375,-288.854,249.8295625,-123.3334375,-64.9330625,-67.326875,-170.4686875,-22.086,53.71475,27.0321875,468.656375,110.9495625,-137.5896875,153.059625,68.794125,-306.0901875,34.1388125,-330.8079375,-108.2399375,24.7604375,130.5675625,-137.866875,-180.886625,-186.9213125,32.509875,183.734375,-89.0186875,-42.1076875,-101.8914375,31.060875,-208.393875,146.213875,-40.85575,82.30225,-197.8688125,-218.44925,45.523625,-111.324875,-244.7563125,-93.526,115.3076875
2.627085934462767,257.989625,11.16575,249.266,589.5273125,92.7070625,-82.969125,96.1323125,-306.8294375,114.988875,300.2358125,385.0489375,260.34275,167.2646875,33.176625,233.131625,-66.4153125,-34.930875,430.8583125,-298.0365,213.7565625,33.94875,-9.1851875,123.1794375,-42.2493125,-150.6173125,161.35075,175.27425,-387.7156875,-15.2039375,96.747125,-280.9364375,237.523375,-248.19475,-427.8833125,242.446125,-218.9418125,121.9436875,-80.8618125,-299.7741875,-36.9049375,444.646125,-242.5495625,-200.353875,-56.291625,-34.6994375,-288.01375,-69.657375,245.81225,-199.7955,-319.1678125,-316.0420625,-84.6615,-1.0468125,-244.5410625,-3.569875,-28.548875,-68.58625,-87.8174375,-331.565125,-345.33125,354.2321875,-378.594,116.003125,171.8374375,38.4640625,113.4045625,-189.06575,-110.529875,238.3891875,-211.9001875,-118.2545625,122.2681875,99.455375,25.2501875,22.2844375,-5.7488125,-72.2175625,-295.2713125,83.6975625,-30.9638125,-520.391375,-80.594,-108.0284375,-122.89225,-285.4558125,17.1111875,30.9126875,16.2723125,98.9333125,-347.942375,-227.50625,168.26725,-160.706375,-51.7705625,-35.0261875,-181.8660625,-40.429125,88.7309375,73.4706875,487.98575,103.986125,-90.4144375,163.080375,37.51925,-344.5176875,0.9669375,-310.575375,-90.8994375,43.4381875,178.702625,-153.745,-158.4036875,-154.047875,54.65375,214.3885625,-87.4758125,20.93975,-117.783375,10.7833125,-199.4703125,152.2925625,-23.6834375,67.337875,-205.4380625,-163.3568125,41.1285625,-93.3408125,-229.7634375,-79.1926875,77.4236875
2.63115845718485,214.587875,-63.0501875,184.0023125,539.628,56.658875,-74.3609375,91.765,-308.4291875,53.3810625,310.8214375,323.944875,261.5958125,139.1983125,11.9205625,253.0964375,-45.9706875,-47.1495,445.1469375,-291.86,201.7196875,28.4239375,-13.797625,97.91525,-67.1920625,-170.337625,158.63525,149.8786875,-359.7993125,9.8125625,3.658875,-270.54675,261.028375,-253.5718125,-436.0084375,301.655375,-185.3083125,98.094125,-65.3090625,-395.1263125,-49.3655,453.9850625,-231.1885625,-174.5919375,-20.181375,-20.08175,-290.214375,-124.5341875,285.7795,-196.987875,-305.344,-344.3465,-100.390625,-38.25925,-213.824625,48.2948125,-24.6385625,-105.73525,-35.1116875,-294.857625,-324.81425,302.838,-407.885625,119.383625,137.0445,56.459625,161.925,-234.4814375,-128.8694375,222.7064375,-166.1669375,-133.4525,159.667125,189.8055,15.269875,-15.5104375,6.874,-110.65425,-293.8944375,93.797,-0.225625,-545.7260625,-39.3090625,-143.588375,-104.3951875,-281.9020625,15.7315625,-26.8145,18.686875,109.7830625,-393.2044375,-176.8468125,79.9385,-181.1855,-48.604,6.60125,-196.75825,-53.563875,124.828625,117.0664375,488.145125,77.345125,-53.691125,176.0915,23.2306875,-384.11825,-32.573,-247.224375,-74.778375,44.7988125,224.62225,-160.15925,-142.937,-148.7654375,79.76175,266.1225625,-118.2313125,80.1964375,-141.772625,-11.418875,-191.03175,139.084625,1.3953125,33.62725,-202.3661875,-119.4475625,28.42325,-72.9920625,-205.527375,-55.1633125,34.850375
2.635230979906919,183.4319375,-136.9948125,97.3715625,505.4968125,21.9775625,-60.375125,107.0211875,-281.0035,23.6214375,314.0248125,266.1966875,249.0210625,91.64325,-2.3414375,251.0475,-22.2418125,-34.5329375,455.8518125,-269.839875,191.9824375,23.9485,-15.8579375,66.1043125,-82.6964375,-179.7608125,151.0311875,103.8188125,-343.5871875,7.9365625,-81.1334375,-263.021875,283.7825625,-274.7228125,-427.5309375,362.47075,-152.50025,95.0415,-44.1856875,-471.1474375,-56.9113125,441.524875,-200.139875,-138.75375,-1.20975,-8.7745625,-287.183375,-166.6979375,306.922875,-175.169625,-268.801875,-368.51975,-129.390375,-66.569125,-192.344625,94.859375,-15.1014375,-149.0369375,-1.656875,-265.3456875,-298.782625,249.03375,-419.1228125,113.2386875,80.77275,69.38725,226.9103125,-279.2898125,-139.7674375,194.2501875,-130.32125,-155.03825,167.99975,275.757,-45.78875,-49.9483125,26.91875,-121.6491875,-282.0144375,93.9595625,42.4886875,-549.0856875,7.8311875,-156.85375,-88.964,-258.6904375,19.3483125,-61.033625,17.303,115.3438125,-419.736,-150.087125,11.15725,-179.905125,-47.738125,50.4243125,-226.4864375,-60.0560625,154.744875,141.851125,463.747125,28.28675,-29.6359375,179.319375,32.5959375,-433.2125625,-52.6755625,-157.1336875,-65.98775,33.5466875,269.3046875,-157.63625,-134.489875,-170.3673125,105.634125,322.2424375,-171.3120625,124.9985625,-160.9946875,-29.1475,-184.613,112.5795625,35.2344375,-15.725875,-193.3254375,-83.9321875,18.5650625,-62.792625,-178.4585625,-26.446625,-4.382125
2.6393035026290024,166.7126875,-204.759875,9.8975625,481.2536875,-3.2551875,-35.972875,129.805,-241.0613125,28.117625,300.5430625,231.517875,228.51725,37.8563125,-7.1004375,228.910375,4.896625,-3.4159375,471.370875,-234.7255625,180.1821875,22.303375,-27.1735625,35.49,-85.33775,-175.3838125,148.7970625,46.977,-339.7130625,-10.5129375,-142.3636875,-263.8180625,300.874125,-315.909375,-413.158625,414.3251875,-122.82525,107.9265,-20.7541875,-521.839125,-44.8191875,412.9575,-152.1073125,-92.906125,-5.5356875,-3.4180625,-286.359625,-194.1175625,303.06125,-146.9256875,-223.4834375,-383.6520625,-162.688,-84.709375,-187.0445,126.1469375,-2.3125,-181.7914375,14.3859375,-245.8080625,-273.0590625,194.3444375,-417.2053125,103.539875,10.4750625,75.385125,292.2521875,-331.0168125,-143.1176875,155.393625,-104.1503125,-191.1695625,146.70675,343.910125,-144.7376875,-86.8436875,41.50475,-115.016375,-249.8695,87.4873125,79.6420625,-537.1955625,37.963875,-146.590375,-71.8866875,-214.821125,17.6268125,-78.2195625,1.642,120.6485625,-415.7271875,-145.598,-18.03875,-153.521,-41.7288125,93.7263125,-275.1949375,-58.68025,176.1795,132.74975,420.5043125,-32.6036875,-10.202625,163.18325,55.8691875,-491.91925,-53.9248125,-67.176,-68.0965,22.7195,309.7864375,-149.12225,-124.273625,-210.8765625,122.357375,355.5485625,-231.12075,145.9403125,-156.1763125,-45.7738125,-191.956125,79.6740625,75.283625,-70.76425,-185.157125,-57.8076875,20.4046875,-71.004625,-150.840625,-2.4986875,-32.357625
2.6433760253510714,164.67725,-262.1009375,-57.1373125,459.778125,-7.220375,1.6373125,148.6285,-215.092,61.5796875,266.901125,230.9509375,206.3158125,-22.055,-7.20775,197.1438125,24.899625,37.2804375,487.4734375,-190.4575,169.35675,21.4248125,-48.689,18.681125,-76.3669375,-164.8856875,157.4634375,-7.3735,-341.5329375,-22.9374375,-174.124125,-273.2005,309.0220625,-372.2593125,-407.922875,448.5480625,-103.095875,126.9624375,-4.9570625,-557.169,-7.4589375,377.461875,-97.9104375,-41.4905625,-30.959375,-1.132625,-287.855,-209.149625,276.8134375,-128.9856875,-180.63775,-385.64575,-183.4663125,-98.43675,-190.75275,143.0009375,12.119625,-193.836375,16.276625,-225.524125,-251.251,140.495125,-407.3144375,93.9465,-57.8551875,84.5778125,345.0264375,-388.57325,-142.62725,114.6383125,-82.2255625,-239.4594375,109.01525,391.377875,-257.017125,-120.465125,45.0126875,-106.876125,-195.7418125,80.950875,93.0033125,-514.17825,35.67225,-116.67425,-51.474375,-156.56525,9.4443125,-94.0248125,-29.0075625,133.7123125,-383.613,-153.4744375,-5.4035,-108.6035,-28.469625,132.623125,-331.7101875,-45.926875,187.973375,98.673875,366.5938125,-94.483375,14.0025625,127.29625,72.5316875,-543.55925,-38.3606875,2.917875,-79.6934375,20.4653125,339.63425,-138.110875,-104.4184375,-262.179125,121.3505625,347.9201875,-283.55075,146.4875625,-113.820625,-63.1318125,-220.3211875,44.465125,115.261875,-120.3791875,-179.4375,-40.7448125,32.9250625,-98.9259375,-121.24,8.107,-47.748625
2.6474485480731547,178.7835625,-308.3719375,-99.9145625,432.4765625,9.979125,48.071,158.922375,-223.44125,108.2946875,220.1875,257.049125,188.140625,-92.1146875,-7.0620625,168.291375,23.224,79.2558125,492.03025,-140.5635625,163.122125,22.22725,-69.99675,22.456125,-62.625,-162.84275,175.0405625,-46.0945,-344.984375,-11.3356875,-181.057375,-289.6025,307.1464375,-431.9214375,-419.1895625,454.755625,-93.8145625,140.94725,-8.557875,-582.1565625,46.25075,336.37325,-44.3875625,0.476875,-66.858375,0.8980625,-283.42,-207.950375,240.4021875,-131.6334375,-145.2903125,-366.1095,-176.563875,-113.420625,-189.4640625,146.4476875,26.09025,-188.4655625,4.68175,-194.315375,-234.59425,95.2418125,-392.1770625,85.8479375,-109.613875,111.799375,376.73075,-437.24325,-144.1094375,79.949875,-56.4413125,-286.762875,70.6705625,412.1381875,-355.159625,-137.1199375,42.82825,-105.8306875,-126.5483125,82.9889375,74.128875,-486.989875,1.4984375,-78.13025,-26.8654375,-96.9786875,2.8955,-116.607,-68.5816875,151.66475,-336.622875,-160.5835625,32.4476875,-64.397875,-8.025375,162.1649375,-374.3715,-19.058875,189.8694375,66.8989375,304.5546875,-152.048875,44.03775,76.0388125,73.002875,-564.47675,-11.9298125,43.4766875,-95.627875,25.35625,351.757875,-125.4846875,-79.4483125,-318.524,104.2219375,304.9645,-313.242875,141.0325,-37.3390625,-73.142375,-263.469625,6.3091875,145.7765,-159.678125,-174.445375,-25.0508125,45.6215,-136.9894375,-90.958125,4.6259375,-52.7559375
2.6515210707952237,202.1355625,-344.607375,-131.2955625,387.014125,33.7515,94.7405625,162.4439375,-269.7814375,147.6398125,174.9506875,289.9520625,178.44375,-170.891125,-5.219625,146.265375,-2.5745625,114.70925,482.087625,-92.4720625,155.133625,26.66025,-85.284875,42.3293125,-57.15275,-179.320625,193.0380625,-61.09175,-349.71775,22.89425,-174.4256875,-312.9081875,295.2130625,-480.5245,-444.7995625,425.09125,-86.2000625,142.22825,-33.2668125,-585.126625,100.597375,283.10675,7.8040625,12.1894375,-98.936875,2.0660625,-262.421375,-185.6290625,208.452,-152.105375,-122.19075,-318.440375,-142.30025,-133.0496875,-171.8934375,131.03,36.3528125,-174.5384375,-15.3461875,-153.278625,-222.2808125,70.829625,-372.5205,78.0583125,-137.9356875,165.2245,380.6625625,-463.0115,-150.1221875,58.3233125,-22.560125,-318.1138125,37.376375,400.8564375,-418.683,-124.6611875,42.6603125,-107.7368125,-56.613875,98.7180625,25.74925,-460.8615625,-55.790625,-47.3113125,-0.8723125,-48.491375,7.86125,-138.5976875,-110.76525,160.18575,-288.357375,-158.4660625,75.978375,-41.4969375,22.300125,177.791375,-388.6755,21.2276875,183.458875,55.0188125,230.8844375,-205.0173125,69.577375,11.8876875,66.0231875,-544.285125,15.8693125,54.0120625,-109.7385,32.510125,341.4576875,-109.6569375,-61.558125,-372.9665,75.0485625,250.717,-305.9648125,140.24425,52.7829375,-67.28875,-307.5239375,-39.4655,159.4373125,-184.8086875,-172.5584375,-1.2463125,47.603875,-168.656,-69.52925,-4.073875,-46.6185625
2.655593593517307,218.6259375,-372.6446875,-165.6824375,312.968375,51.1810625,133.573875,160.553625,-340.015875,169.4186875,143.475625,315.7185,177.6145,-248.748375,-1.21675,125.6405,-37.8249375,139.290375,466.4645625,-56.8955625,132.1054375,29.7740625,-100.91375,63.38025,-72.46775,-210.7354375,201.0986875,-53.3041875,-352.0573125,60.205,-164.2061875,-341.4240625,278.25025,-506.679875,-475.8380625,361.1923125,-75.2520625,129.8535,-72.6084375,-552.7420625,141.056,214.729375,59.8645625,-14.7934375,-118.083,-0.8220625,-218.997625,-148.62925,190.3065625,-180.3246875,-115.8498125,-245.9815,-98.857125,-155.6626875,-132.82075,90.6958125,40.0653125,-153.810625,-36.3778125,-110.0285625,-210.7435625,76.412875,-346.3511875,68.4844375,-146.1370625,236.4363125,348.7899375,-462.9871875,-157.469625,54.701875,16.3041875,-328.0830625,6.2875625,360.9716875,-441.6663125,-79.441875,46.0205,-104.1628125,-0.672,127.4416875,-43.12875,-434.5398125,-126.2889375,-41.034125,18.64125,-19.1715625,25.4648125,-151.1359375,-151.1346875,149.3106875,-244.2805625,-145.50225,117.2356875,-45.484625,64.9251875,171.12625,-376.6343125,69.7178125,169.4865,59.9143125,143.1013125,-256.801875,78.5304375,-60.6128125,63.229875,-491.384,32.8909375,45.8030625,-118.65925,33.8335625,304.0998125,-89.7123125,-61.0729375,-418.3530625,33.0125,209.316125,-259.1384375,140.0543125,129.317625,-47.5575,-340.8355625,-94.7770625,158.8501875,-187.8540625,-179.920875,30.576875,37.635,-179.30425,-70.2948125,-8.162875,-25.5605
2.659666116239376,217.798125,-391.1499375,-208.5626875,213.653125,60.317375,158.0484375,149.7265,-411.1164375,178.5770625,126.8663125,332.543875,183.013375,-307.64025,-0.9298125,101.153125,-60.857625,152.493875,451.0801875,-40.4146875,85.6835625,23.9166875,-123.744375,65.6604375,-112.14375,-245.0839375,195.379125,-32.5064375,-342.333375,80.1623125,-152.5195625,-368.8875,267.706,-507.882625,-497.5863125,276.66675,-66.576125,109.4148125,-120.4935625,-487.01575,158.6968125,138.7574375,107.9695,-67.2769375,-124.627375,-8.23625,-159.2156875,-110.592,186.5009375,-206.27925,-122.976625,-162.7009375,-65.886625,-172.3525625,-76.7166875,28.9656875,37.6368125,-120.0066875,-56.0176875,-66.80225,-197.837,111.9950625,-313.606125,56.6116875,-143.894,306.20575,275.2083125,-438.44475,-159.6045,67.49,54.6713125,-320.112875,-22.253125,299.27825,-435.18775,-10.939,49.6119375,-91.2661875,34.45825,161.17125,-123.5933125,-405.6146875,-193.7964375,-66.7564375,26.490125,-11.07775,49.0845,-156.574625,-186.5510625,124.981125,-200.6705625,-122.89925,154.5633125,-63.308,112.414,134.813875,-348.6805,117.9433125,148.0926875,68.1924375,45.04175,-308.291875,70.67025,-127.05825,63.2984375,-421.409625,31.6955,31.9,-120.3471875,19.4956875,239.8301875,-63.3741875,-81.3059375,-452.2911875,-20.6265,189.648,-188.057,126.6099375,170.154375,-21.631125,-352.52375,-153.399375,153.8185625,-163.4049375,-195.9051875,61.9264375,22.7246875,-164.0838125,-99.8084375,-1.3914375,12.084625
2.6637386389614592,200.347625,-394.234125,-257.6255625,108.7005,64.6578125,168.464875,125.032,-463.6991875,187.55275,117.11525,340.5770625,190.87625,-330.3379375,-10.1988125,70.899125,-61.56575,152.1885625,433.4149375,-41.9490625,19.853875,8.30275,-153.382625,42.4849375,-169.1259375,-275.6169375,181.2280625,-14.16975,-314.5383125,76.5846875,-139.0321875,-388.910875,273.890625,-493.957125,-500.0430625,188.2923125,-67.4105625,86.449375,-170.5644375,-404.7761875,158.6669375,69.2686875,138.189375,-123.21675,-124.3396875,-14.9370625,-96.549,-80.323125,188.6650625,-222.337125,-133.6816875,-89.163375,-48.7080625,-174.791375,-19.722875,-40.84325,29.245625,-69.3924375,-75.6923125,-21.3163125,-187.012125,164.8015,-282.5230625,42.7791875,-140.4075625,361.5378125,166.920375,-389.03975,-148.39725,90.8965625,91.147625,-298.8195,-44.008125,223.8754375,-419.32675,65.2351875,51.7404375,-69.0021875,50.5923125,186.103375,-208.668125,-373.7474375,-239.6483125,-115.762875,25.4494375,-16.49075,73.8669375,-162.4445625,-214.7794375,101.04025,-150.8058125,-100.3279375,183.6989375,-79.639125,145.83575,70.9999375,-312.7663125,159.1041875,120.4139375,67.969875,-55.3031875,-351.4871875,57.9894375,-169.2825,56.619,-346.0535,17.6906875,12.3583125,-109.01275,-13.414125,163.079,-26.7748125,-117.3445625,-478.012625,-79.023625,185.1681875,-114.8410625,89.423875,165.1393125,7.453,-330.4415,-206.944875,154.7244375,-115.6884375,-213.866625,85.78975,8.62125,-131.993375,-149.7925625,18.031875,60.3904375
2.6678111616835425,174.110625,-379.518,-311.047875,21.5884375,65.0031875,173.5339375,86.024125,-489.8144375,209.2161875,103.4444375,339.121875,194.6823125,-317.576,-24.70975,35.18975,-51.0589375,135.3521875,406.76425,-54.0905625,-50.22675,-12.037125,-184.600625,10.0839375,-231.544375,-302.8559375,168.3085,-10.7230625,-273.4320625,61.5548125,-126.623875,-396.2358125,295.1155625,-483.6395,-486.8174375,102.8713125,-79.3774375,64.9846875,-212.3128125,-327.417,152.513125,14.794,132.8914375,-166.9696875,-120.96825,-15.750875,-41.6795625,-54.543125,186.42225,-225.405125,-141.5799375,-38.586125,-43.15925,-162.1361875,16.7119375,-107.3568125,12.5745,-10.65,-96.8819375,21.066125,-183.1321875,215.685375,-264.8504375,29.2358125,-140.6964375,398.7626875,48.4920625,-321.6105625,-118.343,120.3503125,127.0915625,-262.92675,-59.3726875,145.41225,-405.17725,137.77925,53.3208125,-36.0690625,50.1831875,192.19475,-288.8950625,-337.1666875,-256.447375,-171.5803125,23.399875,-22.1645,97.5311875,-172.323,-232.3515,81.8481875,-96.86475,-94.40325,199.3841875,-90.0455625,150.1646875,-6.8383125,-271.9815625,187.3220625,87.4225,52.937625,-145.87275,-375.437,53.23225,-178.7868125,40.2419375,-271.74625,3.3428125,-21.5616875,-80.529,-57.895125,95.4519375,18.002625,-158.218125,-500.8753125,-135.9669375,182.4469375,-51.3388125,30.651375,122.113375,41.1285,-273.846125,-252.6460625,171.5485625,-57.08525,-233.75475,99.8201875,-2.27525,-99.994375,-199.8518125,44.051375,105.1269375
2.6718836844056115,151.0865625,-352.4433125,-370.1620625,-38.26175,58.7916875,179.9629375,39.5295625,-491.4479375,248.693375,75.513875,333.1550625,183.8280625,-288.4005625,-30.292875,-1.7834375,-49.135,108.8058125,364.85075,-64.3770625,-107.181125,-31.5465,-211.2700625,-13.966,-289.053875,-325.035,161.517,-24.30225,-228.9146875,55.0875,-116.588625,-388.947,313.4813125,-492.0965625,-464.2156875,20.820875,-100.7290625,53.9988125,-237.2405625,-269.05575,138.44675,-30.2066875,86.29725,-189.948375,-111.4559375,-9.7254375,-1.9146875,-20.885125,175.9255,-216.528875,-148.9926875,-7.782625,-48.2205,-139.0078125,22.487,-163.75825,-14.6025,35.9435,-121.6161875,47.82175,-185.2311875,247.5485,-266.5173125,20.8741875,-144.0399375,416.03425,-49.059125,-257.53225,-72.8968125,148.0151875,160.6685625,-205.794375,-74.6155625,72.31275,-387.9308125,195.8923125,53.9135625,10.083875,33.0828125,181.8709375,-351.1729375,-291.162875,-249.3189375,-224.1724375,29.786875,-17.758,117.22425,-188.0106875,-238.2734375,58.30275,-52.087125,-112.3631875,199.0288125,-98.4863125,127.0895625,-79.409625,-225.2875,191.1935625,49.3510625,22.610625,-210.5365625,-377.2526875,61.330875,-161.2034375,21.366,-204.6875,-2.232,-73.0255625,-44.5078125,-102.0385,51.402375,57.8769375,-192.5455625,-521.21375,-188.6984375,170.3748125,0.61775,-32.8805,65.97975,79.8218125,-201.11625,-294.423125,205.8759375,-2.427625,-261.4318125,104.280375,-8.7589375,-78.160375,-232.0841875,71.173875,131.579125
2.6759562071276948,141.6779375,-320.6351875,-428.4944375,-75.82625,48.0796875,184.566875,-2.299,-471.803875,296.0276875,25.1644375,329.992875,149.5101875,-261.6403125,-15.4180625,-33.8798125,-68.1691875,90.4644375,306.553375,-62.278375,-146.3901875,-44.9026875,-230.316125,-26.2513125,-330.154625,-339.977375,154.0829375,-49.5186875,-190.5181875,63.858,-104.8248125,-373.7130625,309.4835625,-518.3106875,-429.379375,-50.5481875,-128.6784375,61.7954375,-245.8029375,-227.3725625,108.10025,-75.930875,13.3950625,-190.777,-91.4036875,1.853625,17.474625,29.227125,162.509125,-195.6963125,-161.188,9.7421875,-66.2084375,-110.323375,8.471,-203.00675,-55.0425625,54.587625,-152.4729375,55.4970625,-184.807125,246.6960625,-284.507375,20.9883125,-145.189375,411.827125,-102.074625,-220.368375,-21.644625,159.7336875,186.8183125,-129.3718125,-92.9348125,8.9304375,-359.119125,226.105375,51.6190625,69.385125,3.9215625,165.4564375,-387.5613125,-235.5126875,-229.4781875,-269.997375,49.8205,1.3193125,130.5763125,-213.2160625,-238.8625,25.55,-27.6383125,-147.007625,187.7805625,-110.9565,87.61125,-131.8033125,-172.4269375,163.2028125,8.091375,-18.381875,-239.0145625,-360.787125,76.8895,-133.230375,8.1479375,-153.3758125,5.0319375,-137.1676875,-18.6716875,-134.2033125,31.779375,76.665875,-214.391625,-530.711375,-233.9960625,147.4675625,38.4175625,-77.8665,20.1785,121.303125,-138.7304375,-334.5814375,243.7525625,39.0625,-292.6686875,104.3178125,-11.9679375,-63.96675,-238.63775,101.6670625,130.4025
2.680028729849764,148.4793125,-287.1544375,-469.3701875,-96.829125,43.35725,179.5475,-28.988375,-434.097125,329.966,-49.021125,331.4400625,92.913875,-245.6853125,17.025125,-59.232,-106.4145,95.0160625,238.532875,-46.4158125,-179.3200625,-48.329625,-244.273375,-27.8844375,-341.3585625,-352.816625,132.3871875,-79.5473125,-168.6658125,69.4320625,-86.8859375,-358.2880625,280.0135,-546.3993125,-378.2381875,-98.793125,-157.8793125,84.034,-243.7949375,-189.806125,67.4419375,-122.8449375,-59.73875,-179.6865625,-66.9294375,15.198875,19.124125,91.45175,156.519125,-164.53,-181.3855625,9.0203125,-93.634375,-80.3358125,-7.7451875,-218.96375,-110.1535625,45.856125,-192.1060625,54.116125,-173.036,209.593625,-307.3843125,28.855,-140.343625,387.739,-101.7975625,-216.318,28.0596875,145.668375,203.254375,-47.32075,-109.9230625,-39.371375,-317.9850625,225.1039375,43.8568125,136.543,-28.587625,152.41275,-401.8910625,-180.4799375,-209.1208125,-304.8566875,75.8485625,32.9364375,137.052875,-249.256,-241.469875,-6.6344375,-24.7505,-187.5224375,179.346125,-133.5979375,41.5436875,-157.94025,-120.241875,114.1124375,-30.7713125,-62.2936875,-237.873125,-326.8795,91.2240625,-114.185,0.686,-125.856,26.4415,-205.53875,-11.697625,-146.205,24.1490625,69.451125,-222.94225,-521.5786875,-267.05775,118.67325,57.4340625,-89.7466875,-6.2695,162.7895,-103.8493125,-365.74275,265.0585,67.138875,-309.555625,107.30425,-15.4271875,-52.879375,-218.3085,136.519625,100.8653125
2.684101252571847,164.8245,-250.0251875,-480.344,-104.4491875,55.229625,163.6323125,-39.471375,-385.2593125,338.124375,-136.39625,335.0749375,26.8186875,-242.7655625,49.187,-80.2016875,-149.638,121.9926875,171.649625,-23.3563125,-219.7046875,-42.045375,-259.6990625,-20.6803125,-319.487125,-370.44275,86.8109375,-108.3345,-174.8948125,43.20775,-62.5854375,-341.9825625,236.961875,-559.581875,-317.584375,-120.1135,-182.9799375,110.1668125,-235.7034375,-147.875625,32.99275,-161.3974375,-117.5090625,-170.94475,-49.336125,22.41125,12.5873125,151.2119375,167.8561875,-131.4963125,-210.393375,-21.960625,-118.9101875,-55.1795625,-17.4875,-211.3266875,-174.83375,20.8363125,-242.7151875,50.2910625,-148.553625,148.0510625,-318.9193125,41.3445,-130.4955,348.0510625,-54.8988125,-227.6008125,71.145875,108.009375,210.393625,24.2250625,-120.2455,-68.13,-271.6134375,205.5075625,27.7543125,199.7514375,-58.862,145.6180625,-401.4674375,-139.0315,-195.4430625,-320.623,91.837375,69.20475,136.6989375,-290.4270625,-251.34425,-25.341125,-38.6634375,-228.877,186.7493125,-169.363875,-4.09225,-160.91125,-78.2416875,66.302125,-62.4151875,-103.088875,-226.261125,-272.9805,102.89075,-111.4510625,-7.8858125,-124.2615,64.0485,-271.5939375,-20.1779375,-137.7911875,13.2124375,48.3666875,-216.5679375,-496.1965,-286.430125,86.326875,57.7474375,-72.8055625,-14.24425,199.746625,-95.2295625,-374.06875,256.42325,84.39525,-297.3853125,110.66725,-22.9816875,-44.3899375,-179.11925,170.291625,53.5578125
2.688173775293916,176.11575,-208.4870625,-463.9631875,-103.371875,84.05375,145.078375,-39.7070625,-333.75125,327.6518125,-221.309375,337.951125,-30.9758125,-254.938125,62.0348125,-96.0841875,-181.0734375,157.50225,114.876625,-1.8145625,-269.172125,-32.03225,-279.19725,-10.1458125,-277.415125,-392.2689375,20.5163125,-130.76475,-213.415,-25.2390625,-34.868,-321.3114375,196.0721875,-553.6220625,-260.9494375,-127.006375,-202.892875,135.61975,-223.8311875,-102.2945,13.8211875,-183.73725,-160.4523125,-166.6313125,-40.0758125,16.3738125,8.008,192.8169375,198.277875,-104.6515625,-246.154125,-85.0433125,-128.2786875,-41.0244375,-23.7469375,-186.5145,-237.005125,-9.1821875,-299.3040625,39.5930625,-119.134375,80.6181875,-309.13075,54.1895,-120.1091875,297.51875,20.1770625,-226.881375,103.012875,60.40225,206.8141875,73.1745625,-122.999375,-79.943125,-227.363375,179.0935,5.2151875,243.0476875,-83.76925,139.29375,-391.2336875,-115.614,-187.971875,-310.2934375,88.09975,104.7501875,129.858,-326.0164375,-273.056375,-23.0931875,-64.6158125,-266.4425,209.1978125,-211.1874375,-43.7379375,-152.8180625,-47.177,36.7671875,-86.7310625,-140.33875,-218.59675,-201.8583125,113.582625,-114.244875,-18.7400625,-143.490125,118.87275,-330.537625,-38.65475,-116.741,-7.7951875,33.8988125,-190.2878125,-460.856,-294.4164375,51.15925,48.1784375,-47.122875,-7.342625,227.0415625,-102.057625,-348.1264375,215.5245625,94.103625,-255.300125,102.9350625,-39.120125,-43.383375,-138.4328125,198.1883125,3.571625
2.6922462980159994,167.4315,-166.1843125,-434.8035,-97.9785,120.449375,131.6048125,-31.9713125,-286.5491875,310.625875,-294.309125,337.089375,-67.025875,-283.9568125,50.9413125,-99.5419375,-190.8205625,181.8631875,73.148375,12.862,-314.9413125,-30.2639375,-298.47525,-0.7291875,-231.9929375,-411.9095,-54.068375,-144.648375,-269.0824375,-119.7154375,-9.6745,-298.1569375,167.469875,-537.358625,-214.879625,-139.6464375,-218.851875,161.53275,-210.623,-58.52575,7.5243125,-190.2936875,-193.3195625,-157.475625,-34.5379375,-4.6170625,17.722625,208.7620625,233.6585625,-82.26475,-285.3895,-160.7305,-113.9505,-42.34775,-38.0850625,-152.0370625,-282.2650625,-35.633625,-347.0951875,19.2994375,-95.948625,19.12575,-281.0205625,65.8089375,-114.508625,241.5465625,97.978875,-201.4299375,123.7106875,20.6173125,191.1535625,97.5654375,-122.894125,-81.762625,-187.85825,145.159875,-12.925375,252.176,-99.4996875,125.2149375,-377.7531875,-104.953375,-180.1319375,-274.8136875,64.8564375,142.3776875,117.99,-349.196375,-303.2154375,0.9648125,-99.4840625,-286.2035,229.0745,-246.4335625,-70.250875,-143.8825625,-18.8929375,29.820375,-105.916,-174.6801875,-214.0105,-123.53975,119.6091875,-107.8350625,-25.6798125,-173.9445,181.7249375,-373.1725,-65.0569375,-92.26225,-39.2111875,38.4266875,-141.638125,-417.4831875,-290.7690625,16.805625,41.7325625,-31.3358125,7.9061875,245.3995,-117.9304375,-287.0631875,151.7664375,99.91125,-191.360625,79.029125,-66.9216875,-62.4253125,-108.307625,216.2433125,-38.9531875
2.6963188207380826,137.492375,-127.556875,-408.8418125,-93.1724375,152.722625,122.795625,-13.22675,-250.4393125,292.85525,-350.9024375,330.6421875,-77.72475,-326.6210625,26.1513125,-83.3519375,-176.2800625,176.725625,50.6664375,20.771625,-345.128625,-47.1960625,-310.9504375,9.3775625,-194.9434375,-424.1803125,-127.152125,-152.983,-314.37625,-212.42275,5.8861875,-276.1024375,150.101,-519.4135,-176.9425625,-168.9904375,-232.271,188.0255625,-197.1685625,-20.05075,5.9783125,-185.371875,-221.3105625,-139.7225,-30.9818125,-39.96225,50.11725,202.8776875,250.894625,-57.135,-323.610125,-218.3884375,-80.17075,-62.1339375,-73.5178125,-113.677625,-301.9388125,-54.0898125,-374.9645625,-4.8400625,-84.370125,-35.48775,-245.037875,81.5940625,-115.1630625,186.3159375,158.3595,-157.5850625,138.8601875,-2.764625,165.1326875,108.0068125,-128.7805625,-79.7944375,-154.7369375,100.9808125,-15.5375,221.061625,-101.5040625,99.9645,-370.00575,-99.374625,-167.7351875,-221.70375,26.6771875,186.0928125,103.078375,-362.3315,-328.613625,38.583625,-138.006,-273.5886875,229.633,-268.217125,-77.498125,-129.8715625,13.0021875,38.63225,-120.470875,-201.877375,-203.9644375,-47.0035625,116.1205625,-90.2513125,-28.4971875,-202.3708125,232.4444375,-388.931625,-96.700875,-72.08575,-76.554125,57.1924375,-78.3070625,-366.1665,-271.4175625,-11.7009375,46.9280625,-28.957625,16.0224375,260.71375,-140.6361875,-199.632125,82.4715,100.425375,-115.703,48.9286875,-98.899375,-107.1368125,-89.231375,218.47775,-71.870875
2.7003913434601516,98.3845,-93.6184375,-392.5795,-95.694375,177.4094375,115.0143125,16.764375,-231.1845,275.2891875,-387.4005625,313.39525,-73.3514375,-373.3504375,1.626,-51.04775,-142.5214375,135.611,53.1123125,26.446625,-360.6123125,-80.076125,-310.975,24.1738125,-172.6538125,-430.5594375,-190.180625,-158.7865625,-329.7614375,-281.3018125,7.47425,-250.7453125,137.19975,-497.179625,-143.935375,-211.3235,-244.48825,206.7399375,-181.7253125,11.69,1.791375,-175.86975,-254.404875,-118.5954375,-27.1474375,-83.7746875,98.338125,188.49,236.2143125,-27.459875,-352.723375,-239.847,-37.9159375,-97.6083125,-135.4485,-79.284125,-298.4845625,-68.40825,-384.5776875,-30.304125,-82.6711875,-84.1168125,-210.188125,104.9130625,-116.6263125,139.2075625,198.8136875,-106.5243125,155.447625,-14.0814375,130.3533125,119.990875,-148.2735,-77.9075,-132.5688125,51.894375,-7.84725,155.5165,-88.643625,66.0493125,-375.3291875,-92.8689375,-155.31325,-162.6755,-19.2646875,230.890375,84.3140625,-372.6386875,-338.7135,75.65225,-168.7743125,-230.634125,213.01975,-277.08925,-67.2349375,-98.9280625,47.194,49.5158125,-128.2891875,-214.564375,-183.455625,24.4605,105.9545625,-68.9695625,-31.8709375,-213.8211875,254.9825,-374.1534375,-124.174,-59.1395625,-110.2650625,73.6149375,-15.57525,-310.888625,-233.4365625,-33.9253125,65.2691875,-31.920625,-1.7235,276.2443125,-164.0415625,-97.0353125,23.27575,88.15525,-37.3723125,30.66675,-119.3315625,-162.2153125,-78.574,205.186625,-98.81525
2.704463866182235,61.101,-64.6466875,-381.6470625,-107.09625,201.253,105.820875,52.4140625,-228.250625,256.144125,-402.4919375,277.0841875,-77.1676875,-413.1978125,-12.6165625,-18.93,-101.52675,69.60275,79.0808125,32.9475625,-367.606,-111.1606875,-296.322875,44.8855,-166.2346875,-437.9386875,-231.698375,-158.49925,-314.06275,-321.1031875,-5.4071875,-211.244625,126.3320625,-459.7085625,-112.3680625,-256.4663125,-254.1358125,205.9506875,-162.52525,33.6920625,-6.9548125,-173.0680625,-300.5670625,-97.8640625,-16.4410625,-121.44525,145.979625,182.247125,195.816,2.42975,-365.7675625,-230.5759375,4.28575,-138.002875,-211.745375,-58.1505,-280.9841875,-85.1443125,-381.636875,-62.86275,-87.3936875,-122.7766875,-182.046375,125.1231875,-110.668125,108.61575,228.452125,-61.260375,180.4955625,-19.4054375,85.414125,139.719875,-182.5391875,-75.5544375,-124.1996875,7.8459375,-10.1935,69.4496875,-65.94325,27.592,-393.0898125,-76.096375,-149.230125,-110.672375,-62.859125,264.8,61.015,-389.77225,-335.6309375,101.695875,-180.163125,-178.6400625,195.32825,-275.529875,-45.7208125,-48.000625,77.7298125,50.2355,-128.8355625,-205.8511875,-152.30225,84.693125,98.588875,-48.3505625,-34.36125,-199.4693125,248.4603125,-334.810625,-131.6361875,-45.8556875,-135.010875,70.831375,36.6404375,-257.8569375,-179.26175,-53.4466875,94.8675,-32.28525,-50.3398125,287.5225,-178.1730625,8.159,-20.1235,58.3890625,35.6323125,36.1154375,-118.8733125,-202.5845625,-73.5724375,183.7188125,-122.3665
2.708536388904304,28.9264375,-46.384625,-368.742625,-123.040625,228.26725,92.1119375,90.177,-237.46775,235.5234375,-397.2558125,221.6761875,-107.5875625,-441.5061875,-10.188875,-3.911625,-65.5129375,-3.9233125,115.0360625,38.4600625,-369.568625,-124.4526875,-270.009625,71.057375,-169.4809375,-446.438,-246.865875,-149.1768125,-285.499375,-342.9781875,-28.0951875,-155.5288125,120.6065,-398.52725,-76.64475,-296.04725,-257.558125,183.047125,-141.0869375,40.837875,-18.2894375,-184.6495625,-354.8259375,-76.9559375,4.4665625,-141.17975,179.1888125,190.3926875,148.7355625,26.5009375,-363.8639375,-211.9384375,39.0643125,-168.0120625,-275.0205625,-50.2204375,-257.580625,-99.6080625,-369.4364375,-104.8755625,-98.2811875,-149.6043125,-165.4033125,126.9323125,-92.9008125,99.893625,251.5851875,-36.9041875,221.4548125,-17.101875,29.3046875,155.6910625,-223.3271875,-66.22875,-128.1751875,-21.2655,-38.65475,-16.41,-42.25525,-9.196,-414.206,-36.539875,-149.8893125,-74.4776875,-96.2211875,282.383625,41.8583125,-420.7741875,-328.0401875,115.54,-170.68075,-141.5218125,189.1449375,-261.2534375,-14.66175,13.975625,101.252375,39.8745,-124.1158125,-176.117625,-112.500875,118.597375,104.7470625,-28.4944375,-30.6730625,-165.17575,220.8945,-280.8835,-105.55275,-17.8545625,-154.9408125,42.6345,79.0698125,-206.7999375,-120.751125,-69.437125,131.9785625,-30.20475,-118.0363125,285.914375,-177.374375,104.5809375,-52.3605625,18.4604375,96.048875,61.875125,-103.2281875,-209.8825,-71.100625,159.6338125,-140.62825
2.712608911626387,1.519375,-47.8345625,-348.1463125,-141.1154375,251.388375,71.888375,131.84725,-258.7888125,216.8395625,-371.6370625,158.7280625,-164.209125,-460.7869375,9.652,-10.7983125,-46.362125,-71.4411875,145.7178125,45.5866875,-371.0125625,-121.797875,-239.67075,98.393375,-167.223625,-448.6888125,-242.532875,-137.53025,-269.6185625,-363.7189375,-50.241375,-94.890875,123.21025,-315.90175,-38.071875,-324.383875,-257.877875,145.55225,-123.2463125,27.5995,-29.7259375,-203.776,-401.9503125,-55.97675,28.9876875,-143.087,190.5034375,206.613625,109.052,37.6395,-354.489375,-203.6375625,58.861875,-175.1951875,-302.3761875,-45.4895,-231.1765625,-97.2191875,-351.1710625,-152.4360625,-121.240125,-169.4585,-163.92325,108.925875,-64.9700625,112.467,264.992375,-35.9011875,280.8875,0.6626875,-36.1041875,151.475875,-259.773375,-42.074125,-140.796625,-29.7561875,-91.4136875,-78.3585,-25.8076875,-31.2401875,-429.8408125,27.92125,-150.8901875,-58.916375,-116.344875,289.6235,38.41025,-461.5679375,-323.934,123.0108125,-150.691125,-126.3685625,194.3015625,-231.35775,28.620625,73.8535625,117.5903125,26.7860625,-113.084125,-139.2385625,-69.3396875,110.744375,130.27375,-5.9244375,-17.923625,-125.594375,181.136,-217.332875,-46.760375,31.865625,-175.0135,0.076125,113.65375,-148.9758125,-74.4229375,-75.7065625,169.3621875,-34.0403125,-189.2745625,266.4403125,-167.1425,188.302875,-82.331625,-17.71725,139.464625,92.1711875,-91.011875,-181.507875,-70.4425625,135.852125,-149.5685
2.716681434348456,-19.8010625,-71.3274375,-315.771625,-163.197,260.4195625,46.2693125,176.9499375,-294.925125,203.40075,-326.8716875,105.2275,-237.45175,-473.9449375,38.729,-34.2816875,-53.3285,-121.565125,163.275375,61.9119375,-378.6570625,-116.1260625,-214.8653125,116.206375,-144.8216875,-445.571875,-228.7475625,-133.0309375,-278.1789375,-394.082125,-59.616125,-45.1593125,130.7929375,-225.518,-8.484125,-336.245375,-266.9688125,106.064375,-114.3873125,-4.38425,-37.9890625,-210.594,-428.2180625,-36.3024375,47.0853125,-135.7705625,178.738,227.78675,76.9205625,30.0761875,-345.1506875,-210.7165625,60.4744375,-155.3195625,-291.2501875,-38.533,-201.4390625,-71.937875,-330.6860625,-202.7536875,-160.9715625,-190.63875,-177.406,81.181,-30.533,139.327125,268.8619375,-45.3691875,348.5229375,39.79,-105.9684375,128.8874375,-289.37725,-0.36525,-157.613,-22.6173125,-151.0625,-105.6265625,-22.7528125,-27.6388125,-434.876125,100.4233125,-143.6911875,-65.6445,-122.9033125,294.8375,51.234125,-498.9485,-330.3760625,132.0565625,-135.1779375,-124.041625,200.4754375,-190.93625,82.5625625,122.375625,125.223,16.0075,-91.475375,-113.0775625,-32.4353125,61.9800625,169.092875,27.873125,5.8683125,-92.272,137.2788125,-147.4359375,25.629,94.706375,-194.5226875,-34.7736875,136.05425,-80.3915,-47.5254375,-64.936875,196.0224375,-50.6315625,-251.9991875,232.2259375,-159.80675,262.3218125,-117.0123125,-43.6315625,163.0675,113.151375,-98.0811875,-132.1245,-74.7115625,118.2275625,-148.8203125
2.7207539570705395,-31.85975,-108.5606875,-269.765875,-187.4364375,251.5585,16.7004375,219.5895625,-344.085875,194.188375,-275.2700625,71.1015,-321.933375,-482.142375,66.4425,-65.470625,-84.8705625,-150.499375,163.474,87.6013125,-394.8593125,-115.72225,-200.8204375,113.4148125,-99.2286875,-445.878125,-208.432,-139.0238125,-304.4245,-432.2563125,-48.459375,-18.1738125,132.89775,-146.121125,2.2075,-327.4823125,-290.0955625,79.7355,-115.0455625,-41.2043125,-41.74225,-190.2665,-431.0691875,-15.46675,50.244625,-128.5619375,147.81675,252.6058125,45.313375,5.5016875,-340.1149375,-225.0036875,47.59225,-112.24875,-256.566,-32.631375,-173.502875,-33.41575,-312.0010625,-255.2428125,-212.6014375,-220.9471875,-201.1204375,51.8355,7.491,170.228625,269.0300625,-55.7116875,403.34725,96.2465625,-169.4321875,110.582875,-316.1019375,54.8103125,-177.432625,-12.4449375,-200.4233125,-106.21625,-37.3375,-4.3068125,-426.8759375,154.2425,-125.1684375,-87.4499375,-121.262,298.425625,71.9733125,-519.586,-349.711125,149.488,-136.5355625,-122.7206875,195.7045,-149.8501875,134.8036875,156.95425,122.70275,8.567,-60.064125,-104.6391875,-10.40225,-5.07275,206.7661875,79.5764375,42.5078125,-70.222,94.329,-82.8978125,86.324875,153.6338125,-207.7990625,-46.6678125,139.7169375,-12.4153125,-32.08525,-34.0885,197.346,-76.7408125,-297.4700625,191.350125,-162.4363125,328.9305,-159.8606875,-59.0709375,163.2858125,126.441375,-121.51625,-80.70975,-88.694125,116.2500625,-142.5095625
2.7248264797926227,-37.3535625,-149.711375,-216.08775,-202.8730625,226.26,-13.2031875,252.635375,-397.9264375,184.77825,-240.0189375,47.2465,-415.7515625,-485.8418125,86.25075,-94.188125,-128.824375,-168.5100625,142.989375,115.3970625,-413.022375,-122.493625,-192.0948125,85.4259375,-38.4655,-452.3581875,-179.1165,-151.5204375,-337.382,-467.9434375,-20.0129375,-15.0861875,121.3515,-91.159375,-7.1446875,-298.8099375,-317.910875,76.249375,-121.8384375,-69.1485625,-45.6445,-150.9565625,-418.494,11.444375,28.5513125,-125.621875,103.1856875,266.33325,7.088375,-25.2709375,-340.3398125,-235.7765625,27.250875,-54.2165,-216.097375,-31.5945,-158.089,3.2400625,-298.4466875,-303.826625,-261.9718125,-259.0813125,-225.5121875,24.501875,43.6595,198.471,269.4849375,-70.2511875,424.2209375,155.0700625,-214.1383125,117.065875,-337.667,115.4726875,-199.865625,-5.6840625,-234.271125,-95.451625,-67.8558125,18.89425,-407.30925,171.66225,-97.58225,-109.4284375,-120.4854375,291.8289375,94.3756875,-515.562,-375.212875,175.82125,-155.2215,-116.8928125,176.13625,-115.3228125,166.92025,176.544125,111.50425,11.028,-29.326875,-106.8835,-5.7694375,-60.9859375,231.161875,144.6076875,88.1423125,-56.2595625,53.84075,-40.2488125,122.7086875,195.2530625,-209.712125,-32.23975,123.06675,33.6666875,-13.0191875,7.6313125,162.27525,-104.2618125,-325.7096875,146.554625,-171.0990625,385.5015,-208.4630625,-63.0701875,139.6530625,147.8573125,-144.5810625,-36.9168125,-113.35425,135.31925,-136.00825
2.7288990025146918,-45.355,-190.181375,-170.3673125,-200.1723125,185.8278125,-34.3168125,267.464875,-447.911,174.6470625,-236.2806875,13.9835,-510.0119375,-481.95025,94.840125,-112.3144375,-171.419375,-185.3036875,104.393125,142.077625,-422.3655,-138.2680625,-175.189375,34.75275,22.71575,-460.4044375,-145.66725,-161.4103125,-372.511,-489.7546875,15.224,-30.4169375,97.8828125,-58.52325,-31.6035625,-258.9675625,-337.935375,90.88525,-131.6325,-88.2439375,-54.6530625,-116.6491875,-397.02825,43.2825,-24.439,-124.0236875,48.8741875,248.2238125,-40.51925,-47.88025,-343.166875,-238.9840625,2.319375,9.627125,-181.769125,-34.939375,-160.82175,28.846375,-290.7531875,-335.39325,-289.9288125,-293.30025,-241.73525,0.009,68.86925,221.322,269.966375,-96.360875,398.6014375,197.4145,-238.8481875,146.8911875,-344.3708125,174.7511875,-220.0980625,2.2875625,-256.963875,-84.7618125,-103.1986875,23.91175,-381.9511875,153.482125,-62.207875,-124.51,-121.9939375,266.101125,118.123,-484.0983125,-397.1986875,199.5054375,-175.8175,-107.4225,148.3518125,-90.477,168.5310625,176.271875,97.5245625,32.375875,-12.1015,-109.326875,-20.3030625,-88.5033125,235.6645,206.9841875,130.98725,-44.201875,17.7746875,-28.0299375,139.320125,217.2449375,-199.666875,8.7545,88.5789375,45.332,19.7123125,39.5675,95.640875,-127.88175,-347.488875,93.7074375,-177.643125,424.0848125,-251.6198125,-55.56125,98.9051875,190.6695625,-157.2195625,-3.804125,-142.1805625,170.7798125,-133.3650625
2.732971525236775,-59.4831875,-225.5818125,-147.4861875,-183.3944375,131.4531875,-39.6645,254.9308125,-490.78425,170.91675,-259.1581875,-37.5861875,-586.3199375,-466.709875,89.576,-117.2405625,-204.5775625,-196.03175,57.0983125,170.224125,-419.5603125,-165.1304375,-139.5479375,-29.9149375,68.4591875,-464.7495,-122.4456875,-163.5511875,-404.4511875,-488.3496875,51.242125,-60.8695625,70.1764375,-35.0993125,-59.54425,-220.7564375,-346.4410625,110.213,-145.3780625,-107.1985,-64.751375,-102.3748125,-365.8579375,72.123625,-101.197125,-116.842625,-6.6468125,194.8060625,-88.6259375,-50.644625,-341.2331875,-234.1438125,-28.724625,66.4158125,-159.4856875,-38.7444375,-177.18175,42.28675,-286.2991875,-338.0666875,-282.1419375,-310.4764375,-255.6145625,-20.994125,73.40975,239.0794375,266.4096875,-131.638375,327.92125,212.2065625,-254.6000625,179.322375,-328.891625,224.4246875,-233.2835,14.795875,-274.7819375,-80.141125,-127.2788125,2.60675,-357.9328125,112.45375,-20.6915,-138.7185625,-118.5075625,220.058,143.5793125,-426.5001875,-411.941625,203.916875,-177.533375,-100.1894375,121.641875,-75.75625,143.7255,149.1773125,86.6714375,70.192875,-8.9316875,-108.8226875,-58.189,-86.9936875,216.002,246.9704375,155.475375,-36.3799375,-12.6444375,-41.475125,144.876,228.2665,-176.7245,69.1286875,37.9055625,32.2619375,64.7705,43.99875,17.1925,-147.9204375,-375.13375,31.3093125,-177.90125,434.7873125,-274.5833125,-41.7176875,52.6515625,246.949875,-163.34725,13.4608125,-161.4104375,211.7163125,-132.5948125
2.737044047958844,-75.652125,-249.769875,-149.0310625,-162.2429375,69.0910625,-35.2029375,211.318625,-527.7239375,181.287375,-286.544,-103.3424375,-626.0639375,-442.868375,69.023125,-111.5830625,-226.3900625,-190.319625,12.2456875,201.6668125,-410.777125,-203.208375,-84.0416875,-97.227375,90.1514375,-465.7796875,-121.65675,-163.19425,-422.286875,-463.440625,85.3843125,-103.302,42.8794375,-11.3731875,-78.62175,-193.81875,-348.2529375,124.48275,-165.296625,-131.5945625,-67.5458125,-105.6688125,-321.5971875,96.1260625,-182.392125,-97.116375,-48.370375,127.771125,-121.9505625,-29.104875,-324.3494375,-218.2138125,-65.1548125,98.8069375,-150.607625,-40.8405,-198.5180625,43.489625,-280.0408125,-309.59475,-237.4379375,-302.39325,-284.6883125,-35.9403125,52.235625,255.9271875,254.801,-162.096875,229.601625,204.5130625,-269.9504375,192.895625,-293.775,252.9075625,-237.2984375,25.2944375,-288.879,-86.117,-127.6573125,-39.7466875,-338.182625,64.7493125,19.6021875,-157.8296875,-102.400375,162.7681875,164.0318125,-352.832,-422.1865625,184.7511875,-151.41675,-105.4815,97.1739375,-69.4035,105.315625,93.7409375,75.3523125,109.60925,-3.0146875,-110.60375,-115.450875,-64.058875,171.8018125,253.7865625,149.59075,-39.961,-38.5648125,-65.707,142.370375,235.3075,-137.715375,128.3544375,-23.4226875,15.371,113.642,19.745875,-52.895375,-170.9586875,-411.623125,-37.5525625,-170.7065625,418.715625,-270.36925,-30.69525,11.9298125,288.9099375,-167.828375,8.76625,-159.89325,248.563,-128.2415625
2.7411165706809273,-88.895375,-259.0690625,-162.6431875,-139.601875,8.5610625,-38.19775,138.8394375,-559.9954375,202.7894375,-290.4059375,-177.9044375,-622.22625,-418.8050625,37.6688125,-99.2989375,-238.6148125,-165.60425,-22.0689375,232.3793125,-401.7216875,-248.802125,-15.4130625,-158.5921875,87.7025,-469.772,-144.3749375,-170.77925,-420.239125,-426.816,108.4841875,-149.4655625,14.8774375,14.5539375,-84.48275,-181.69525,-349.3143125,125.5716875,-186.6765,-159.3881875,-60.352375,-119.465625,-262.994375,121.7509375,-247.6308125,-61.747875,-67.9370625,71.1806875,-133.03675,10.360375,-285.982125,-191.3881875,-106.5733125,96.2584375,-154.4149375,-43.0379375,-219.8344375,31.922375,-269.000875,-260.008625,-165.85125,-269.8808125,-335.6916875,-45.29175,11.163625,275.873375,239.0828125,-177.7265625,132.1991875,189.216,-283.855125,180.8363125,-253.2998125,255.5034375,-230.508625,26.3406875,-296.6743125,-105.5080625,-105.27075,-83.2056875,-319.5846875,25.4599375,48.224125,-179.5036875,-71.9018125,109.18225,167.2935625,-280.79525,-431.3970625,153.16,-110.522375,-130.585,68.7691875,-68.9660625,63.017125,23.278,55.7324375,134.1726875,25.0246875,-121.1441875,-176.0076875,-30.6671875,111.2435625,231.394875,112.6578125,-55.1246875,-58.561625,-80.4800625,132.079,235.7595625,-85.001125,168.312375,-81.810875,3.69,158.2279375,-19.4846875,-106.0655625,-201.979,-448.5799375,-107.991625,-153.1494375,390.950625,-244.4908125,-29.6165625,-17.35175,295.34825,-169.4658125,-18.377375,-139.2584375,276.6495,-120.413875
2.7451890934029963,-94.5695,-252.2448125,-174.493625,-111.4685625,-44.089375,-60.68175,46.030875,-585.0684375,220.6594375,-257.246,-254.659875,-581.7331875,-398.4685,5.0219375,-82.6816875,-245.44075,-125.558125,-48.0579375,251.812,-393.2310625,-292.335625,55.142,-205.959,62.78725,-478.122375,-179.64275,-192.3055,-401.763375,-391.0479375,110.235625,-186.0838125,-19.6065625,41.7181875,-79.2255,-181.1645,-352.9388125,101.2524375,-196.5854375,-183.5088125,-46.1080625,-143.7175625,-194.6659375,151.2955625,-281.980875,-15.8979375,-72.2760625,29.0398125,-124.66875,51.571875,-231.13175,-163.4014375,-153.025625,65.124625,-170.7219375,-47.299,-241.6554375,12.363875,-253.814875,-205.26675,-80.942875,-228.0434375,-396.71775,-53.7828125,-32.99275,298.2255,230.81425,-180.22825,61.1675,174.9618125,-295.682375,146.876875,-226.069625,240.2705625,-213.2515,19.005,-300.2099375,-135.215625,-75.5123125,-106.2214375,-297.453125,2.696375,57.580125,-198.572875,-31.2309375,68.634375,147.087625,-222.4024375,-438.4575625,124.2970625,-79.7426875,-173.2084375,34.9536875,-75.6195625,14.4446875,-41.1843125,29.75925,131.3078125,76.1840625,-139.217375,-223.792875,3.628875,49.0458125,193.92625,55.754625,-74.8588125,-68.8685625,-71.0525625,116.3348125,228.4901875,-31.0066875,188.39175,-122.2640625,-12.48275,197.7620625,-57.61725,-142.77825,-235.0723125,-474.9633125,-172.74275,-119.592625,364.171375,-208.2456875,-41.11375,-32.588,271.0076875,-164.809,-59.545125,-108.8815625,294.23025,-113.2468125
2.7492616161250796,-91.2613125,-228.811875,-177.2211875,-70.8429375,-87.2166875,-97.34275,-51.446875,-596.064875,220.0658125,-197.98175,-322.682,-520.2689375,-376.8360625,-18.186875,-68.472,-250.2744375,-72.53975,-77.4846875,248.056125,-380.86575,-322.309,115.4799375,-232.526,19.2078125,-481.09375,-211.0419375,-221.8005,-373.484125,-357.7316875,92.0831875,-200.5364375,-73.7035625,65.5193125,-68.521125,-182.1140625,-361.0389375,46.863625,-188.557625,-197.607125,-29.472,-178.3990625,-128.5403125,180.0855,-280.34875,27.2325625,-72.9895625,-5.18975,-104.5261875,78.622,-175.210125,-144.59,-196.2931875,24.120875,-198.0678125,-53.0173125,-267.3710625,-8.381375,-232.5999375,-160.0665625,6.6970625,-202.2215,-448.8986875,-63.41975,-62.9661875,317.4515,239.236375,-173.40475,26.780625,157.42925,-308.837375,96.591,-220.05475,218.103875,-190.675,9.51475,-304.0051875,-168.394125,-53.9343125,-103.37825,-268.28325,-4.75175,46.646625,-211.0865625,13.899625,37.9678125,112.4069375,-174.7419375,-440.5974375,111.23825,-74.9295625,-224.757875,4.3556875,-92.11325,-48.058625,-87.913375,9.63675,96.2235625,130.99375,-152.8953125,-253.997625,36.7573125,-3.7255625,158.7901875,-4.8001875,-93.74475,-70.65725,-40.3448125,100.5913125,220.7079375,8.07625,199.084125,-134.7811875,-44.7289375,239.9874375,-85.283125,-160.02675,-259.1336875,-486.6826875,-222.1619375,-71.4929375,338.0908125,-168.6775,-66.2445625,-31.0474375,236.89825,-150.347875,-103.643375,-78.879,302.442625,-106.9821875
2.753334138847163,-85.49375,-194.2140625,-166.6481875,-14.49875,-121.9053125,-137.35125,-137.347125,-585.6749375,196.4856875,-134.250625,-371.0695,-455.3191875,-345.8143125,-22.3605,-68.942375,-251.8365,-6.9481875,-114.6229375,216.5630625,-355.761875,-335.43925,154.3579375,-240.2119375,-31.675125,-468.753125,-228.7878125,-245.1879375,-341.4650625,-320.248,66.6063125,-190.2938125,-161.911,76.7376875,-62.17425,-168.45775,-372.2408125,-23.4700625,-174.5588125,-196.8739375,-12.5823125,-207.5255,-79.06025,202.5611875,-251.621125,52.4943125,-73.867375,-31.59925,-84.09775,84.8353125,-133.7464375,-132.51675,-222.6493125,-8.1095,-229.51,-59.3075625,-297.093875,-27.755125,-199.587375,-133.5375,92.4255,-210.7790625,-476.5395625,-72.5313125,-73.0574375,324.8420625,268.2555625,-158.8725,24.471875,128.5265625,-322.0924375,38.752,-227.206875,193.398375,-171.0774375,1.477375,-305.2383125,-201.14625,-46.415125,-85.0069375,-229.6545625,1.6386875,23.009,-215.5743125,58.060875,10.004625,85.50875,-127.83975,-440.7659375,121.034375,-93.9359375,-276.8419375,-14.0675,-115.8085625,-125.61375,-114.3753125,3.941875,37.355375,166.575125,-146.7315625,-272.298375,70.9029375,-51.2325625,134.9595,-55.7720625,-112.0969375,-71.600375,-4.273375,88.936,218.686375,19.3695,209.5368125,-118.75375,-87.796125,289.5279375,-100.1918125,-148.7343125,-269.53275,-484.942125,-246.6901875,-25.745,306.129875,-126.05625,-105.0058125,-14.1558125,212.2791875,-127.0973125,-145.4728125,-58.446875,305.8328125,-99.0865625
2.757406661569232,-85.8601875,-163.4865625,-142.7455625,49.602375,-154.356125,-183.8929375,-203.2070625,-551.2213125,157.9815,-75.799625,-390.2126875,-394.92475,-300.2674375,-6.118,-87.88075,-247.875625,68.208375,-148.5320625,164.77475,-311.969125,-336.6468125,163.411625,-234.5569375,-76.2578125,-442.840625,-239.878875,-255.8066875,-309.136,-273.1009375,46.4655,-163.92475,-281.515125,71.4045,-68.621625,-125.04325,-377.9258125,-84.7273125,-171.95525,-175.8303125,6.3505625,-205.1244375,-54.8305625,213.674875,-214.6565625,47.937625,-73.48175,-47.321875,-77.2958125,71.572,-115.924375,-114.44875,-225.72475,-22.787625,-256.4225,-63.85575,-327.665625,-41.9445,-155.41475,-125.2085,174.2224375,-253.9829375,-472.91975,-80.8205,-71.6989375,309.4899375,320.4508125,-141.0503125,41.1193125,83.9114375,-325.6953125,-16.5821875,-235.163875,166.198625,-160.604125,-7.157125,-295.7789375,-232.5655,-53.62225,-62.642,-185.389,22.6921875,0.409625,-213.016125,94.6249375,-15.8153125,83.8308125,-76.84225,-442.027375,148.044,-122.7123125,-324.5456875,-24.0305,-138.9916875,-212.3663125,-118.3158125,9.4189375,-28.468125,169.970625,-111.4474375,-283.6320625,107.489875,-105.69275,115.7023125,-91.7298125,-133.9364375,-76.6765625,26.214625,76.6215,222.137625,-1.5360625,222.1533125,-89.60275,-123.457,339.9975625,-105.829125,-106.4591875,-269.074875,-470.207625,-244.2139375,-1.924375,264.7281875,-77.4901875,-150.0871875,15.518625,205.3336875,-102.7415625,-181.432375,-54.8438125,307.6358125,-88.116625
2.761479184291315,-92.4749375,-151.8228125,-113.503375,104.01925,-192.5738125,-248.626625,-248.0368125,-496.9148125,119.1359375,-15.3353125,-376.39725,-334.14025,-242.91675,18.843375,-117.015625,-239.045125,141.1715625,-167.206125,105.8155625,-256.676125,-327.8424375,142.34,-214.8751875,-106.965625,-410.47425,-261.4084375,-259.341,-278.867625,-217.7629375,33.8835625,-129.7075,-406.6053125,58.6914375,-85.352125,-51.35575,-370.2898125,-118.2183125,-184.73125,-133.9951875,29.5591875,-163.5970625,-53.896,208.2954375,-183.4460625,8.27125,-72.68975,-55.691875,-90.357375,44.7686875,-122.7575,-86.4745625,-213.191,-23.528,-272.3108125,-61.4005,-358.9659375,-44.4100625,-110.4110625,-127.66275,248.6469375,-317.8998125,-443.3108125,-87.504875,-71.5499375,266.0176875,395.2235625,-124.26,60.03925,21.2016875,-309.0595,-64.4308125,-240.2923125,139.525125,-162.845625,-21.0069375,-271.1959375,-262.8761875,-74.83025,-45.5925,-146.2496875,49.8045,-12.234375,-205.608625,113.28375,-36.2631875,104.924375,-25.6391875,-440.4195625,177.083875,-146.1493125,-366.663125,-40.4635,-155.9500625,-299.540625,-100.713,17.7519375,-87.9525625,142.080125,-47.800375,-284.83975,147.170625,-169.3608125,86.52325,-110.5743125,-164.6789375,-82.5575625,56.229,54.549,225.9013125,-44.5104375,234.2565625,-71.04175,-139.4446875,383.0728125,-108.138125,-47.0449375,-260.8215,-445.3109375,-223.972625,-4.315375,212.00475,-21.8014375,-184.10225,59.599875,209.3104375,-84.0135,-204.5039375,-72.1801875,305.7504375,-75.55125
2.765551707013384,-95.601,-162.3193125,-89.042375,135.9520625,-238.8935,-327.855,-274.702,-432.8983125,88.9909375,52.8385625,-338.7081875,-267.92275,-182.34975,37.473125,-150.885625,-228.176625,193.67675,-170.747,49.918875,-206.4990625,-306.3076875,103.3316875,-176.86475,-124.234625,-376.80825,-303.2881875,-263.7815625,-256.796125,-164.142,21.373375,-87.7504375,-502.7665625,56.161,-101.20175,34.4575,-355.0136875,-123.887125,-207.4020625,-83.1996875,56.8196875,-104.9688125,-62.1794375,184.4574375,-158.8271875,-58.6730625,-73.729875,-63.5495,-113.463375,15.153625,-145.0228125,-63.2271875,-201.0294375,-22.3124375,-271.247,-49.9616875,-391.438625,-33.9274375,-73.406625,-132.628,309.3320625,-382.2541875,-398.594,-86.741625,-76.1348125,202.7116875,484.1899375,-106.4820625,64.8114375,-56.509,-269.409875,-103.6734375,-246.579375,121.2955625,-180.6255,-42.644,-231.6095,-290.0678125,-107.4035,-42.858125,-122.06975,65.8388125,-19.189625,-195.615125,103.3305625,-53.1271875,131.3210625,17.093375,-429.3331875,192.29525,-156.5223125,-400.7543125,-74.4629375,-164.9684375,-378.9484375,-72.604375,22.4069375,-138.5814375,98.553875,33.3646875,-269.503125,191.7539375,-232.0675,39.9065625,-111.3743125,-206.9369375,-82.5621875,96.8213125,21.715,218.63975,-87.1698125,239.032625,-76.602875,-139.1835,416.6879375,-112.5968125,7.888125,-242.3635625,-418.173375,-198.7070625,-24.3806875,146.0208125,35.115,-191.04225,112.2353125,204.34725,-71.5240625,-210.809875,-106.4075,298.4991875,-67.508375
2.7696242297354674,-84.7523125,-182.3744375,-73.7505625,151.0369375,-286.066125,-399.282125,-288.564375,-372.954125,65.8941875,118.3355,-291.7195,-203.8104375,-127.1964375,43.4265625,-190.9871875,-218.54475,212.4030625,-168.6170625,3.2478125,-170.2764375,-272.9056875,66.9689375,-121.1080625,-134.69625,-348.660375,-359.9264375,-272.866125,-251.9874375,-124.098625,3.57675,-36.0913125,-549.411125,76.412875,-107.388625,110.878625,-342.0848125,-117.5715625,-236.98925,-42.0020625,85.8918125,-59.9794375,-61.4316875,146.3874375,-138.105875,-131.35425,-76.0375,-72.3903125,-129.4189375,-4.178875,-166.15475,-58.9111875,-201.7530625,-28.1649375,-250.566625,-32.941,-416.359875,-15.726,-45.879125,-131.649625,345.7415625,-426.7513125,-349.4359375,-72.5418125,-77.7579375,133.5185,570.6540625,-83.496875,45.375625,-135.7249375,-212.7765625,-131.4716875,-256.88,117.719125,-216.2518125,-71.294125,-179.7313125,-304.9484375,-146.8559375,-56.026875,-115.8685625,60.5120625,-28.2695625,-185.77,64.2798125,-68.0208125,146.5159375,43.668,-406.7398125,181.9363125,-153.4806875,-416.899375,-121.9225625,-166.17025,-446.830625,-47.699625,17.697,-189.804125,61.0595,111.064625,-237.0546875,244.62525,-280.1576875,-20.9175,-97.5180625,-254.229625,-71.7651875,149.360375,-11.07425,188.914375,-110.571625,223.4655,-105.9775625,-137.2611875,438.832875,-124.026,45.42375,-209.8008125,-390.7410625,-173.088875,-56.254625,72.9531875,82.31875,-169.018625,153.6029375,171.69975,-61.7525,-205.0901875,-143.7270625,289.22,-70.25625
2.7736967524575364,-56.102625,-190.739875,-65.00825,165.7864375,-321.5330625,-441.656625,-293.205875,-330.1350625,43.348625,164.744875,-244.1293125,-158.7493125,-87.7464375,39.5049375,-235.2714375,-208.364375,197.418625,-169.8575,-28.5203125,-144.552625,-236.9746875,48.1395625,-58.5954375,-145.528625,-335.8589375,-415.219,-285.216875,-267.45625,-102.6718125,-18.0610625,20.849,-550.81275,117.084625,-105.33225,170.7158125,-331.3665625,-113.5608125,-271.474375,-23.6186875,115.92025,-45.5714375,-44.1501875,100.617125,-124.2510625,-190.623,-78.6945625,-75.0490625,-129.8435625,-3.264,-172.7973125,-68.322875,-215.1098125,-40.0155625,-213.5463125,-15.2074375,-420.126875,6.3819375,-28.63725,-117.7475,349.0935625,-437.1065,-305.918375,-48.9431875,-64.3996875,70.4290625,634.7814375,-58.353125,6.046125,-199.4269375,-150.7404375,-142.1973125,-268.8555625,123.351875,-267.7691875,-103.615875,-121.41725,-296.8665,-188.50425,-77.3621875,-123.004625,34.745625,-40.9145,-177.7219375,11.108,-73.4825,145.2668125,48.0945625,-380.46075,144.559375,-143.5509375,-406.5884375,-165.500875,-159.352625,-503.2825625,-28.0199375,-0.5669375,-252.727875,41.55925,161.2339375,-196.9088125,304.11875,-305.958,-89.5079375,-74.363875,-293.83175,-45.4288125,207.0893125,-33.2788125,137.6900625,-114.38125,174.59325,-149.901125,-142.8256875,440.763875,-142.7588125,68.3536875,-164.397375,-353.1845,-141.9464375,-98.85,8.507875,112.9859375,-132.4101875,163.860875,109.6956875,-51.0903125,-197.7829375,-170.974375,281.0115,-81.5380625
2.7777692751796197,-11.0248125,-172.6656875,-56.6209375,187.9253125,-338.9981875,-448.1653125,-287.0555625,-309.2704375,15.9933125,187.7681875,-199.5556875,-142.6648125,-76.816,30.4545,-275.454875,-192.69875,161.3925,-176.1118125,-39.70625,-128.1549375,-213.065125,46.4510625,-6.1066875,-159.4794375,-343.2549375,-456.1021875,-290.0254375,-294.4829375,-97.5961875,-39.830375,73.97375,-523.528,159.2691875,-105.98225,219.4675,-320.8838125,-114.34325,-303.9656875,-30.629875,149.992625,-62.8146875,-17.9768125,54.325,-116.551,-235.47625,-80.791875,-63.2803125,-120.3688125,23.5866875,-160.8193125,-76.419375,-228.3421875,-50.710125,-168.312625,0.564,-401.2888125,35.7673125,-25.9140625,-92.241625,318.7140625,-412.9606875,-270.6085,-27.2478125,-30.7953125,25.98225,665.4953125,-44.721375,-35.71975,-237.8389375,-97.1735,-133.4206875,-277.4554375,123.695125,-324.80325,-132.6845,-63.4800625,-266.7035625,-229.792875,-94.5226875,-132.8371875,-3.946125,-53.97225,-169.525625,-34.25825,-62.1536875,133.0245625,28.2485,-365.428125,94.058375,-139.7659375,-377.0849375,-187.348625,-143.6093125,-549.117875,-4.237,-28.7569375,-322.9725625,37.6686875,169.286625,-163.496375,357.60725,-309.0436875,-159.268625,-44.9771875,-315.6226875,3.8265,260.4771875,-45.6600625,76.6701875,-111.4865625,93.99225,-192.007625,-148.6883125,412.143625,-165.284625,91.161875,-111.4024375,-293.4495625,-98.9941875,-148.0465625,-33.153875,130.4485,-104.862,137.3813125,35.44325,-38.943,-197.7171875,-187.542625,272.972125,-90.0915
2.7818417979016887,40.75275,-129.3523125,-44.2820625,209.3289375,-344.7219375,-423.368375,-265.104375,-307.4538125,-15.7645625,195.6986875,-158.5460625,-149.390125,-99.55175,18.4315625,-301.7366875,-173.946,119.451625,-180.8274375,-29.1845,-125.522375,-208.5690625,49.913,26.514625,-175.45775,-361.8469375,-485.3914375,-270.0671875,-317.8136875,-103.41375,-58.3996875,116.4240625,-480.7415625,176.0409375,-118.66075,258.703875,-313.6893125,-116.60525,-324.47675,-56.3724375,191.3095,-105.6275625,3.560875,18.5228125,-104.3991875,-277.5105625,-79.046,-38.36075,-111.211125,73.153125,-133.3214375,-76.5360625,-228.6209375,-54.8439375,-127.75075,14.851625,-369.38875,79.3146875,-40.00025,-66.4634375,257.772125,-367.4195625,-236.0595,-13.00475,14.109375,9.274625,666.169375,-56.178375,-62.0551875,-249.5549375,-63.6761875,-112.88625,-279.5585625,111.986,-370.5523125,-147.694875,-11.459125,-229.2528125,-265.7835625,-95.6835,-133.07975,-44.765875,-63.85975,-158.6615625,-54.0004375,-38.960875,117.5966875,-8.6505,-371.631,51.6026875,-151.431375,-345.4609375,-186.260625,-123.0461875,-584.50225,29.1976875,-53.0993125,-382.49625,41.8113125,136.8033125,-144.54675,387.221,-291.28,-221.4501875,-7.970125,-313.6635625,78.4485,295.397125,-56.3609375,15.456,-110.358125,-0.0888125,-216.2654375,-142.3499375,351.373375,-186.6444375,123.8154375,-56.5946875,-208.6584375,-47.15325,-195.408875,-47.514,145.218625,-105.232125,84.5819375,-26.990625,-25.7345625,-205.6853125,-203.8656875,264.1785,-87.87025
2.785914320623772,76.2005,-72.8884375,-32.30075,214.017375,-350.960875,-376.67975,-224.0765625,-320.1173125,-45.4535,194.9361875,-118.4823125,-168.6885625,-142.8921875,7.4174375,-306.2310625,-158.5050625,77.7438125,-174.3543125,-4.3379375,-132.4705625,-216.68825,46.049375,42.2605625,-195.796125,-374.684375,-517.7073125,-215.7686875,-329.824375,-111.2290625,-76.4755,144.648875,-428.4951875,147.2469375,-139.48625,281.6589375,-308.313,-117.1755,-325.69225,-89.0795625,240.3259375,-163.7906875,12.873,3.531125,-80.214125,-324.6865,-71.8775625,-9.059375,-107.1503125,130.6281875,-100.5178125,-72.4849375,-217.17325,-51.98775,-105.827875,28.6018125,-329.545375,136.48625,-66.7985,-54.6234375,170.13875,-313.32325,-195.2515,-4.75175,55.9518125,18.8910625,649.6810625,-91.3138125,-65.949625,-237.88925,-53.0753125,-93.6926875,-271.9589375,94.7971875,-387.020875,-138.629,30.35475,-199.1724375,-286.192875,-77.1704375,-120.3965625,-79.0615,-67.19325,-145.7528125,-41.27925,-19.0319375,98.931,-46.932,-397.2679375,29.91075,-177.249625,-321.753625,-177.949125,-104.68825,-604.9919375,66.094875,-58.370375,-417.22325,51.0660625,78.6399375,-138.6363125,382.348875,-257.0510625,-267.176875,39.0914375,-284.7019375,167.2805625,297.591875,-71.883625,-42.5305,-106.3631875,-86.57425,-214.50525,-124.1656875,272.617875,-200.165875,157.2423125,-5.01525,-113.0736875,0.44625,-230.5384375,-35.5355,166.8441875,-130.58375,24.9585625,-60.258125,-7.206375,-219.02375,-229.7088125,251.0893125,-77.66275
2.7899868433458552,70.39525,-14.5501875,-31.812,192.5761875,-364.4066875,-318.1353125,-169.872625,-341.0574375,-68.9323125,184.9928125,-77.85025,-196.6563125,-183.681,5.403125,-288.7693125,-145.30475,32.2420625,-152.01325,23.17275,-130.5585,-225.082125,30.69325,52.21575,-228.467,-373.6573125,-560.1231875,-134.4174375,-339.2981875,-108.7814375,-101.4294375,156.3155625,-371.609125,74.8746875,-152.157,286.9361875,-296.6,-112.8679375,-302.851,-116.079,295.0935625,-221.974625,11.52475,10.5435,-49.5689375,-372.4226875,-61.8098125,15.26675,-107.02625,179.619125,-76.95625,-69.074625,-207.600125,-42.1026875,-108.585,40.4509375,-282.845125,193.6556875,-95.8511875,-64.6194375,68.201625,-257.1624375,-151.3659375,-1.1145625,88.7935625,44.8340625,630.508125,-132.7915625,-54.1395625,-208.674625,-58.6299375,-80.26775,-250.6578125,77.3363125,-365.3353125,-104.9249375,59.4013125,-176.3425625,-284.8226875,-46.5158125,-104.854625,-105.09,-60.34925,-132.151125,-1.927125,-16.735,69.58425,-72.171125,-432.6540625,30.533,-210.130125,-307.288625,-177.2749375,-88.70675,-598.8511875,97.7940625,-38.6165,-426.6468125,70.2746875,14.9171875,-141.2694375,343.0885,-217.12625,-294.8758125,91.0785625,-232.28475,251.58175,264.6918125,-91.99375,-94.184125,-86.2624375,-152.523875,-185.76125,-104.7854375,200.147,-202.692875,172.4605625,41.0498125,-31.9106875,29.5858125,-244.8469375,-2.9550625,194.8164375,-155.0674375,-21.9306875,-58.90375,22.6761875,-240.9475,-265.2759375,222.503625,-67.562875
2.7940593660679243,16.58725,38.15975,-51.4235625,150.667125,-381.454625,-255.740375,-118.3739375,-360.8511875,-85.654125,167.7088125,-38.9928125,-228.817875,-207.7019375,16.6128125,-263.0555625,-125.8889375,-23.0153125,-118.0115,46.15325,-98.793375,-223.509625,7.756625,64.1474375,-272.0228125,-366.9373125,-602.9083125,-45.1753125,-358.395625,-86.0595,-133.2054375,152.5068125,-319.8484375,-13.988625,-141.9051875,283.372625,-272.461875,-100.9123125,-250.7091875,-129.038875,348.8956875,-262.6288125,2.2370625,32.8481875,-25.4706875,-409.1094375,-50.1843125,25.3381875,-101.7498125,208.181125,-68.385875,-64.70575,-210.384625,-22.5965,-132.3106875,50.258375,-233.4814375,229.73925,-112.2709375,-95.2841875,-27.1715,-206.5635625,-115.917625,-0.2568125,117.4811875,78.42925,614.2425625,-161.652625,-41.691375,-170.0139375,-72.304,-64.2055,-216.9810625,54.92,-314.8338125,-56.6906875,76.780625,-146.4860625,-265.8115,-15.373875,-98.6394375,-124.965375,-40.653125,-113.85425,51.17175,-38.4909375,28.94175,-80.78775,-467.3965625,50.364375,-239.950875,-302.404875,-186.47175,-70.3205,-555.784875,123.2694375,0.9535625,-421.6574375,103.9909375,-37.9625,-146.279125,277.4378125,-186.4235,-314.46925,133.7953125,-167.3220625,314.4856875,206.4545625,-111.418625,-132.1660625,-38.5698125,-195.450625,-134.37875,-90.3093125,152.068125,-198.069,162.6038125,82.988875,15.2239375,33.61,-236.1669375,34.27175,219.072625,-152.43275,-41.5571875,-25.9309375,60.325375,-272.7560625,-299.6528125,168.679125,-60.2249375
2.7981318887900075,-66.56275,77.4003125,-93.61975,100.350375,-391.2011875,-194.672,-82.6816875,-373.064875,-94.5255,149.5485625,-5.16175,-254.15025,-217.0260625,35.083625,-248.00125,-91.29725,-86.6083125,-80.665,64.5573125,-31.6881875,-204.6040625,-17.16925,73.793625,-308.161125,-367.857875,-629.8355,36.1191875,-385.32675,-40.105125,-163.8538125,140.1918125,-281.96625,-86.0249375,-108.1419375,279.8605,-239.5819375,-83.581125,-171.752,-128.001125,390.308875,-273.58025,-17.163625,62.5820625,-16.329625,-431.45425,-37.734625,15.732375,-78.0319375,207.142625,-65.085,-51.8681875,-223.7178125,7.012375,-170.6929375,63.508125,-186.4945625,231.7338125,-103.610625,-140.3765625,-101.62775,-170.348375,-97.5535,-0.3426875,148.56825,117.1711875,597.5746875,-171.8778125,-37.569125,-132.6220625,-92.121875,-36.8276875,-177.8123125,25.8919375,-257.547875,-7.7720625,88.48,-99.23025,-237.965625,6.809,-105.7205,-138.7621875,-10.3275625,-82.8305625,104.1531875,-81.636625,-10.62425,-82.3639375,-497.0993125,81.858125,-252.2090625,-307.3963125,-195.323,-49.9505625,-481.6501875,145.2376875,45.696875,-416.7288125,146.0473125,-74.9350625,-143.51675,201.395875,-173.3648125,-336.251625,155.5021875,-103.5388125,345.7245625,134.365125,-121.9348125,-148.3683125,36.7024375,-221.39225,-67.107,-81.0701875,132.3640625,-189.988875,137.8674375,119.912125,22.126875,13.7214375,-207.9104375,59.010125,232.57725,-114.80175,-28.6111875,29.70575,92.891875,-299.5918125,-317.1665,95.1604375,-50.859625
2.8022044115120766,-151.511375,98.193875,-150.446375,46.6435,-382.8645,-137.8605625,-62.241875,-376.9129375,-96.0050625,132.9243125,23.5328125,-258.2054375,-221.54475,49.290625,-249.54675,-38.6525625,-148.47,-49.5419375,82.54275,51.838125,-167.3471875,-43.2839375,73.169875,-317.8,-378.7623125,-626.9989375,101.956125,-403.0425625,21.8705625,-189.7756875,127.304,-258.247125,-122.743,-65.4549375,281.9919375,-208.497875,-68.384875,-85.1065,-118.12175,410.281875,-257.1931875,-47.7839375,93.5395625,-19.71875,-447.1480625,-27.233125,-9.616125,-34.4876875,176.0739375,-55.5659375,-22.974125,-238.5395,41.24425,-218.9205625,91.241625,-142.5201875,207.000875,-67.5368125,-190.398125,-154.0986875,-149.9260625,-93.57925,-3.0785625,179.363,156.364875,576.775625,-170.627625,-36.512375,-104.4025,-116.167625,-1.1911875,-136.1473125,-0.9299375,-214.533875,34.3533125,100.3054375,-42.875,-206.58925,14.863125,-123.155375,-144.0719375,22.99475,-36.8478125,143.4650625,-136.682625,-35.4584375,-88.9579375,-524.801875,113.6406875,-235.6289375,-320.6659375,-192.6748125,-36.4789375,-401.847875,163.572125,76.4511875,-418.5745,182.22975,-102.0979375,-123.1215625,132.8571875,-174.9553125,-360.84875,156.573,-56.4574375,345.064625,55.9600625,-112.11875,-138.38675,124.8685,-236.3245,9.473125,-75.2763125,135.0294375,-177.073625,113.3973125,142.3696875,-3.7925,-24.0859375,-164.177875,63.3194375,236.1363125,-50.927125,10.459375,93.121375,114.1438125,-298.9284375,-308.11625,21.653875,-35.4310625
2.80627693423416,-223.6620625,102.656625,-202.7630625,-12.1388125,-355.228,-88.58775,-48.6373125,-371.8501875,-92.3075625,113.5104375,48.603375,-230.79275,-224.9314375,51.325125,-259.138625,25.5181875,-200.08925,-36.182625,106.101625,119.4060625,-123.3276875,-71.6731875,61.24375,-298.254125,-390.8641875,-584.18575,143.9405,-393.578,85.27275,-214.875,114.530875,-240.8316875,-125.7863125,-35.8584375,293.6694375,-184.787125,-62.2821875,-15.25375,-104.2318125,410.974,-227.844875,-84.66425,123.5475625,-27.906,-462.43,-17.4266875,-39.7665625,14.216125,126.8985,-41.791875,20.2123125,-245.9339375,73.634,-268.6325,141.2195,-98.58175,176.8324375,-14.7903125,-233.6911875,-188.321125,-137.606625,-94.1230625,-10.2051875,199.826625,183.9704375,546.0586875,-166.364375,-26.30675,-84.2730625,-135.970375,32.858125,-88.290375,-16.841,-196.700375,73.6623125,109.4531875,5.5046875,-171.294,10.292125,-143.1384375,-138.945375,52.4454375,12.35975,161.6358125,-190.0658125,-40.9335,-101.220125,-553.7275625,137.8975,-193.9669375,-338.6819375,-174.0381875,-40.3506875,-345.63075,175.1836875,79.828875,-419.9376875,200.867,-128.7085,-85.825875,84.7225625,-184.44825,-381.888,142.504,-38.1744375,320.8645,-22.20475,-72.9255,-104.84,204.71425,-240.217125,88.7556875,-68.1426875,153.8261875,-154.928125,99.3563125,137.40825,-43.4493125,-69.2888125,-110.9935,45.17525,231.6359375,25.2668125,62.1351875,151.1763125,130.026625,-264.3548125,-274.0948125,-34.6565625,-15.6406875
2.810349456956229,-280.5330625,93.6090625,-231.9038125,-78.449875,-320.5575625,-52.2214375,-37.33775,-354.7905625,-86.318375,89.3481875,68.9498125,-176.10025,-223.073375,41.137625,-264.0916875,87.130625,-244.038,-45.5268125,139.0655,150.146,-95.35625,-98.361875,42.2283125,-265.9433125,-394.6595625,-503.274875,149.574875,-355.4175,139.6549375,-241.3345,96.683375,-219.715625,-110.9090625,-33.0255,314.80625,-165.933375,-70.190625,25.2500625,-89.2248125,401.6449375,-199.64375,-119.404625,156.632375,-36.7525625,-474.5941875,-1.3503125,-66.3935625,50.748,75.241625,-34.5879375,63.2178125,-243.978125,104.1404375,-307.044125,204.45875,-54.8438125,156.583,34.2008125,-264.9245,-207.9140625,-122.956375,-96.190125,-16.8951875,204.8635625,189.77725,496.064625,-160.74,2.8598125,-65.687,-145.904125,59.607875,-34.806375,-22.9783125,-199.50925,115.5985625,105.456125,39.2961875,-129.9285,0.9851875,-156.312875,-127.5595625,74.601875,41.478875,157.745125,-229.413875,-28.86325,-110.10075,-582.4251875,151.6845625,-140.1931875,-354.3513125,-139.3745,-63.864125,-326.2989375,175.928,55.7486875,-410.3579375,200.09025,-160.333375,-42.9803125,63.01675,-199.9286875,-391.501125,118.4475,-49.533375,283.3403125,-91.5688125,-8.747125,-61.926375,261.3439375,-231.512625,161.7065625,-56.97525,184.2848125,-118.5484375,100.065875,97.948,-74.6260625,-108.5285,-60.6261875,6.8335625,216.3748125,101.47475,113.7111875,201.657625,149.531375,-211.7765,-226.9815625,-68.9990625,3.0234375
2.814421979678312,-321.5870625,68.0301875,-230.2876875,-154.060125,-297.7233125,-34.8560625,-27.9618125,-323.2389375,-79.72475,66.325125,81.8305,-114.5174375,-216.8310625,25.8510625,-255.552875,132.5365625,-286.409875,-69.0705,176.931875,149.3649375,-102.2603125,-116.7590625,22.5875625,-241.56475,-385.0623125,-403.972875,111.8175625,-304.0624375,189.22025,-265.5925,72.7058125,-189.983625,-98.8438125,-50.9379375,339.2101875,-149.3550625,-95.764875,36.3281875,-72.702875,384.6065625,-178.8385,-145.3641875,197.506875,-44.432125,-473.4049375,21.798375,-91.89325,69.034375,31.7596875,-38.0195625,93.431125,-242.9125,136.4255,-325.2695,258.3355,-19.0885,149.734,61.3121875,-283.922375,-218.883375,-101.113125,-109.778125,-13.46925,193.702625,170.919,424.3500625,-151.9339375,52.59325,-46.0781875,-152.1336875,78.098125,16.850625,-29.3299375,-206.8040625,155.284875,83.6289375,63.06575,-81.8055,0.0013125,-159.256375,-117.8164375,88.4513125,33.84575,129.8886875,-253.248,-0.386125,-106.8311875,-601.8986875,152.141125,-82.2670625,-360.293125,-93.9701875,-103.5750625,-332.589,164.2795625,16.4799375,-390.745,189.410625,-196.3649375,-6.6555625,63.6068125,-224.8741875,-384.8853125,92.7386875,-77.5630625,240.43025,-144.0583125,59.4159375,-26.6070625,293.355625,-211.4360625,215.16125,-47.4935625,216.18575,-69.836,114.8713125,28.195875,-85.832,-132.6245,-28.7469375,-43.475,181.429375,167.737125,156.1759375,249.42275,176.8595,-161.4991875,-183.579875,-80.4045,12.4453125
2.8184945024003953,-349.46825,21.8388125,-204.63,-237.8168125,-297.3884375,-38.6651875,-17.15825,-281.1273125,-69.7811875,49.3486875,85.636875,-66.5155625,-215.557875,13.5325,-230.4265625,155.0086875,-320.9684375,-95.7704375,205.5918125,137.046375,-141.5766875,-125.732125,9.37275,-230.463875,-363.23575,-307.3319375,41.9055,-255.7726875,250.3265,-285.6854375,51.658875,-154.4765,-106.0638125,-73.39875,355.6161875,-134.447625,-135.6869375,25.37425,-51.8465625,351.05975,-163.6559375,-163.660375,240.9834375,-44.8305625,-447.56375,39.143125,-124.5830625,74.986625,0.891625,-45.0525,113.3750625,-254.7675,168.31875,-322.9235625,284.6063125,-5.058625,158.870625,64.30775,-288.094125,-229.5265,-76.228375,-146.6185625,6.5941875,165.8808125,127.629125,341.3233125,-141.958125,115.6103125,-29.5575,-162.0705625,85.293,62.455125,-41.2525625,-204.405,182.0425625,52.52,80.169,-31.311875,20.3728125,-158.136375,-110.824125,95.814375,-4.44925,78.9765,-270.1804375,43.05075,-89.176,-595.4110625,135.5680625,-20.172125,-357.07325,-47.5214375,-156.593,-337.076625,147.414,-22.173375,-370.560375,182.34025,-228.1639375,17.5456875,75.05525,-263.21425,-361.8805,72.0435625,-102.738,198.4933125,-175.35775,107.426125,-5.0470625,306.0899375,-180.46375,241.461,-51.1933125,235.4368125,-21.7196875,134.1246875,-57.7645,-82.291625,-142.7895,-23.465,-98.161,119.0115,214.84925,186.4868125,294.980125,209.022,-125.766375,-152.8859375,-64.2370625,3.7384375
2.8225670251224644,-370.4295,-41.6664375,-172.4430625,-321.9029375,-311.27875,-56.3935,2.0133125,-239.1393125,-51.3861875,33.0273125,78.0178125,-35.2289375,-225.9155625,6.0375625,-192.4125625,151.73975,-333.670125,-123.342875,208.1155625,125.4800625,-189.7874375,-133.842875,8.26975,-218.402125,-335.2880625,-219.728,-34.3038125,-221.6438125,333.733,-303.921875,47.5670625,-122.42075,-135.5003125,-89.139,353.5353125,-115.94475,-177.592125,8.3448125,-23.9546875,292.63975,-149.57425,-180.777875,269.9056875,-31.5268125,-392.7041875,37.9428125,-168.616625,75.222375,-16.034,-45.7344375,132.876,-280.3585625,193.0959375,-301.7653125,275.226,-20.2194375,188.3046875,58.5273125,-275.8903125,-242.8699375,-55.1776875,-207.832125,41.0075625,127.50075,60.3730625,260.333375,-138.39675,181.7776875,-20.008375,-173.547875,76.07825,104.5584375,-51.2129375,-188.8319375,193.223375,21.6649375,89.787375,11.486375,64.18475,-162.2965625,-103.490125,100.608125,-52.40075,14.794625,-284.61025,94.9728125,-63.30925,-549.62975,101.5750625,48.7684375,-349.2671875,-9.58425,-215.5438125,-318.05925,136.5208125,-51.8446875,-359.392,183.798375,-244.2424375,30.713,85.88875,-312.008625,-322.752375,56.7245,-114.1585625,160.7905,-188.6755,124.168875,1.815375,300.144125,-135.8025,249.1973125,-73.4136875,237.5014375,9.988,142.884,-145.7840625,-76.533125,-145.7575625,-39.0894375,-156.24275,32.78025,237.692875,205.9444375,331.668125,234.88675,-112.934,-127.619125,-17.35875,-26.09225
2.8266395478445476,-390.0118125,-112.97325,-148.6531875,-393.0428125,-319.351375,-76.70675,32.06575,-209.3045,-22.7183125,8.1104375,57.413,-7.8773125,-245.6675625,-1.534,-155.350625,122.357125,-322.5424375,-153.904875,176.2569375,114.2941875,-222.2630625,-153.55125,24.5575625,-188.484375,-306.2638125,-139.6804375,-96.4568125,-212.9756875,428.517625,-318.5739375,67.3464375,-105.8275,-173.092625,-96.81225,332.6401875,-88.4889375,-208.45125,0.5209375,12.3034375,216.1360625,-131.9830625,-199.8946875,266.2403125,-6.3541875,-313.6210625,23.3090625,-223.9624375,72.326625,-17.7870625,-35.7128125,155.6970625,-310.264625,208.85825,-259.75775,225.752375,-55.6945625,235.2240625,64.9180625,-249.5563125,-250.624625,-43.71,-285.2314375,75.781,92.3036875,-24.108875,188.174,-146.2361875,241.2285625,-17.896875,-183.997875,51.0718125,145.184,-50.259125,-164.8378125,197.167875,-8.85875,92.4735,38.6655625,119.26375,-175.466125,-97.0361875,102.217875,-92.87525,-49.8060625,-290.829,142.62575,-36.6155,-464.9715,57.58025,119.221625,-334.3268125,13.179625,-266.715875,-273.989875,136.719125,-75.6603125,-361.4580625,187.4294375,-241.805375,38.275125,86.9765,-359.8308125,-266.4311875,45.9795625,-115.5383125,125.2624375,-192.5750625,114.517125,-10.49625,274.0793125,-75.203,255.1610625,-105.3834375,230.6006875,16.6276875,133.6955,-229.522875,-76.7614375,-144.320875,-64.7755625,-217.411,-62.0544375,239.7360625,215.0393125,352.5564375,241.28425,-124.28275,-92.924125,54.9585625,-68.3401875
2.8307120705666167,-411.2806875,-183.972,-136.0615,-442.7724375,-310.1409375,-91.6265,64.321375,-202.6590625,10.9525,-26.909125,28.87,29.1584375,-266.15725,-16.75025,-137.4864375,73.6204375,-299.5748125,-185.4605,119.892375,100.896625,-232.7048125,-187.909375,60.9125,-141.0795625,-275.7553125,-69.37175,-136.9685,-234.952625,508.319,-321.9045625,103.5339375,-114.1874375,-198.546125,-103.9675625,307.1764375,-55.207125,-221.4885625,0.7679375,51.542125,145.4808125,-104.6369375,-216.49,223.042875,20.41375,-221.883125,10.1718125,-290.5218125,67.6769375,-4.51975,-16.3194375,174.9338125,-331.283,217.2741875,-196.3611875,139.3991875,-99.0070625,285.5164375,95.666125,-214.87925,-240.833625,-47.5221875,-365.2870625,92.4805,71.268375,-104.146125,128.7229375,-159.0520625,284.8338125,-22.7645,-197.6075,16.9128125,181.31675,-36.453625,-140.9675625,202.671625,-42.936375,89.81075,46.7083125,167.3916875,-196.1169375,-96.2234375,91.413875,-119.263875,-104.50975,-283.439875,174.5665,-7.0811875,-354.6569375,15.1916875,177.764375,-305.414375,23.4168125,-301.2093125,-217.699625,148.1140625,-103.7616875,-370.1069375,186.5835,-227.2394375,46.37725,73.9283125,-394.1541875,-196.715625,40.8278125,-110.5216875,88.9748125,-191.929875,91.9313125,-42.504875,230.3063125,-3.1071875,267.4893125,-132.8064375,224.6738125,0.5755,113.0114375,-306.0949375,-82.5580625,-137.5574375,-95.27475,-274.594625,-148.4299375,229.3236875,217.637625,352.99525,226.6519375,-145.882875,-39.481,138.862125,-106.1045625
2.8347845932887,-430.8429375,-251.279125,-131.8481875,-473.026625,-288.5791875,-92.539875,83.286125,-227.9628125,37.9788125,-67.5963125,5.654625,76.7830625,-276.41275,-41.804875,-146.5150625,17.70425,-273.8876875,-213.7065,60.03975,87.1130625,-232.0088125,-225.8413125,111.4614375,-93.7045625,-240.9515,-15.57725,-155.1588125,-277.2409375,553.6525,-307.871625,141.192125,-147.1625,-199.9938125,-117.571,295.448875,-21.046375,-216.8765625,-4.10375,82.7181875,106.3653125,-62.5864375,-218.7494375,149.9026875,36.225125,-134.05075,4.1195,-361.8434375,58.807375,19.430625,13.1708125,178.252125,-333.987875,215.0990625,-123.0613125,38.631375,-151.9343125,321.318375,147.3714375,-180.0144375,-210.5708125,-67.137,-427.4849375,85.6978125,63.5361875,-152.156875,86.4541875,-165.9311875,307.1333125,-30.6265625,-218.5664375,-22.0180625,208.664875,-12.6334375,-124.704125,215.27475,-83.8180625,82.6368125,31.421875,194.3018125,-222.9745,-104.206625,60.3765625,-132.7808125,-140.3379375,-268.80025,192.04725,33.748,-242.2094375,-18.728125,217.7014375,-259.0696875,32.84925,-321.3295,-161.9934375,166.971125,-143.4951875,-370.9138125,179.141875,-205.4025625,57.1004375,50.357875,-410.1784375,-123.2725,40.5726875,-91.21025,53.82425,-184.0645,71.93125,-81.6980625,172.4073125,68.7329375,283.9575,-146.7621875,221.6060625,-28.136375,97.3893125,-367.730375,-84.4068125,-129.11675,-134.234625,-313.7538125,-217.0845,214.13525,223.327125,331.352875,202.7511875,-157.5799375,28.714,218.0686875,-125.5145625
2.838857116010769,-441.852,-314.0171875,-139.113875,-487.4088125,-267.38325,-73.6689375,80.32375,-286.62725,44.3178125,-110.5985,1.5935,121.629,-269.6606875,-67.9064375,-176.4935,-34.011875,-243.6684375,-235.1946875,7.79675,76.6533125,-231.146625,-251.70125,166.490375,-64.3253125,-205.3264375,14.1453125,-152.215,-324.6535625,566.45375,-277.89,168.56225,-192.4975625,-180.6553125,-131.9768125,301.0630625,10.889625,-200.986125,-22.0455,100.5423125,106.2404375,-6.00425,-195.97875,65.218125,34.9454375,-67.030875,1.5734375,-420.50925,40.013125,46.8778125,53.9641875,161.90475,-319.677375,195.25125,-64.2470625,-42.9015,-223.7245625,332.83925,205.1305,-148.4125625,-168.928875,-94.769875,-451.618,68.4101875,62.642125,-159.7078125,61.5345625,-163.503125,307.351375,-31.6719375,-245.10175,-66.23675,227.5511875,14.4565,-118.3220625,239.7335625,-136.492,72.7295625,-9.0551875,196.4420625,-254.611,-118.92225,10.5585625,-137.065,-150.9256875,-262.0805,205.089,86.2079375,-156.465625,-44.5238125,245.4839375,-194.4668125,52.507125,-332.2233125,-113.072875,185.8075,-190.34625,-354.7138125,162.2631875,-178.66875,68.519375,23.4735625,-413.9009375,-53.8646875,41.5204375,-53.07925,23.430375,-163.052375,69.6439375,-105.2326875,105.4264375,125.6783125,303.7161875,-148.662625,212.586625,-58.185625,102.67675,-401.747125,-68.501,-128.6815625,-186.1649375,-320.7841875,-265.10025,199.28825,236.9641875,293.1530625,180.4339375,-146.9481875,94.086375,280.0386875,-122.1660625
2.842929638732852,-439.954,-370.2129375,-164.8635,-486.623625,-258.57725,-43.6293125,62.5784375,-368.519125,19.4968125,-151.6463125,18.1375,146.5058125,-247.8940625,-84.02725,-216.6364375,-75.001875,-203.7376875,-244.6908125,-41.5216875,71.6354375,-230.075625,-258.8366875,218.710875,-60.625125,-178.835125,15.74475,-130.2143125,-372.0614375,563.3276875,-240.858,176.9600625,-230.391125,-154.6435625,-135.3755,310.3024375,35.3235,-182.81525,-49.38375,107.5696875,131.2694375,59.47525,-148.9206875,-18.07675,16.9229375,-28.2736875,0.8865,-454.0150625,10.609375,71.2536875,101.261875,138.535125,-297.27925,154.942125,-40.995625,-88.148625,-313.4525,320.4020625,254.052125,-113.298125,-124.93525,-121.915625,-430.9940625,53.9659375,63.8650625,-142.5495,46.4920625,-154.8563125,286.7295,-19.906375,-270.688875,-116.33875,243.2974375,33.52025,-121.2741875,273.0050625,-203.7604375,61.3459375,-66.805375,181.5866875,-283.439,-136.4023125,-49.98925,-135.29625,-137.3610625,-272.346625,216.9400625,138.119625,-113.3776875,-60.8106875,271.926125,-115.3228125,85.00125,-337.2408125,-74.1506875,201.3870625,-230.1161875,-327.5765,131.5686875,-151.9575625,74.7103125,-0.679375,-414.2323125,10.066625,38.060375,-10.5796875,-1.2199375,-126.207375,95.6948125,-93.606,36.8239375,154.7075,329.7241875,-150.011375,187.04575,-81.65825,129.125625,-400.398125,-29.4695625,-141.865375,-243.1208125,-295.1809375,-289.968,188.08,256.0079375,245.816,162.05225,-115.1218125,139.57175,318.586375,-100.4045
2.8470021614549355,-426.5034375,-415.6174375,-209.45225,-473.7579375,-268.752375,-16.891875,44.4756875,-451.3314375,-36.9558125,-182.3383125,44.2104375,142.730375,-217.748375,-86.933,-256.0826875,-105.368125,-152.5275,-237.2083125,-91.9473125,71.2734375,-219.0721875,-254.4729375,259.74975,-80.784625,-165.442375,-6.218125,-93.854125,-419.6425625,557.21975,-209.086625,161.164125,-241.332375,-136.3564375,-124.171125,310.211375,46.00175,-166.735375,-75.8649375,107.011,160.206,124.3955625,-88.5823125,-92.0354375,-16.50275,-10.337375,9.3126875,-468.962125,-25.4875625,88.5170625,149.1730625,128.907625,-272.437,101.487875,-52.16775,-106.06575,-408.8590625,286.4355,288.168375,-65.90425,-79.3525625,-147.207375,-373.00575,43.673125,58.6953125,-119.0799375,33.688625,-141.2178125,248.188875,-0.918625,-291.532375,-169.897875,258.8795,31.5830625,-134.1985,302.1610625,-282.3264375,44.6023125,-124.215875,160.6748125,-297.3136875,-154.9505,-106.322,-131.2105,-109.862875,-293.13325,219.4054375,181.010125,-103.6938125,-62.6594375,303.741375,-34.8975625,122.5138125,-341.2098125,-46.2015,218.054625,-250.430125,-305.133625,87.0625,-128.7555,69.634125,-17.67975,-410.577875,70.1635,23.9824375,14.34375,-19.921625,-80.8734375,148.0195,-43.841375,-27.8926875,146.69025,357.8108125,-163.818875,144.401125,-95.3678125,160.4198125,-372.6544375,20.3465,-168.1085625,-288.646875,-253.455,-291.9078125,184.53625,280.161,193.6515,147.588625,-73.225125,159.943625,334.4856875,-69.5610625
2.8510746841770045,-411.2265,-442.6688125,-265.27775,-451.7849375,-295.629375,3.3018125,32.842375,-508.47925,-111.9723125,-195.5541875,66.20775,114.059125,-185.366375,-79.634375,-284.0005,-128.062,-90.128125,-214.11425,-135.3603125,69.25775,-188.2061875,-251.275625,281.5570625,-116.1465625,-157.5755625,-36.916125,-46.2756875,-462.420625,549.291875,-192.079375,126.39675,-216.4816875,-128.437375,-105.482,298.1890625,40.210625,-147.809625,-90.513625,103.11,176.7805,178.9314375,-28.5046875,-147.255125,-59.7585,-0.45375,35.881375,-480.7185625,-67.1600625,94.7344375,198.8173125,144.5008125,-245.7935625,49.1495625,-76.5721875,-110.90175,-498.3661875,234.5280625,309.67825,-9.464875,-32.1980625,-170.83775,-292.1775,34.8978125,35.3265625,-95.2595625,22.3969375,-118.012375,200.745625,15.9810625,-310.7055,-221.273,268.0790625,2.216,-154.9165625,313.6364375,-366.5306875,17.4475,-163.4923125,137.6920625,-289.9005625,-174.600875,-138.144875,-126.4538125,-84.5016875,-312.3951875,201.3118125,223.3095,-102.873,-52.4266875,340.0890625,27.5819375,152.644,-346.3674375,-25.0885625,239.5689375,-247.1725,-296.9530625,38.601875,-109.784625,53.39475,-27.1815,-392.282375,123.8355,-0.0674375,13.5109375,-29.680875,-43.532875,209.285625,32.432375,-85.7415625,100.1421875,375.8249375,-195.6634375,89.8090625,-96.954625,181.4615,-339.91,57.885125,-206.6694375,-313.5449375,-211.9274375,-276.7536875,190.185625,308.872125,140.6733125,138.883125,-34.759,158.4640625,334.249375,-38.275375
2.8551472068990877,-404.4173125,-442.4956875,-319.480625,-422.025375,-329.3273125,19.222375,23.725875,-524.48375,-181.7463125,-188.2685,73.63125,73.019,-156.8239375,-69.7261875,-289.7419375,-139.837,-19.759125,-184.607875,-157.077,57.28425,-137.5764375,-253.093125,284.6109375,-153.425625,-146.199,-57.93825,12.246125,-496.7705,533.1084375,-191.0165,85.1705625,-161.830375,-119.16725,-85.2525,275.193375,18.4956875,-116.5405,-89.023125,105.341,174.4633125,216.5471875,19.4434375,-177.83375,-101.429375,6.2904375,72.864375,-495.8069375,-115.7550625,82.7710625,254.3850625,178.6760625,-218.3723125,9.690375,-93.2635625,-105.3471875,-575.456,172.2745625,324.2078125,39.944875,14.064625,-188.06125,-203.7778125,26.34975,-9.440625,-65.14225,13.407125,-81.2668125,158.077375,27.578625,-336.160625,-262.504875,262.5410625,-50.0460625,-171.92075,302.041125,-448.842125,-15.908875,-175.99175,108.0981875,-264.4436875,-194.9689375,-133.383625,-119.902875,-75.3755,-326.8024375,156.349875,279.090375,-91.069625,-40.2960625,373.9795625,60.7991875,167.6445625,-351.5309375,-5.3874375,264.4085,-227.067,-299.521625,0.8926875,-95.678125,28.10025,-35.4888125,-350.9190625,164.023,-23.5251875,-4.4195625,-24.650875,-27.8585,256.9353125,115.2805,-132.0748125,25.702125,377.43675,-241.9103125,26.747875,-80.2213125,189.005125,-316.37875,67.466,-252.0390625,-322.039125,-171.27975,-254.0195,199.2346875,332.392,89.256375,133.721,-10.10975,144.2056875,327.8298125,-11.8058125
2.859219729621157,-408.566625,-414.7949375,-357.5800625,-389.123875,-358.563375,26.613125,10.707,-500.867375,-223.4968125,-156.6604375,62.50975,34.1225,-139.400125,-69.5530625,-266.1750625,-128.4263125,52.2293125,-158.568375,-146.025125,35.0828125,-79.309875,-253.1085,277.868875,-181.8325,-130.093125,-61.7660625,75.4935625,-527.1448125,501.2138125,-197.414375,46.0405625,-91.424125,-96.352375,-59.9754375,239.8735625,-16.395,-70.6575,-77.303875,120.750125,158.30475,237.9989375,50.481625,-186.5935625,-131.96775,9.1384375,95.7070625,-510.4646875,-168.87175,48.7149375,312.0051875,214.600875,-192.8566875,-12.0518125,-95.062,-86.167625,-634.0535,109.7311875,336.028375,68.3059375,55.2993125,-191.627875,-118.032875,16.6815625,-63.3676875,-17.6813125,4.0471875,-34.301875,125.101375,36.5786875,-374.0770625,-287.224625,243.00775,-109.7206875,-171.9116875,274.14425,-518.76275,-43.453875,-161.8666875,67.368875,-229.4321875,-212.60825,-99.329,-112.3000625,-82.6656875,-337.728625,86.9565625,348.928375,-68.08875,-35.557125,397.5616875,68.2258125,167.032375,-356.760625,15.6485,287.6724375,-207.0719375,-301.535,-16.94575,-84.31625,-4.428625,-51.4094375,-290.515375,185.3430625,-38.691375,-25.5045625,0.866375,-37.8795,275.1590625,179.113375,-161.4655,-57.244,370.2583125,-296.330875,-40.254625,-40.3608125,187.4691875,-299.934,49.32325,-290.739125,-326.2325625,-125.4208125,-231.0700625,201.877,335.705125,41.6543125,123.172125,-4.049375,127.345625,322.3724375,7.3016875
2.86329225234324,-421.198,-370.236875,-372.528,-356.5115625,-379.04675,21.9506875,-9.7915625,-448.27425,-228.6065,-100.0439375,35.630625,2.6966875,-137.723375,-87.038375,-215.0825,-87.6486875,121.8345625,-138.0974375,-101.9785625,6.695,-29.5388125,-243.7618125,272.9620625,-202.6900625,-112.7898125,-53.9089375,128.9553125,-555.7750625,450.3403125,-197.5124375,12.089625,-19.8500625,-57.462375,-24.1505,191.5663125,-55.332875,-18.1883125,-65.074,143.076625,141.2700625,249.6604375,72.86925,-178.820125,-150.0350625,10.0934375,84.7331875,-519.4860625,-219.6518125,-1.5951875,359.6910625,235.9028125,-172.7918125,-16.5405,-89.64675,-57.4491875,-667.4334375,59.8235625,340.7356875,78.5966875,83.1285,-174.61725,-40.07825,8.4271875,-103.934375,51.749125,-8.9365,13.86375,90.3716875,45.3009375,-418.12775,-298.024,219.200625,-157.0829375,-155.8993125,241.7446875,-564.8135,-57.84525,-125.785875,18.092,-192.1255625,-220.3675625,-56.2136875,-105.65475,-90.311125,-344.443875,6.9620625,418.0398125,-47.3211875,-42.452875,406.649,57.8975625,154.3116875,-359.64425,39.1799375,302.919375,-201.9449375,-294.187875,-15.107,-72.8939375,-39.92325,-74.7544375,-225.352625,183.9578125,-46.697375,-41.069375,46.373875,-67.5628125,262.762875,205.422875,-173.8875625,-132.011125,368.5175625,-359.478875,-102.97525,15.9789375,182.45575,-279.543875,12.6735,-312.9236875,-332.0431875,-79.370625,-206.874875,190.574125,312.5795,3.07175,99.398,-19.991125,111.6840625,316.10025,20.1474375
2.867364775065309,-436.3288125,-318.512125,-365.909625,-320.42325,-397.5301875,9.3466875,-42.3918125,-378.763375,-205.598125,-30.808375,0.8395625,-30.7929375,-146.099375,-116.0023125,-148.3055,-31.072875,182.6746875,-117.4714375,-39.7220625,-27.485625,3.66525,-221.24525,279.956625,-224.695875,-94.324,-43.2075,154.576875,-572.6420625,381.6756875,-184.7708125,-15.014125,38.825125,-10.809625,23.1339375,137.5801875,-84.58575,29.5140625,-57.6913125,161.0323125,133.8350625,256.9726875,105.2649375,-158.40475,-162.1433125,11.797375,39.9659375,-517.6223125,-262.5131875,-57.8500625,387.3108125,233.8813125,-161.267625,-7.534875,-89.934,-31.6075,-671.3038125,37.9079375,330.275875,86.314875,87.4275625,-135.7844375,27.7128125,10.7779375,-114.411375,132.0600625,-29.439,53.6886875,40.6180625,50.79775,-449.4239375,-306.95075,199.8719375,-182.8518125,-135.443875,208.999375,-579.39125,-61.1844375,-75.7579375,-33.2436875,-155.706,-215.0169375,-22.0108125,-99.1840625,-83.3330625,-350.5626875,-60.7763125,470.4450625,-38.813625,-61.262375,401.889,35.44925,136.50175,-350.0500625,63.390625,306.5820625,-211.682625,-279.15775,2.1365,-64.413625,-79.3283125,-95.1584375,-168.7055,159.2068125,-49.1629375,-49.4290625,99.743125,-102.7883125,232.98075,193.9135625,-173.8153125,-191.56025,381.85125,-434.8946875,-152.139875,74.5273125,176.52875,-243.7995,-29.963125,-322.282625,-331.7274375,-47.7641875,-176.61125,164.3674375,273.9125625,-23.6455,63.87275,-58.8038125,95.231375,302.514625,30.28875
2.8714372977873923,-446.204875,-263.994125,-343.599375,-278.1835625,-420.738875,-5.6520625,-92.33625,-304.3456875,-169.5338125,33.021375,-29.797875,-77.8658125,-151.9686875,-146.053,-79.239625,18.0356875,218.9690625,-92.31325,16.4958125,-63.583625,23.814,-186.390625,298.624,-248.5235625,-70.154,-36.486125,140.2520625,-564.325,300.044,-167.04575,-33.682625,75.575875,29.9984375,75.9785,91.3021875,-93.0095625,63.04475,-53.9326875,172.2644375,134.9808125,261.853625,164.0713125,-130.2010625,-174.9254375,12.565375,-22.067875,-500.33425,-296.1048125,-109.45625,392.370125,211.5840625,-159.686,8.9619375,-96.7973125,-16.818375,-648.86175,51.106125,308.5516875,103.7603125,64.9329375,-86.6885,84.35925,31.6935625,-97.6113125,202.0064375,-62.072125,77.3425625,-23.2454375,46.8295,-454.86875,-321.8608125,184.736875,-195.6109375,-116.7160625,171.7489375,-564.356375,-59.037375,-22.8841875,-81.2070625,-124.231125,-203.426,-4.8670625,-87.196,-66.0236875,-363.976875,-97.222625,499.8268125,-43.130125,-88.50825,385.6306875,10.3111875,121.7539375,-318.4800625,78.845375,300.938875,-223.24925,-265.5245625,29.227375,-64.4945625,-130.35475,-104.0644375,-124.6581875,117.4665625,-46.064125,-47.6983125,143.223625,-128.0446875,201.8065625,158.529,-163.8663125,-235.747625,410.729375,-518.0726875,-182.5873125,125.757625,171.4995625,-188.49475,-63.7514375,-330.351375,-315.2535625,-41.5938125,-139.151625,128.1623125,241.041625,-39.5373125,25.9233125,-108.182,76.824,279.9385,39.171375
2.8755098205094614,-445.8934375,-212.6789375,-316.11375,-234.550375,-442.2889375,-22.1445625,-158.7179375,-235.5154375,-130.7760625,85.78175,-48.185375,-136.462125,-146.6921875,-177.2715,-12.0191875,40.4606875,213.9360625,-67.2876875,51.5296875,-90.88625,39.0319375,-146.2244375,316.2671875,-263.4989375,-41.768375,-37.9363125,91.30075,-530.8310625,212.277,-155.06025,-43.9716875,93.0696875,57.045875,119.3413125,59.082625,-74.763,80.062,-52.855125,181.0841875,136.462625,263.039375,247.4066875,-103.597,-185.5940625,8.681875,-75.4520625,-468.083875,-320.709,-143.77,377.179125,176.959875,-165.7285,26.1958125,-96.9785,-13.9744375,-609.776625,86.17475,291.6209375,135.2870625,23.306625,-47.2123125,125.425625,65.6261875,-69.8850625,247.34725,-104.1441875,80.6059375,-90.1871875,29.4924375,-438.66,-335.631625,172.807875,-212.1640625,-100.015125,129.2993125,-528.5923125,-56.1195,20.79825,-124.106125,-109.8213125,-195.0264375,-6.724125,-61.687,-60.7624375,-386.528375,-100.0356875,508.443,-52.640125,-116.935625,356.5044375,-1.678875,112.8641875,-265.6329375,75.4754375,293.5069375,-225.5196875,-257.83525,59.967625,-73.6189375,-194.5979375,-97.12975,-91.9755625,65.33625,-40.338625,-29.7814375,166.543,-136.042375,177.140125,120.8034375,-145.9173125,-265.2829375,447.92225,-595.0249375,-193.515625,170.7379375,172.183375,-125.3839375,-75.126,-345.6355,-282.3449375,-62.2791875,-98.0276875,88.6196875,230.7668125,-45.219625,-7.0914375,-144.466375,58.2080625,252.960625,45.7121875
2.8795823432315446,-433.98125,-170.165,-293.246125,-199.387875,-446.5628125,-45.070375,-231.556125,-180.8305625,-94.7685,131.375,-57.9596875,-190.9456875,-130.48225,-215.483,56.902125,24.305125,165.0369375,-51.0801875,67.0603125,-104.201625,54.2186875,-108.1445,319.51775,-261.628125,-18.786375,-43.89975,30.1471875,-482.7870625,127.603875,-148.02475,-54.0151875,101.2855,71.7116875,136.4840625,32.5741875,-36.1135,88.1401875,-60.0914375,191.1771875,133.0654375,258.375375,335.8946875,-92.3905625,-182.011125,-1.759,-92.5634375,-428.194,-336.3849375,-151.9016875,345.5704375,133.5971875,-171.8988125,37.918375,-82.22,-27.124625,-564.3759375,118.26725,290.9695625,178.859,-23.158625,-34.8580625,143.9975,94.101625,-45.3758125,271.315125,-143.3005,64.99125,-149.366,-0.20325,-412.2965,-333.57525,172.4539375,-241.6901875,-87.688,91.3688125,-481.0225,-54.16575,44.10175,-162.5350625,-125.8971875,-190.57525,-24.4974375,-23.8651875,-86.802625,-409.46275,-82.7480625,501.040875,-55.66825,-136.86075,309.002875,11.500375,106.3568125,-198.241,56.0570625,292.1981875,-218.980625,-247.48775,91.8313125,-88.3851875,-264.0171875,-72.2328125,-75.788875,4.5865625,-38.38525,5.3280625,167.399125,-133.5965625,159.83075,103.9135,-126.4480625,-280.7488125,479.8529375,-652.196125,-184.0499375,216.904625,183.037875,-78.9248125,-59.30275,-369.558,-239.314125,-101.5630625,-58.9555,51.8471875,246.6305625,-41.3171875,-36.82875,-152.25025,41.5126875,226.9823125,49.898875
2.883654865953628,-413.961375,-140.1381875,-275.3560625,-183.6846875,-425.8851875,-78.3500625,-298.5970625,-149.9545625,-69.6754375,168.5398125,-67.74325,-223.9516875,-110.6181875,-259.8236875,128.1235,-29.5195625,87.7130625,-46.589875,69.343,-111.331875,70.9314375,-71.112875,305.1588125,-248.4990625,-7.0895,-39.2028125,-17.8576875,-427.3606875,62.7691875,-139.25325,-77.574125,107.5375,79.5666875,123.03375,-3.1835625,-1.4445625,95.1345,-81.621875,201.9068125,125.421875,246.793875,409.3543125,-103.4096875,-152.967375,-16.8760625,-57.1724375,-394.036625,-341.59425,-138.4176875,298.4051875,84.937375,-170.968875,40.93725,-57.174,-64.6928125,-524.0298125,132.6971875,304.25325,225.9971875,-61.258625,-54.2903125,138.827875,103.3621875,-32.8624375,286.431625,-169.4308125,36.98975,-191.1061875,-33.829125,-380.2635,-307.437125,190.3866875,-279.7239375,-83.2006875,72.646375,-429.451,-53.1431875,42.1019375,-193.060625,-169.7708125,-179.24475,-47.3369375,10.018875,-140.310875,-421.24175,-63.578125,479.13475,-43.29725,-141.9775625,240.1569375,46.9169375,96.6545,-121.83025,33.229875,296.6490625,-208.61175,-216.6709375,126.734625,-107.4115625,-330.0513125,-36.8150625,-86.3568125,-61.9508125,-44.9965,47.924875,143.69075,-133.79575,145.663375,118.40275,-114.0255,-286.927125,487.1318125,-689.7593125,-153.7008125,270.38,198.3616875,-67.240375,-26.0775625,-396.2535625,-192.4699375,-143.11375,-22.2725625,21.0408125,281.861125,-30.6305625,-71.092375,-134.956,27.631375,206.0991875,55.9309375
2.887727388675697,-391.33375,-128.612875,-254.6738125,-189.7571875,-394.89475,-116.9988125,-354.4804375,-149.8298125,-65.32775,188.440375,-84.552625,-227.206625,-93.54325,-301.3919375,197.45525,-104.8543125,4.48825,-49.572625,57.858375,-127.0856875,88.011625,-30.726875,283.3028125,-235.437875,-5.4513125,-8.979,-40.135625,-365.104375,37.760375,-127.8875,-118.5855625,113.2338125,84.1046875,89.9321875,-52.9145,7.869125,97.5446875,-114.6709375,209.99125,114.7684375,229.2278125,456.5935,-131.408125,-97.231375,-29.6406875,26.466625,-374.281375,-333.3730625,-117.9795,229.2811875,38.4471875,-163.6831875,37.5109375,-27.433625,-126.2850625,-496.7360625,127.9845,321.180375,264.3066875,-86.7955,-94.099625,113.528375,91.4628125,-39.78575,301.5520625,-187.43375,5.7163125,-206.936125,-60.42525,-341.0685625,-261.4934375,217.763375,-315.559875,-81.730625,81.623,-378.8919375,-54.517,19.438125,-210.188875,-223.4095625,-149.1504375,-61.7621875,21.5475,-197.24925,-419.885625,-54.6263125,440.0854375,-14.2796875,-135.333,154.46775,90.057375,83.1915625,-41.80575,14.8254375,296.886875,-192.0896875,-156.409875,165.4453125,-128.96525,-386.9405,-6.859,-123.0353125,-126.92225,-62.641375,81.5950625,97.889625,-144.4165,129.646125,150.8801875,-112.4915625,-290.054375,452.6908125,-720.7924375,-110.7608125,331.410375,202.7284375,-89.7001875,5.6911875,-415.3078125,-147.3398125,-171.2143125,17.05725,-6.9474375,323.099875,-22.37775,-114.1921875,-104.0175625,19.015,195.334,68.3795
2.89179991139778,-366.440625,-141.5886875,-223.85025,-207.2526875,-381.32225,-152.9118125,-401.6195625,-176.735125,-85.115625,182.055125,-114.3355625,-202.8293125,-77.2383125,-330.1058125,259.913875,-180.0476875,-66.4015625,-52.0171875,26.576625,-159.7044375,100.744625,9.246125,269.1316875,-228.3360625,-10.6739375,46.4889375,-37.5139375,-296.416,62.366125,-118.5779375,-169.3744375,117.047375,85.1941875,49.602875,-103.787875,0.3805625,89.4918125,-147.359125,216.3075625,94.77575,210.8326875,472.99375,-167.00325,-25.7705,-30.2910625,135.7191875,-363.590125,-310.183,-101.216,132.85575,-1.906125,-154.7383125,32.536,2.53525,-197.1055625,-472.4310625,104.07025,329.630125,282.4456875,-106.46225,-137.6226875,69.6245625,56.8823125,-67.47925,321.049375,-214.6545625,-17.418625,-195.0639375,-77.734375,-294.647625,-208.7000625,236.726625,-344.4904375,-72.6935,114.4768125,-331.3329375,-61.1970625,-15.2721875,-215.83,-272.25925,-99.9631875,-62.33575,4.7858125,-232.822375,-418.367125,-56.1295,379.9335,25.520875,-123.019625,63.1150625,125.79525,70.193625,34.6870625,-0.5145625,280.314875,-161.9441875,-75.634125,203.696625,-144.26475,-428.489,9.6189375,-169.1471875,-182.002625,-93.992,94.1596875,47.4951875,-164.4295,115.9893125,174.6333125,-115.765125,-289.2961875,375.678375,-752.294625,-71.40125,389.2675,185.7403125,-131.3055,21.421875,-419.3706875,-109.493125,-182.6135625,59.6378125,-39.244,355.2345,-30.401875,-161.6124375,-67.8589375,21.6924375,200.0470625,86.41725
2.895872434119849,-337.31825,-173.0031875,-188.0240625,-222.916875,-397.9453125,-186.9375,-444.965875,-219.82175,-127.802125,147.13925,-157.0988125,-157.575,-54.257375,-339.3679375,308.828375,-239.8388125,-114.5448125,-44.974,-25.0234375,-201.31675,108.2121875,37.933375,269.9859375,-227.147375,-16.9840625,110.6824375,-14.022125,-227.97775,130.620875,-116.4626875,-218.95225,118.083875,86.8526875,4.5845625,-134.8001875,4.7568125,78.7810625,-165.272,226.434625,56.0739375,200.971875,457.599,-203.698625,43.9344375,-16.3838125,241.01125,-350.19,-273.80675,-89.84125,17.33625,-35.98075,-141.2010625,27.7125,21.6968125,-262.3001875,-427.6166875,57.8610625,322.478625,275.1788125,-126.9628125,-171.637875,8.68025,-3.568875,-107.4393125,345.48475,-263.769,-18.3020625,-165.547875,-89.1819375,-243.372625,-159.8953125,237.422125,-366.408125,-51.9524375,161.094375,-288.3366875,-73.372375,-54.220875,-215.6210625,-313.375375,-39.662,-56.8911875,-31.307375,-237.0459375,-433.02975,-61.132625,295.9995625,67.9563125,-105.726125,-20.828125,144.359125,55.937875,102.3923125,-13.98875,239.295125,-120.3286875,11.7523125,231.502625,-142.726625,-451.53775,18.629625,-203.1310625,-221.8435625,-140.27125,84.6454375,21.0270625,-185.2678125,114.6449375,172.161375,-113.535125,-276.938625,277.055,-775.939125,-45.926125,424.63975,148.7781875,-174.7865625,18.541,-408.218375,-85.50825,-184.83475,102.0315625,-73.261,373.421,-56.308625,-204.9480625,-33.7395,42.230375,220.596125,107.3690625
2.8999449568419324,-303.1245625,-197.16225,-162.911,-230.3455625,-427.995,-228.10125,-484.25375,-270.447,-189.7705,91.492125,-202.40225,-100.767625,-19.4771875,-324.111375,336.4646875,-280.1566875,-136.997,-25.093,-83.8351875,-234.48775,117.94375,48.469375,283.5165,-229.2765625,-18.5184375,161.6571875,24.8180625,-170.2311875,226.4515,-122.12575,-254.984,113.426625,100.042625,-45.310125,-134.2420625,40.2896875,80.877875,-159.8965625,238.739875,1.575375,207.4915,417.889875,-241.719875,96.7243125,1.68575,319.802,-327.590125,-230.7413125,-82.259125,-97.5978125,-59.6399375,-116.00175,21.750375,17.870375,-318.2493125,-352.132625,-8.9256875,303.595375,246.08075,-145.6730625,-187.8880625,-57.7419375,-84.639375,-150.50975,369.835375,-329.4616875,11.7488125,-137.7684375,-91.3281875,-192.9950625,-118.49875,223.820125,-378.9205,-21.132125,213.4,-249.636875,-84.322375,-90.74825,-209.46975,-348.9518125,23.7719375,-57.41175,-70.649125,-216.143875,-466.945125,-65.2079375,190.8866875,106.0343125,-81.724625,-89.17375,142.230625,31.10625,158.6945625,-22.5428125,180.709125,-79.53825,98.5084375,235.9375625,-122.6718125,-456.7585625,28.862375,-212.39225,-244.3376875,-196.577875,62.519,39.1039375,-199.152625,129.2600625,143.4744375,-107.0531875,-248.947875,187.46475,-782.78375,-33.5983125,420.875875,96.8006875,-209.0220625,0.2455,-385.447125,-79.135625,-185.0734375,146.906125,-94.077375,386.5499375,-84.091375,-239.3514375,-12.8675,84.3439375,248.4683125,132.961375
2.9040174795640015,-263.9718125,-186.6606875,-156.877875,-229.048,-442.9738125,-278.386375,-508.812375,-319.280625,-259.2053125,32.193125,-235.27375,-44.681875,28.3843125,-278.9976875,343.125,-303.815,-138.96325,1.8305625,-129.9433125,-245.6325,135.8144375,42.2150625,303.8455625,-229.5119375,-16.8376875,183.5251875,69.55,-128.310875,330.705875,-130.7945625,-265.5688125,96.4724375,128.899375,-95.4503125,-106.840875,107.0479375,95.480625,-134.6515,237.3285,-52.285875,229.13975,366.9594375,-281.009875,124.5225625,8.413375,364.964125,-298.018375,-190.258125,-76.413625,-193.1099375,-66.3165,-78.389125,13.856125,-11.9990625,-363.439875,-258.7505,-82.311875,282.0195625,208.6891875,-154.8715,-186.1355,-109.2439375,-168.4868125,-196.1836875,388.39825,-391.6713125,65.8033125,-126.735125,-76.775375,-151.160875,-87.4546875,204.42175,-384.8551875,14.77775,265.1474375,-214.9113125,-84.977375,-119.3919375,-198.6975625,-382.1345,82.5171875,-69.9891875,-102.15775,-183.2008125,-507.7254375,-67.1625625,79.78675,132.96175,-53.79425,-140.1051875,123.1220625,-12.5405625,199.95575,-27.6791875,124.261625,-48.657,181.2763125,210.2690625,-88.8755625,-445.5528125,41.6118125,-194.5400625,-249.9755,-250.5118125,38.813125,102.335875,-208.5550625,155.27725,95.730375,-110.62975,-208.3655625,125.4320625,-771.0311875,-27.9883125,372.4789375,30.1753125,-228.216,-29.8968125,-354.5999375,-84.1020625,-187.02125,201.9485625,-90.6221875,400.7964375,-96.7201875,-266.732125,-14.9528125,141.1729375,270.4004375,165.881625
2.9080900022860847,-225.57225,-138.409875,-164.9915625,-221.566125,-429.548,-324.3045,-503.008875,-351.6175,-315.868125,-11.8955,-246.113375,-2.0765,88.042625,-206.4155625,339.8613125,-315.0211875,-128.4294375,27.8896875,-150.0360625,-231.1775625,155.9901875,23.9365625,326.196625,-219.59225,-15.975375,169.63425,110.05575,-100.6935625,424.7473125,-135.319625,-248.555875,64.066875,164.331125,-143.244375,-66.9995,189.8300625,101.5305,-102.34175,205.1175,-90.1309375,256.375625,314.54025,-316.358875,129.729875,-6.14575,383.5835,-269.3735,-156.6019375,-71.7935,-258.4396875,-57.0148125,-34.147375,2.435375,-58.6706875,-390.839875,-167.3438125,-144.6983125,262.6886875,177.6524375,-148.7653125,-173.1679375,-127.7631875,-232.1418125,-249.7018125,400.5595625,-428.3244375,127.3219375,-132.2895,-46.6773125,-123.6635625,-73.6614375,183.1798125,-393.911125,44.591625,310.830625,-185.886875,-70.561375,-134.6929375,-189.3653125,-416.27775,130.250125,-93.0368125,-126.61025,-149.127625,-539.8766875,-62.53275,-13.267125,141.595125,-27.5285,-173.715875,95.5053125,-75.7240625,221.4665625,-36.6669375,85.3303125,-30.3233125,253.915375,160.22875,-47.0753125,-422.5408125,48.10675,-149.1308125,-240.966125,-287.8275625,16.158375,192.9135625,-223.419375,183.4814375,37.5413125,-136.525,-157.326875,89.79025,-737.429,-20.433375,284.61975,-50.403625,-230.1798125,-62.1834375,-320.19725,-85.1724375,-193.104125,268.503625,-62.1020625,407.65175,-92.8119375,-295.3640625,-37.0238125,192.662875,276.5776875,202.1214375
2.912162525008168,-196.9855625,-74.0140625,-181.1858125,-218.228,-391.802625,-349.1625625,-459.83075,-358.0993125,-345.51125,-29.0274375,-236.1463125,15.638,154.0204375,-123.85675,333.984375,-314.8015625,-108.5866875,49.5855625,-140.248125,-199.715875,167.421,1.137,347.1960625,-196.233,-13.9444375,121.7598125,139.0489375,-86.451875,493.3785625,-129.4080625,-220.196,23.837125,197.865875,-192.209,-31.6374375,264.6751875,79.7651875,-76.4228125,144.2158125,-107.0999375,281.133375,266.0030625,-345.1653125,127.615875,-41.480125,388.026625,-252.1128125,-123.191125,-71.140875,-292.1459375,-44.1270625,5.1191875,-14.348875,-104.5884375,-396.0129375,-92.0205625,-186.68425,248.3015,155.3675,-126.3455,-155.0413125,-106.081625,-259.588375,-310.6608125,410.3458125,-426.5828125,186.666125,-144.907,-8.4889375,-111.0535625,-78.4948125,160.9600625,-407.5889375,58.093,345.7419375,-162.846625,-38.8160625,-129.821375,-181.1295,-449.0616875,167.630125,-116.11125,-150.9084375,-120.9939375,-556.3534375,-45.7748125,-71.6206875,123.4015625,-4.9100625,-190.071875,65.5026875,-151.5493125,221.0788125,-55.5810625,64.850375,-23.059875,306.123625,98.0241875,-7.5576875,-395.6649375,39.4471875,-78.186875,-219.0301875,-300.83075,-7.2410625,283.3059375,-249.2151875,204.557125,-14.312375,-181.6356875,-99.0035,70.8489375,-677.0555625,-4.309125,170.81325,-132.6689375,-217.3619375,-79.147625,-288.9125625,-70.149875,-207.160625,334.775375,-14.820875,396.150375,-87.092125,-331.640125,-67.1155625,221.6568125,260.5695625,236.5253125
2.916235047730237,-179.7613125,-19.02625,-208.0316875,-233.0048125,-340.8735,-347.2211875,-387.513625,-344.4515,-355.1275,-18.09025,-214.52525,4.3338125,216.854125,-57.899125,318.6509375,-301.9766875,-80.0461875,67.07375,-102.654125,-169.035125,164.1705,-17.1923125,362.449875,-167.8119375,-5.493875,50.3139375,151.9794375,-89.98075,529.4735,-113.20175,-203.85575,-10.7765625,230.6110625,-245.2415,-10.3994375,312.7053125,32.0020625,-62.198125,73.984875,-108.67825,302.033625,224.5144375,-368.989,133.95675,-86.207125,386.9908125,-256.7490625,-82.4669375,-76.5508125,-301.5700625,-42.784875,25.2108125,-33.9255,-135.572125,-383.060875,-41.8179375,-205.3564375,239.35575,137.8894375,-91.561125,-133.3048125,-54.15875,-249.2998125,-366.6810625,420.798375,-388.420125,243.0393125,-157.3539375,34.0135,-107.622125,-91.457125,138.406,-414.738125,54.3064375,362.9509375,-141.9150625,9.5071875,-104.7055625,-168.1845,-469.83425,202.806,-126.9755625,-179.1653125,-103.818,-558.15225,-19.8778125,-94.506625,72.9493125,14.6088125,-191.1776875,33.98675,-231.3190625,203.920375,-85.2710625,55.2605,-21.7224375,329.627625,32.563875,17.8881875,-370.6623125,20.4525,5.772875,-185.027,-291.7724375,-24.6288125,350.898875,-278.7738125,215.3773125,-39.08525,-226.48875,-42.99925,62.9873125,-591.7869375,20.103125,54.8284375,-197.132875,-192.3308125,-66.9433125,-264.317125,-39.03525,-232.3585625,381.8011875,36.9578125,369.3156875,-95.5018125,-373.782,-98.3019375,226.117875,216.6955625,270.31625
2.9203075704523203,-162.820875,12.6861875,-250.6850625,-265.395375,-291.366375,-320.6826875,-305.28625,-321.895875,-362.46725,10.9228125,-189.7803125,-28.42575,266.43275,-28.5349375,280.90225,-281.38375,-46.1895,78.946375,-45.34525,-153.1275,143.356125,-27.3301875,368.6894375,-146.791625,9.157625,-30.268625,147.2636875,-115.7235,532.8774375,-93.4308125,-205.5485625,-32.5160625,263.5730625,-298.1618125,-0.76225,328.4170625,-23.5910625,-53.5406875,10.675875,-104.959,318.818375,195.26775,-384.6285625,148.82,-123.5848125,383.55025,-286.98125,-40.556375,-86.7678125,-298.4705625,-60.0203125,19.5249375,-49.610375,-147.465125,-358.4465625,-19.0530625,-204.6173125,231.015,128.3325,-51.6810625,-108.075625,3.137125,-212.542875,-403.2481875,425.659125,-330.284,291.7311875,-166.718375,81.2934375,-105.2136875,-99.8953125,115.143,-407.6633125,40.5814375,358.2973125,-116.3369375,66.057625,-73.100875,-150.638625,-465.771875,241.5076875,-125.8294375,-211.31775,-99.516625,-548.9548125,3.1395,-91.675875,-2.119125,29.8231875,-179.825125,-0.579,-306.0166875,180.8189375,-118.86575,52.19225,-21.1898125,328.4706875,-35.1356875,27.2878125,-349.818,3.67275,82.4600625,-146.403875,-269.6775625,-19.7115,387.1306875,-294.3535625,219.7904375,-29.3595,-247.9755,0.4229375,68.346375,-492.851375,50.9829375,-36.0024375,-231.8131875,-158.2349375,-28.1893125,-245.7235625,-1.0206875,-265.32375,400.1180625,74.4835625,341.4570625,-119.4926875,-419.0795,-128.191125,211.3505625,147.638,302.3361875
2.9243800931743893,-131.2635625,23.1341875,-303.3948125,-296.763625,-253.946125,-276.1911875,-233.7995625,-294.785125,-374.2881875,41.2995,-169.06175,-71.8795625,296.393375,-39.2766875,217.623625,-263.47275,-11.5463125,78.2475625,19.5840625,-150.7045,99.9428125,-32.9745,367.71425,-136.5565625,23.028875,-110.9155625,127.2298125,-161.4630625,502.4029375,-78.7261875,-211.8193125,-40.27075,291.954875,-340.5355,3.766625,311.976375,-69.191125,-41.424,-40.7495625,-105.9200625,329.002125,187.0845,-383.363375,161.80275,-142.88575,379.0341875,-335.2553125,-15.2325625,-101.8050625,-295.5351875,-95.719,-7.7121875,-55.1719375,-144.24825,-323.8885,-13.1466875,-196.389,219.445375,134.334375,-14.9095,-82.3278125,42.69125,-162.63525,-415.27575,412.2488125,-273.92,316.4283125,-169.7855,132.4746875,-99.8041875,-100.6544375,90.17325,-394.4161875,26.8185,340.904875,-80.8295,121.7195625,-47.624125,-133.8481875,-430.262125,280.066625,-124.55025,-243.0226875,-104.6710625,-530.0404375,8.585625,-73.4524375,-86.01525,42.2224375,-157.3311875,-39.4158125,-363.8904375,158.4518125,-145.152375,58.403125,-21.663125,316.19475,-107.4151875,29.021,-336.02425,-8.135,139.38775,-120.737,-245.7139375,16.077125,393.100625,-282.72575,221.104,5.2245625,-240.883,28.4035625,88.702875,-398.5826875,89.976,-85.7429375,-236.30775,-124.5484375,19.9610625,-233.647625,31.26225,-297.058625,394.09575,88.2024375,323.2365,-141.4171875,-464.1765625,-151.0809375,184.554,69.1041875,322.25725
2.9284526158964725,-85.2531875,23.5936875,-349.0928125,-307.4990625,-229.1849375,-231.540375,-184.770375,-259.0741875,-386.83125,58.7169375,-162.5468125,-120.263,302.942,-81.82075,140.5340625,-257.087625,20.5284375,58.0183125,81.2865625,-149.96325,31.0968125,-44.0835625,364.572375,-128.2998125,33.1991875,-186.388,100.0573125,-216.8939375,437.1845625,-75.345875,-209.6534375,-35.2590625,312.708375,-362.869875,5.638,261.5930625,-97.125375,-22.517625,-78.6815,-120.1063125,331.8129375,205.161375,-364.453375,166.8405625,-148.231875,372.90375,-387.8410625,-19.4625,-121.4205625,-301.1865625,-145.151,-43.3355,-50.171,-135.70825,-278.381625,-5.6796875,-193.9285625,207.468375,158.76425,16.075875,-62.9604375,58.9386875,-107.5675625,-406.16325,376.4503125,-231.4540625,297.802,-162.4448125,181.032875,-92.9725625,-98.717375,65.8951875,-387.5555625,19.8205,327.44075,-37.195,177.0119375,-25.058125,-117.67975,-368.2998125,311.528875,-134.592875,-266.5749375,-110.7864375,-497.92475,-12.8018125,-47.41775,-169.431125,58.280375,-127.8126875,-78.647375,-396.1978125,135.1429375,-156.577125,75.359125,-27.599375,302.9978125,-177.911125,30.568875,-332.9831875,-21.9670625,177.0910625,-120.5214375,-227.435,68.908875,373.6638125,-249.0798125,219.4510625,49.6945,-222.0291875,47.912875,118.3365,-327.51075,135.352375,-96.8466875,-220.221125,-100.9433125,61.3183125,-230.991125,47.363625,-321.6011875,370.26975,83.6679375,312.7965625,-138.9714375,-495.668625,-160.903125,156.2220625,-2.953625,320.2635625
2.9325251386185416,-45.215625,19.5629375,-372.7585,-293.3338125,-217.6106875,-210.5628125,-159.2221875,-208.9085,-397.2370625,56.669125,-175.9683125,-170.824625,281.519625,-145.5429375,66.86925,-260.6248125,47.187625,17.666,132.7968125,-143.5549375,-56.8033125,-72.729,364.1733125,-110.891375,45.132625,-246.5603125,77.7766875,-267.877625,347.310375,-82.879125,-198.8341875,-26.2304375,328.139,-359.7444375,3.0408125,178.741375,-113.299625,0.2684375,-99.9660625,-152.6889375,327.962625,241.158,-341.54825,164.9876875,-154.4185,355.9828125,-428.5093125,-47.8304375,-141.1380625,-312.555625,-194.740375,-69.7726875,-40.0619375,-132.0511875,-223.079625,16.1605,-207.80625,199.9041875,195.3780625,46.5131875,-54.3150625,60.507375,-49.8063125,-382.523625,328.81375,-200.78125,230.5790625,-141.7635625,216.5661875,-85.701375,-97.5066875,49.7535625,-387.2686875,22.8495,322.7899375,4.551625,235.534,3.6774375,-93.6455,-293.3739375,330.43375,-162.2080625,-278.573375,-107.1619375,-450.2455,-53.4491875,-22.9870625,-248.5844375,79.46675,-100.3051875,-106.4223125,-404.391125,105.317125,-154.3535625,100.0488125,-41.52575,290.3140625,-229.8159375,32.581,-339.0323125,-41.5364375,200.6770625,-139.132875,-213.2836875,113.9420625,336.5805625,-212.1046875,214.446875,94.991625,-207.419,71.702625,148.593375,-288.5655,179.686625,-83.4484375,-200.8695,-87.784875,92.5535625,-238.732125,41.9191875,-338.03625,335.1833125,72.40625,303.3503125,-102.824875,-497.6545,-155.013375,135.712625,-63.48025,296.2394375
2.936597661340625,-31.7811875,7.637875,-370.54625,-264.1991875,-226.824375,-225.46525,-155.2478125,-145.212375,-404.6505,35.9876875,-204.2705,-219.949125,230.8845,-220.1116875,8.4475625,-256.2849375,64.9180625,-37.13425,171.615,-134.093625,-148.86275,-120.409,366.3895625,-82.429625,60.907,-280.082125,66.821875,-305.420625,255.67575,-94.81175,-187.5361875,-25.8163125,342.507625,-329.5125,-8.177625,76.4343125,-130.81075,20.714125,-106.0110625,-202.737875,315.0321875,274.846,-330.3885625,158.6720625,-174.4078125,314.4754375,-441.7476875,-77.371125,-156.4583125,-317.4020625,-227.9965625,-75.296625,-29.217875,-134.9749375,-162.004375,53.2345625,-242.62975,197.2725,232.8128125,78.8295,-51.8390625,55.9538125,9.1433125,-351.5258125,281.40775,-174.3684375,128.480375,-108.730125,234.4245625,-77.4873125,-95.7676875,47.105875,-386.137,36.9945625,313.692625,33.3965,292.2803125,37.8585,-52.2185625,-217.2983125,333.232125,-206.8941875,-282.6625,-87.2520625,-392.158625,-92.3711875,-10.2630625,-315.365,94.73975,-80.67725,-112.868875,-395.5629375,65.493875,-143.5295625,132.219,-62.0955625,274.35625,-248.1634375,27.232875,-345.084625,-63.480625,212.0983125,-162.0164375,-198.9825625,136.3176875,289.7191875,-182.914625,204.2889375,140.310875,-195.2744375,109.10775,172.1969375,-278.1106875,216.4083125,-59.5120625,-191.79825,-76.7885625,113.5650625,-252.1694375,14.243375,-341.279625,301.1015,64.0946875,296.9455,-38.4699375,-469.272125,-135.3644375,124.50475,-116.8528125,259.65625
2.940670184062708,-49.4163125,-13.429375,-349.9830625,-230.2094375,-260.718875,-269.1506875,-171.1004375,-79.985125,-405.85275,1.505625,-238.87625,-261.1695625,157.017125,-292.6618125,-30.19675,-224.37775,72.768875,-96.8895625,198.936875,-125.2169375,-229.440375,-173.4070625,364.7800625,-51.6578125,74.9260625,-284.682,64.6958125,-326.431625,186.706625,-104.6724375,-176.679875,-38.44525,356.29375,-279.1473125,-31.037125,-23.04925,-155.4009375,33.434125,-107.125875,-261.9104375,288.1206875,288.339,-335.3029375,146.8849375,-209.8843125,246.4155625,-422.1195625,-82.6421875,-165.189375,-300.8050625,-237.194,-58.4835,-16.2434375,-136.8923125,-103.585625,99.2270625,-291.972375,197.040625,261.8228125,104.306375,-46.591,49.1561875,61.433125,-320.096875,238.925,-148.325625,18.570125,-74.553125,240.505125,-70.8799375,-90.5648125,52.8790625,-383.832875,60.3250625,283.9265,46.2976875,336.1675625,65.48775,9.2249375,-145.9246875,321.932,-255.733875,-279.6656875,-55.4243125,-333.34625,-112.590625,-9.8535,-357.1340625,87.4573125,-69.4194375,-97.156625,-373.6639375,20.629875,-125.7625,172.8005625,-88.2339375,255.880375,-231.0741875,0.5010625,-342.71875,-78.702375,208.3784375,-184.4615625,-189.824375,135.4586875,239.9008125,-153.2128125,187.14775,186.59725,-178.200625,160.342625,185.3688125,-284.3324375,240.986875,-37.860125,-192.4313125,-60.4781875,113.39825,-263.424875,-33.4016875,-321.7733125,280.1653125,63.4985,304.5415625,38.3755625,-421.97975,-107.501875,118.5578125,-169.840125,225.003375
2.944742706784777,-90.6070625,-38.5388125,-325.27325,-192.888875,-307.536875,-321.9069375,-202.0051875,-32.600875,-397.3675625,-38.3513125,-270.9184375,-287.54425,70.056125,-350.3565,-47.9345625,-166.562875,73.915125,-153.8645625,219.4834375,-113.1641875,-286.8180625,-218.9910625,353.29575,-27.9549375,83.3066875,-269.3570625,64.9715625,-327.067125,150.5454375,-110.2080625,-153.888625,-60.1695,364.8283125,-225.504375,-64.3355,-98.70125,-181.1505,33.569375,-112.129875,-318.53575,245.3890625,274.98325,-350.6125625,127.8865,-249.7299375,162.113625,-377.8255625,-53.9518125,-163.49975,-254.915625,-224.186,-27.176,4.6159375,-131.678875,-59.5093125,146.0365625,-339.5465,195.7530625,279.4564375,108.1575,-33.9565625,41.9423125,97.36975,-294.8915625,207.3778125,-122.2488125,-71.47875,-59.615875,242.611625,-74.22275,-80.61375,58.34025,-383.636,86.4044375,232.9724375,48.0675625,358.329125,74.8228125,82.7278125,-82.3718125,303.8414375,-287.4841875,-265.430875,-25.8331875,-280.6843125,-108.8725625,-12.215625,-363.946875,50.1009375,-65.5894375,-64.2030625,-335.849625,-17.816125,-98.8715625,216.0676875,-122.171125,243.3895,-189.1509375,-51.5475625,-328.4823125,-76.257,187.5133125,-210.486625,-197.2155625,120.625125,193.78775,-108.1728125,165.7204375,230.4529375,-156.5269375,219.5215,192.060875,-294.9559375,247.463375,-35.1195625,-192.694125,-41.1483125,77.5791875,-268.65075,-91.9531875,-275.9991875,273.2705625,68.53475,333.73625,109.3589375,-367.3763125,-74.4951875,115.5451875,-224.4235625,201.1920625
2.9488152295068604,-141.709875,-62.0255625,-307.93925,-149.785875,-346.26125,-362.5163125,-237.1939375,-16.5381875,-378.741375,-71.049125,-290.8665625,-297.630625,-21.1270625,-387.494125,-47.075375,-103.303125,66.997375,-203.68225,239.081,-92.649875,-314.1256875,-254.36075,333.3530625,-13.4009375,86.63825,-250.2745,59.5945,-302.4991875,137.98875,-111.7988125,-107.667,-84.6555625,361.3748125,-180.31875,-104.4890625,-140.388375,-198.3763125,15.4074375,-118.6813125,-365.0871875,191.60875,237.164625,-368.183375,104.3704375,-281.105875,72.564375,-322.5145,-2.63625,-147.2351875,-187.767125,-195.0311875,3.72925,38.6473125,-121.1468125,-35.48475,184.40525,-368.8711875,188.9420625,287.2445,80.6185,-16.5394375,38.137125,116.480125,-278.6448125,198.6315,-94.20425,-133.355625,-77.12375,241.91375,-98.071375,-66.017,65.3548125,-378.0525625,104.9366875,178.857375,45.56925,358.25075,60.6325,154.4708125,-29.075875,283.127625,-288.8549375,-243.2434375,-11.6610625,-233.06875,-85.7081875,-8.1304375,-333.9824375,-5.299125,-63.3755625,-21.6248125,-278.0794375,-43.3916875,-61.2275,252.3700625,-164.3526875,244.1766875,-138.0949375,-113.8343125,-299.8609375,-49.6934375,153.2776875,-243.1818125,-223.4190625,103.7291875,152.88875,-44.328125,145.3053125,263.902,-134.7153125,276.762375,200.616625,-304.6536875,232.5624375,-62.981875,-186.329,-27.367875,0.403375,-273.5414375,-142.92225,-212.278625,270.1624375,75.209375,380.4626875,161.5960625,-315.0398125,-37.177375,116.6915625,-279.376375,182.123375
2.9528877522289294,-186.83975,-80.9504375,-297.6893125,-102.383125,-361.43625,-378.1914375,-257.7656875,-30.651625,-351.8915,-89.6900625,-295.414125,-302.5301875,-108.6701875,-406.592,-37.465125,-51.560875,45.681,-243.0638125,260.0775,-68.632,-313.3850625,-278.5918125,311.2874375,-6.2210625,85.863,-242.7540625,41.320875,-255.4158125,133.08825,-114.508125,-37.6840625,-103.808,339.1265,-139.2799375,-147.77725,-153.6983125,-204.8245,-19.5856875,-122.7216875,-398.64325,135.861375,184.782875,-384.707,78.54075,-303.25075,-15.2223125,-266.9035,50.307125,-115.562875,-120.109375,-158.2315,20.482375,85.8696875,-109.4009375,-25.7855625,206.50625,-373.4193125,176.296625,285.412875,26.99175,-3.9150625,43.3591875,124.5658125,-267.616625,222.9684375,-58.9816875,-177.1910625,-117.747125,236.408375,-144.4723125,-45.2100625,83.43,-351.223375,109.5875625,143.754375,42.879375,339.1908125,21.0179375,214.7554375,11.968625,259.527125,-260.522625,-227.2624375,-17.0358125,-182.195,-53.4856875,7.7345625,-277.9604375,-55.593125,-54.4269375,22.8110625,-203.1301875,-58.0703125,-14.472625,275.866125,-207.59025,255.6480625,-95.2159375,-164.9579375,-258.1555,0.23675,112.983125,-280.5811875,-255.944125,88.5829375,112.0445,29.6520625,129.7238125,278.3821875,-116.789125,317.8989375,213.4626875,-314.772625,200.2625,-115.6106875,-176.06775,-23.02025,-112.82875,-291.077375,-172.972,-146.4654375,259.961375,80.84,434.453,189.111125,-270.79575,-1.246625,124.230375,-334.84875,155.1883125
2.9569602749510127,-217.3946875,-93.9218125,-283.8228125,-57.612,-352.1895625,-366.9379375,-241.74475,-64.7501875,-323.48175,-100.445,-289.822625,-322.677875,-179.2641875,-413.6769375,-30.808375,-14.8985,11.0815625,-273.02475,281.240625,-55.8670625,-296.2618125,-288.058625,286.08975,-6.7654375,82.988,-251.6410625,10.9728125,-202.5864375,129.06425,-126.8038125,48.262375,-109.52275,297.45175,-93.5890625,-188.278,-151.0680625,-211.04975,-56.05475,-130.989875,-414.184375,86.72425,133.107625,-404.0415,45.1415,-326.3604375,-96.492,-220.5823125,90.25175,-69.8081875,-70.1905625,-122.1275625,19.4295,135.1265,-96.560875,-17.991625,209.93925,-357.6848125,164.0485625,272.1515625,-34.165125,-13.560125,56.624625,128.5365,-257.968375,279.9296875,-16.203375,-210.2024375,-156.89275,227.6031875,-204.04925,-18.6445,115.759625,-295.33975,103.8146875,136.758875,37.9646875,296.5203125,-41.4929375,260.0340625,39.759875,235.98525,-209.57075,-230.7523125,-38.339625,-121.124625,-21.702125,37.7755,-218.3815625,-86.4535625,-37.6544375,59.946625,-118.639875,-64.1380625,39.5343125,284.7681875,-238.9714375,268.6306875,-72.644125,-190.46925,-212.5913125,63.414875,74.8295625,-316.988375,-278.5541875,70.4538125,69.8281875,101.97525,119.9006875,268.2336875,-105.2486875,330.4799375,226.5101875,-323.6125625,162.5735,-174.0599375,-165.899875,-22.7490625,-246.4080625,-330.33475,-183.5585,-91.7488125,238.724,78.655125,486.3016875,190.07225,-235.6655,24.5351875,135.20075,-389.4946875,119.085625
2.9610327976730817,-236.9589375,-102.79275,-252.07725,-22.032625,-326.8873125,-332.9741875,-180.1168125,-107.1760625,-305.2208125,-107.93975,-281.6445,-367.67925,-219.2280625,-417.1223125,-29.094625,10.7270625,-25.2385625,-297.382,302.1065625,-65.178375,-276.6234375,-282.1918125,250.2541875,-16.0425,82.975125,-271.4875625,-18.0785,-165.920875,131.39225,-149.405125,136.784125,-102.32225,247.7566875,-44.703,-215.9225,-136.887625,-231.049125,-76.2625625,-151.79475,-405.9841875,46.3184375,94.8754375,-429.1603125,0.6920625,-359.2290625,-163.0548125,-192.8389375,114.9581875,-17.131875,-38.8445,-86.185875,12.14325,166.2696875,-80.29575,-3.4960625,196.059375,-333.2674375,158.5516875,249.90325,-87.312875,-59.2411875,66.445125,139.2480625,-248.120125,352.21825,22.3993125,-229.927125,-175.9316875,216.8415625,-265.07225,7.798125,154.6084375,-221.8106875,95.0514375,146.6699375,26.7441875,221.95775,-113.5960625,286.40575,57.4198125,214.8249375,-145.77725,-256.9038125,-70.312875,-51.7488125,2.7041875,76.375,-179.0391875,-96.881,-21.3996875,81.287875,-32.3880625,-59.932125,96.1934375,277.93675,-248.6441875,277.1764375,-68.35875,-188.2099375,-171.8378125,125.0911875,44.722125,-346.7319375,-285.468375,47.5193125,34.2043125,157.97675,112.151,235.0881875,-96.402875,311.668875,238.8355625,-322.7055,139.9081875,-221.158375,-152.776,-16.885875,-373.1285,-388.1055,-182.132375,-56.0753125,209.102125,56.5429375,526.3065,162.7456875,-211.298625,36.31575,139.2376875,-438.9470625,87.09125
2.965105320395165,-253.4731875,-116.3465625,-191.7100625,2.7685625,-289.9484375,-282.88925,-85.318875,-147.5696875,-305.07075,-101.8139375,-272.9189375,-422.71675,-225.4613125,-423.065625,-27.43375,28.2695625,-50.5798125,-315.8866875,321.960875,-95.3055,-262.994875,-268.2795,204.0655625,-32.0699375,89.237625,-293.23575,-29.0838125,-157.7740625,147.5385,-173.2764375,211.0370625,-97.023125,208.342625,-2.1215625,-222.245125,-106.9314375,-266.955125,-77.59425,-180.82975,-374.7595,4.3165,74.991375,-456.407125,-45.2568125,-401.7293125,-204.08175,-184.831625,129.52,27.445375,-9.8708125,-40.5111875,15.3591875,167.945875,-62.996625,13.5451875,165.9514375,-315.5663125,158.3795625,228.2098125,-129.839875,-130.264375,59.4983125,167.74075,-232.5854375,413.1655625,42.3764375,-232.0935,-168.8755625,201.9616875,-321.2281875,30.812,187.5571875,-151.734125,87.3061875,151.1804375,10.0869375,122.3709375,-171.603,289.6248125,72.0621875,190.5010625,-84.3229375,-297.6179375,-110.83575,19.5539375,16.4534375,111.428,-172.858125,-92.8810625,-15.8343125,90.2229375,44.0026875,-46.29525,142.7173125,256.100125,-237.53225,284.0019375,-72.5600625,-168.5903125,-139.05075,174.3229375,20.5563125,-366.6064375,-280.5263125,25.76875,14.5340625,183.8766875,101.72675,190.5109375,-80.1116875,270.312125,252.15325,-307.003125,148.3930625,-246.535,-130.9646875,3.7835625,-466.4640625,-451.4643125,-173.3355,-44.31725,177.126375,8.4831875,548.0105625,108.10875,-199.17125,34.981,127.6455,-477.23425,76.0195625
2.969177843117248,-268.6861875,-146.025125,-104.3366875,16.7725625,-242.15825,-224.58925,17.1155625,-179.7024375,-319.7330625,-72.6454375,-258.6650625,-460.6329375,-204.3723125,-426.1613125,-24.6353125,35.4651875,-62.6831875,-327.9434375,336.067625,-137.35725,-255.634,-258.4488125,156.8289375,-53.975375,97.6553125,-306.391125,-14.6531875,-175.4583125,176.202125,-187.812875,259.3554375,-110.84825,190.7315625,30.1159375,-208.5335625,-56.638,-305.1084375,-72.5508125,-207.02075,-327.2613125,-52.632375,71.8323125,-481.531125,-77.4386875,-444.4304375,-217.46425,-189.22725,136.8239375,51.41675,33.4783125,20.132625,30.210125,148.311625,-51.5953125,21.1111875,123.2228125,-315.046625,158.0103125,217.95125,-161.7145625,-193.75775,31.778625,213.7145625,-203.7535,442.782375,44.4704375,-214.9419375,-137.6453125,179.578625,-370.4486875,51.970375,205.3136875,-97.509625,82.7065625,133.122,-6.3726875,23.5235625,-200.0906875,270.8094375,86.3353125,157.2073125,-42.0945,-333.5434375,-156.6295625,86.3718125,23.855125,134.0029375,-197.7095,-83.934125,-25.0063125,102.6706875,96.1635625,-28.0810625,163.5149375,224.9813125,-217.0414375,297.1859375,-81.8325625,-147.23675,-116.687,205.22475,-8.394,-377.6431875,-270.167375,13.79825,13.22575,182.6291875,90.708375,147.70475,-49.814375,224.07375,259.9010625,-280.8396875,184.6896875,-244.74425,-102.100375,44.9543125,-518.5561875,-505.70625,-159.174625,-54.32725,147.3138125,-55.9099375,550.7555625,37.9769375,-193.323125,24.425875,101.0006875,-498.4936875,95.23825
2.9732503658393172,-278.9476875,-193.335625,-7.1593125,16.548375,-188.130875,-164.5325625,104.2184375,-204.714625,-336.08725,-31.1660625,-234.1301875,-464.2871875,-169.8281875,-416.7998125,-27.048125,27.7810625,-71.2035,-337.122125,338.8674375,-179.7934375,-247.0703125,-260.197375,112.8031875,-84.8171875,96.57075,-303.333375,18.009625,-203.4078125,207.1179375,-187.266,282.031125,-147.8073125,190.8658125,59.179375,-187.0945625,11.171625,-329.9261875,-70.5570625,-226.085875,-272.948125,-124.3834375,79.1328125,-504.7886875,-87.6356875,-473.6603125,-214.13025,-201.8221875,135.1529375,55.00125,91.4045,88.9100625,42.048625,125.247125,-49.837625,11.1313125,77.587375,-326.24725,157.7798125,222.206375,-177.1925625,-222.565875,-10.043625,262.5743125,-161.27625,432.6428125,41.9875625,-179.7653125,-92.5243125,146.7786875,-409.5635,69.043875,205.0145625,-58.7066875,83.7335,92.5578125,-17.7680625,-50.7065,-203.530375,236.8803125,90.539625,119.9900625,-26.96425,-341.169625,-202.2653125,137.687625,34.9536875,137.142875,-240.7005,-73.1558125,-44.8631875,130.093625,117.86275,-10.9045,152.244125,191.196625,-202.0916875,321.7659375,-100.08125,-133.3926875,-104.974875,214.2488125,-50.52,-384.261125,-258.9701875,17.9970625,23.99925,174.412125,85.956625,113.0119375,-6.0081875,190.774125,247.229125,-249.5196875,232.1019375,-219.9869375,-73.1200625,101.024125,-534.693125,-539.957375,-144.25975,-74.8881875,121.0715,-117.4076875,536.19425,-31.7510625,-180.5875,13.221625,68.9478125,-502.1395625,143.5205
2.9773228885614005,-281.3191875,-246.18525,75.3986875,-2.5418125,-135.8650625,-106.123,163.86675,-226.63675,-336.197125,0.02075,-201.74775,-437.6945,-139.01225,-396.5435625,-41.6106875,3.348375,-87.2974375,-343.49225,330.5610625,-211.3905,-230.0325625,-270.6785,64.6689375,-125.4644375,71.9448125,-285.7499375,51.9638125,-224.58875,228.2905625,-170.031125,283.20775,-196.35825,191.53,93.6165,-171.414,84.020875,-335.671375,-68.7313125,-240.88375,-225.627125,-198.6825625,86.7835625,-525.2665,-76.994375,-483.12725,-205.847,-223.653125,128.4071875,46.436375,150.9796875,155.239875,42.4134375,114.6300625,-58.7761875,-18.76125,38.205,-333.2861875,160.7686875,237.1259375,-170.123375,-214.456125,-54.2150625,296.434125,-114.673625,386.46,43.99525,-125.34275,-51.6758125,104.778,-433.4716875,74.0255,189.216875,-30.384875,89.0940625,48.3589375,-23.291375,-92.5989375,-192.02425,197.7566875,67.6684375,90.6435625,-33.7835625,-306.0536875,-247.02625,159.7663125,57.8235625,114.6231875,-286.5835625,-53.8234375,-68.695875,167.926125,115.454625,-2.0035625,117.236625,158.1789375,-197.9201875,354.535,-127.1864375,-127.324625,-102.614125,197.830125,-101.778125,-386.8568125,-248.06275,40.0214375,35.2149375,180.1569375,91.35125,85.08775,50.8474375,180.6445625,202.6355,-213.0553125,275.998,-186.102375,-45.471,157.7451875,-516.86775,-548.942625,-136.9115625,-92.0611875,101.960375,-157.7605,507.707125,-93.874125,-150.8031875,10.543375,44.667375,-496.548375,207.3768125
2.9813954112834695,-275.7301875,-292.154125,129.4493125,-36.526375,-92.6233125,-53.01025,191.574375,-243.5319375,-309.17725,6.946875,-168.106125,-397.9128125,-120.6714375,-375.5795625,-63.888875,-34.183625,-115.187875,-341.274125,316.4331875,-226.706875,-210.803375,-280.875375,2.2665625,-167.38725,17.6595,-263.304625,78.8625625,-232.278,231.7890625,-137.0608125,262.0141875,-238.2383125,175.1589375,132.6655625,-162.1390625,144.435,-321.8148125,-61.751,-253.283,-202.929375,-264.727875,86.6899375,-534.4895,-52.5535,-474.666625,-195.894875,-248.0150625,128.928125,32.01,200.2489375,211.5270625,38.7473125,122.97775,-79.2659375,-66.32125,6.8633125,-326.121625,165.5648125,260.361125,-139.917125,-186.1445,-87.502625,304.60625,-75.9610625,321.6528125,52.5199375,-48.8851875,-32.6463125,59.416125,-438.1385,61.03275,164.3318125,-10.7085,94.2470625,23.8468125,-26.5310625,-108.3539375,-169.8306875,163.004125,13.19725,74.444625,-50.71475,-232.642375,-294.049125,147.7565,92.766625,69.477,-322.769625,-22.710875,-92.619375,200.63075,104.6718125,-9.1398125,76.6815,132.2494375,-198.0904375,384.9216875,-154.718,-128.230875,-110.1681875,156.2023125,-145.966375,-380.7835625,-238.753875,77.6995,37.9386875,213.0506875,108.01675,60.1125625,119.5104375,193.9340625,128.9369375,-174.1145625,310.5160625,-152.765125,-16.233375,206.105375,-466.535375,-529.18075,-141.03225,-97.8414375,96.8721875,-165.085625,468.115375,-144.9820625,-103.591,18.32725,36.5560625,-492.773375,265.46175
2.9854679340055528,-264.5089375,-330.5988125,159.5135625,-73.5220625,-64.6085,-9.8095625,190.4964375,-249.6229375,-265.008,-6.137125,-137.6353125,-357.84975,-110.3171875,-361.018125,-79.89375,-74.9338125,-149.5713125,-328.9856875,303.8465625,-227.651875,-203.6916875,-282.695375,-79.1755625,-194.9215625,-57.189,-244.3759375,106.1335,-231.0204375,215.5584375,-94.83775,218.828375,-262.3864375,134.4561875,170.0298125,-147.441125,177.920125,-291.299,-47.4423125,-261.1311875,-214.331375,-319.36475,79.1195,-521.654,-23.9823125,-446.22875,-182.6815,-258.55175,142.0925625,16.6725625,231.8865,252.206375,43.0893125,145.1308125,-105.94275,-122.9805625,-16.5026875,-304.5490625,167.4065,291.1889375,-92.253375,-157.9960625,-97.6771875,283.5143125,-52.58775,259.0430625,66.6220625,42.0965,-41.7735625,16.85625,-422.606875,33.920875,139.6375,-0.783625,96.9823125,27.55075,-37.282875,-109.156,-141.4990625,139.07575,-52.4786875,67.1876875,-70.1511875,-143.9544375,-343.8839375,109.2109375,134.718875,15.658375,-340.479125,10.75825,-112.533,213.5889375,101.7454375,-37.2149375,48.1398125,123.5884375,-193.843,403.5639375,-172.4216875,-137.1599375,-125.3688125,98.6285,-163.4856875,-366.458875,-232.1473125,129.056125,29.302125,276.5555625,136.957625,38.9621875,191.9043125,221.8049375,47.809,-139.5308125,338.5438125,-118.284625,11.7098125,244.477125,-394.3373125,-479.074375,-148.2485625,-97.400875,113.3905625,-138.8255,415.435375,-177.2206875,-45.9451875,32.0305625,42.1705625,-492.777375,302.0924375
2.989540456727622,-251.2316875,-365.397875,177.674375,-105.3659375,-58.0119375,21.192,173.951125,-243.5040625,-228.0005,-25.455875,-113.6764375,-321.63725,-98.7355,-351.3164375,-81.509625,-107.1550625,-179.5794375,-310.758875,297.9698125,-219.5040625,-213.160125,-269.5766875,-174.1401875,-198.2328125,-134.5800625,-230.027125,139.61475,-228.0844375,184.47575,-53.1794375,161.9488125,-268.8423125,72.931875,198.617875,-118.939625,180.729875,-251.6728125,-26.3690625,-260.526125,-249.5524375,-364.194375,67.1591875,-487.0905625,1.69325,-391.3540625,-164.216125,-244.1303125,156.675375,5.05425,244.3298125,271.7676875,57.636375,171.0668125,-126.1705625,-175.954875,-27.1574375,-273.1375625,162.0408125,327.1484375,-36.576375,-138.5135,-80.45425,238.826625,-49.9620625,208.5779375,83.941875,127.24675,-70.43025,-16.3385625,-390.2871875,3.5121875,121.9658125,-4.7915625,96.475125,48.8415625,-64.951625,-99.1814375,-115.500875,129.3349375,-99.0909375,63.4073125,-94.39325,-64.637875,-390.6794375,57.6058125,178.0084375,-33.811375,-336.408,33.0336875,-121.4048125,201.787625,113.168125,-81.9555625,42.45925,135.43275,-180.881,406.4185,-174.2338125,-153.215125,-141.605875,39.18175,-147.703375,-349.0266875,-225.5600625,190.8839375,7.0668125,357.593875,177.1121875,24.4358125,254.342,251.111125,-12.5795625,-112.1418125,364.8054375,-82.733875,28.437875,268.7574375,-312.74675,-405.1099375,-143.28725,-105.1126875,157.817875,-90.1563125,347.8011875,-182.834,10.872375,46.4789375,46.7545625,-488.8951875,314.5120625
2.993612979449705,-238.88325,-388.402625,188.5426875,-131.097125,-75.2725,40.4945,158.9243125,-229.928625,-213.954875,-42.7315,-96.6111875,-291.0465625,-84.71275,-336.7775625,-72.8710625,-126.36475,-196.740625,-289.764375,293.1635625,-208.9616875,-234.9113125,-238.1301875,-265.6236875,-182.255125,-199.2164375,-216.31875,171.5155625,-223.158,148.474,-15.98575,102.1488125,-264.3236875,6.5018125,210.38275,-82.9378125,161.4593125,-212.070875,-1.45375,-250.500375,-283.506375,-401.3655,52.715125,-442.9678125,25.5300625,-310.13375,-140.61225,-209.8935,154.755875,-4.352625,243.1853125,264.256875,75.2136875,191.049,-133.8029375,-215.8773125,-19.5294375,-237.417625,145.453,365.451,14.174875,-116.610625,-46.89,187.9911875,-72.8303125,168.7055,101.5384375,184.6800625,-105.7434375,-31.8539375,-347.7716875,-27.488125,109.5330625,-29.703,91.018,73.7196875,-105.3441875,-76.80175,-98.790625,130.7255,-109.5891875,63.927,-125.996875,-4.046625,-424.1429375,7.93425,215.6808125,-74.57825,-314.0549375,37.056125,-114.835875,171.233875,134.2895,-130.54125,65.6095625,159.123125,-163.4684375,387.7060625,-160.4085,-172.1553125,-150.4345625,-11.48875,-109.65675,-326.2089375,-213.914875,252.7885625,-32.0293125,428.4039375,225.348375,11.8399375,293.347875,269.038,-36.7849375,-89.9454375,386.4055625,-54.812375,25.968125,269.05975,-227.3955,-323.5055,-118.6080625,-127.4188125,229.3515625,-34.428375,272.3275625,-161.4975,52.0393125,57.0016875,31.8543125,-472.3165,306.475125
2.997685502171774,-225.1299375,-378.6796875,187.3308125,-151.29925,-108.783125,48.62925,153.9385,-214.861875,-221.9998125,-57.6925625,-80.23525,-266.013125,-75.862125,-306.0469375,-60.0480625,-138.2731875,-202.3531875,-268.299875,275.2046875,-205.0040625,-263.79925,-196.159125,-333.662625,-161.7015,-246.493625,-202.65025,189.3320625,-213.31725,117.220875,20.0213125,46.994,-260.8681875,-40.9169375,199.4103125,-54.3264375,131.88475,-175.9103125,23.1894375,-234.0905625,-294.9204375,-429.070625,39.863625,-400.6416875,52.044875,-214.521875,-114.091125,-170.5245625,126.2985,-19.2928125,234.9406875,225.940625,91.040125,197.060125,-136.7063125,-241.917875,4.40675,-197.6535625,113.0636875,402.64675,47.6451875,-75.0144375,-13.8146875,146.8864375,-117.576875,138.458375,115.1191875,200.217,-142.696125,-27.579125,-298.24775,-67.58375,94.50875,-75.4449375,80.411125,97.9731875,-140.814875,-43.882125,-93.1675625,134.2758125,-85.90625,73.224375,-159.0066875,39.9399375,-435.8639375,-30.136625,238.6973125,-107.4715,-280.8366875,24.0706875,-95.155125,138.6295,154.6416875,-171.3069375,113.42875,178.1785,-151.6449375,343.267375,-139.7220625,-189.445875,-146.9726875,-52.7271875,-62.2815625,-288.9615625,-194.89575,300.85925,-87.7668125,464.42175,277.8695,-14.985,301.606875,266.453125,-22.91375,-69.466875,393.6495625,-41.6893125,7.4508125,238.6343125,-145.1061875,-255.518625,-82.4906875,-158.4384375,314.7640625,15.5359375,202.091,-122.8068125,68.744375,61.4563125,-9.43525,-438.0090625,279.831875
3.0017580248938573,-204.4625625,-322.9880625,166.26775,-165.704,-141.6791875,42.0286875,152.82375,-200.52875,-246.4825625,-71.721875,-59.0420625,-243.1820625,-78.9315625,-253.157625,-42.5433125,-151.60675,-206.1941875,-249.1735625,234.193875,-212.9213125,-295.374625,-159.0815,-366.495875,-151.995,-280.858375,-195.074375,186.46525,-202.032125,95.768,54.6803125,1.80525,-269.420375,-57.3740625,165.784375,-41.7308125,95.2513125,-139.3625625,39.905375,-215.483375,-279.239625,-441.3994375,30.6198125,-362.492,79.1339375,-125.5723125,-85.6519375,-137.543,74.186375,-44.800875,221.5200625,162.4913125,104.4611875,188.9158125,-146.004875,-256.21375,34.001875,-151.4335,66.052125,432.070875,59.1040625,-11.6405,14.2949375,116.315375,-168.470125,123.69375,119.483,172.662625,-184.2738125,-13.11975,-239.7,-117.4596875,72.981,-132.5106875,69.262,121.7326875,-154.724625,-5.692,-96.2460625,134.775625,-43.655875,90.57775,-182.443625,72.778625,-424.88525,-56.9078125,239.8468125,-132.3133125,-243.217375,1.2794375,-66.6570625,123.98475,167.012125,-196.1616875,165.0891875,174.091375,-152.086625,283.7611875,-125.13875,-206.7310625,-135.5576875,-91.8045625,-11.304125,-236.9684375,-169.0903125,328.806375,-157.08175,461.2125625,327.7635,-70.6423125,279.0953125,241.5619375,21.767,-48.2633125,380.64225,-43.7665,-13.74875,180.6185,-80.0875,-217.075,-51.643875,-189.5608125,390.525875,54.2165625,146.6371875,-82.539375,68.147625,62.27575,-65.2910625,-386.5293125,235.8510625
3.0058305476159406,-179.39,-228.9715625,122.16525,-176.7716875,-155.628625,15.5235,146.0123125,-185.516125,-283.1709375,-83.8614375,-35.82925,-224.14975,-93.621375,-180.7829375,-20.2071875,-172.8486875,-216.4600625,-236.178125,171.812875,-227.3724375,-326.5205,-137.5348125,-367.33225,-160.3880625,-304.8806875,-202.94225,167.2173125,-195.6444375,84.451125,77.8669375,-30.7430625,-294.05875,-52.11075,120.227625,-40.709625,48.7430625,-102.951375,37.84725,-198.746625,-245.7600625,-433.965625,22.206,-323.242875,99.72225,-65.411875,-53.92425,-118.511875,10.90575,-76.352125,204.8338125,95.3395,114.150375,173.457875,-166.080625,-258.980625,56.01925,-104.429375,15.80475,444.90975,52.8664375,59.4976875,43.1178125,88.4908125,-204.83825,127.1993125,111.742125,114.865625,-235.1740625,-1.7503125,-170.838125,-164.810125,47.46275,-191.8084375,64.7374375,142.864875,-143.794875,33.113,-105.2441875,134.4035625,-1.8916875,108.15,-186.52675,105.1258125,-398.090375,-76.705875,216.868,-148.0266875,-205.83075,-21.9428125,-35.98725,134.8858125,174.3971875,-201.4801875,194.180375,135.9071875,-161.4006875,230.1333125,-119.144125,-229.5815,-123.876375,-132.4254375,38.459,-185.445125,-136.37175,338.6129375,-236.4280625,434.8458125,365.0069375,-147.5215,234.06625,201.640375,77.1554375,-28.4100625,348.82325,-59.2024375,-21.5010625,106.7310625,-43.98975,-206.5935625,-33.2029375,-213.568,435.3643125,85.3174375,106.3729375,-54.635375,69.2810625,61.6518125,-112.9375,-326.983375,179.738
3.0099030703380096,-159.5085,-119.82975,66.1651875,-189.6006875,-139.732875,-26.7834375,133.5075,-167.5395625,-324.3365,-90.9203125,-18.4221875,-216.574375,-116.8975625,-98.0071875,0.3415,-206.7505625,-232.4041875,-233.4221875,101.7219375,-238.132625,-353.629375,-131.9490625,-350.4419375,-179.135375,-311.785125,-233.652625,144.2904375,-198.4200625,81.1106875,79.694,-49.9954375,-332.394,-38.1234375,85.01025,-37.4324375,-4.84775,-74.9889375,12.0975625,-184.896,-207.6309375,-405.35025,12.61875,-278.8916875,108.6611875,-45.4583125,-16.1251875,-119.7826875,-49.595125,-100.45625,191.6993125,51.98575,121.247,156.1615625,-193.7666875,-250.7650625,60.7214375,-70.209875,-25.33775,437.9893125,36.9088125,126.4355625,77.0128125,59.07725,-214.0125,140.248,96.149875,46.4970625,-289.9845,-0.853375,-94.264125,-198.3066875,19.8455,-248.447375,70.3901875,158.0946875,-119.51025,68.068,-115.7966875,136.4871875,28.689125,114.2103125,-169.316625,148.02025,-363.0878125,-92.4045,174.4673125,-156.6163125,-169.714125,-37.0074375,-15.20775,161.785625,189.2750625,-191.591375,187.778875,70.3050625,-170.431875,194.0255625,-111.382125,-255.5351875,-115.37775,-170.999375,79.617125,-155.257,-101.2079375,336.602,-320.9711875,410.3613125,380.7349375,-218.5791875,180.5525625,159.96125,118.1985625,-16.40525,298.83825,-86.989625,-5.5800625,34.1081875,-35.8464375,-206.362875,-22.525625,-223.3863125,443.2174375,113.6780625,72.2206875,-47.520125,89.665875,60.7651875,-134.12425,-273.2363125,120.5400625
3.013975593060093,-148.0345,-25.7470625,18.41425,-205.7261875,-95.551375,-72.6453125,117.02425,-148.143625,-352.78425,-94.7876875,-10.6219375,-220.627875,-150.5355,-14.0668125,13.083125,-255.904875,-245.6838125,-244.7366875,39.210375,-241.14375,-371.2965,-135.2429375,-325.1658125,-193.16275,-287.5776875,-282.2579375,128.472375,-210.03425,84.4581875,60.5083125,-54.9016875,-375.05625,-15.611,79.86875,-19.4234375,-55.978875,-59.89575,-30.7679375,-169.32175,-172.236125,-356.8356875,3.6998125,-233.4535625,100.55075,-59.0259375,28.9205625,-144.8348125,-100.1614375,-100.167375,187.8674375,44.3430625,130.6955625,139.6288125,-222.5763125,-234.487625,47.164875,-61.63,-55.4228125,417.0545625,16.1161875,187.619375,114.2305,26.480625,-197.57675,150.8894375,84.2506875,-16.5988125,-332.8874375,-12.63625,-17.873125,-214.0694375,-10.2181875,-301.69775,83.3585,165.8951875,-96.8530625,95.3818125,-118.090625,142.459,47.7405625,99.3974375,-143.09025,199.5608125,-321.59475,-103.4438125,122.328375,-158.240625,-132.481125,-40.293,-10.26175,189.5205625,224.828125,-178.332125,152.251125,-1.382625,-177.491125,170.1624375,-91.615875,-275.5723125,-108.474375,-202.0773125,105.800625,-157.1825,-73.4520625,332.586375,-401.9640625,407.0751875,368.934625,-260.071,125.151625,123.7384375,131.1956875,-15.882625,228.6400625,-120.803625,29.55075,-22.444375,-45.408375,-199.210625,-18.7241875,-212.7805625,420.8365,135.6595,34.2131875,-63.943,131.9521875,65.962125,-124.6568125,-233.31925,68.9194375
3.018048115782162,-138.3623125,28.82375,-12.4200625,-220.3810625,-36.3189375,-113.5113125,92.482125,-134.9446875,-346.262,-102.1693125,-10.3444375,-226.3158125,-199.6048125,63.4618125,23.6744375,-316.1925625,-247.389125,-276.085,-10.376875,-242.914875,-373.608625,-139.0908125,-288.8466875,-196.3356875,-222.6601875,-329.9165625,121.6831875,-227.395875,95.98125,25.954125,-44.8624375,-410.74875,21.3085,105.757125,10.9300625,-96.887625,-52.39,-77.9970625,-142.091875,-137.966,-296.157375,1.2986875,-197.4945625,73.3361875,-84.796125,76.273375,-190.1180625,-141.0954375,-67.5293125,191.3046875,61.316125,142.6335,126.594,-248.8459375,-214.7685,24.8590625,-83.8465625,-79.5605,387.560625,-7.3101875,244.1471875,145.4080625,-9.8766875,-165.2039375,157.008125,86.813125,-72.090125,-353.8450625,-36.705375,45.0603125,-217.0074375,-41.046375,-356.036,95.4609375,167.2164375,-83.8181875,112.50575,-103.9213125,154.4188125,57.288875,63.36825,-129.9271875,242.9646875,-272.4350625,-105.665375,69.0305,-144.9776875,-93.6071875,-35.6466875,-14.152375,208.660375,279.7513125,-175.9524375,107.9465,-59.7039375,-189.678375,147.576125,-55.73925,-285.7719375,-97.32925,-222.4183125,112.2928125,-185.84125,-54.1769375,333.9496875,-465.1739375,422.447375,329.1725625,-263.3025625,64.4120625,86.6443125,119.04225,-22.995875,142.32475,-145.72725,67.327625,-56.0376875,-63.9509375,-182.777125,-24.3320625,-178.46575,375.6884375,140.6801875,-6.029625,-99.2155,182.8034375,87.5735,-95.119125,-207.184,32.16325
3.022120638504245,-121.6750625,38.3505,-35.34875,-223.261125,20.2495,-149.078625,63.7753125,-136.3821875,-298.6609375,-110.9611875,-17.0958125,-225.24575,-263.8935625,126.0648125,44.6201875,-374.0555,-232.80275,-327.4819375,-50.415,-252.931375,-358.43375,-136.6115,-238.514375,-193.7874375,-123.1893125,-360.449625,120.233875,-245.4416875,119.6813125,-19.9678125,-25.373375,-433.7626875,69.96975,143.648375,37.820875,-124.748,-40.4655625,-117.609875,-97.2679375,-101.59875,-236.64675,12.110125,-179.489625,36.8355625,-101.6131875,118.62,-246.0455,-174.2595625,-13.349375,193.797875,82.7135625,147.9120625,120.97025,-272.362625,-195.0365,6.5394375,-130.8144375,-97.94475,349.2739375,-28.726,293.2273125,158.3639375,-43.8181875,-124.6763125,166.9738125,108.8205625,-126.9376875,-354.969125,-65.6109375,84.3833125,-220.591625,-70.054,-414.0348125,95.1503125,160.6344375,-84.8940625,116.260625,-80.9636875,171.9238125,58.93025,14.225625,-143.716875,260.33775,-218.464125,-93.3058125,22.4769375,-109.3045,-57.1844375,-31.858,-20.727875,216.7840625,335.4584375,-191.0884375,79.02325,-99.10825,-207.7605,123.2754375,-3.6851875,-290.199,-76.55925,-234.6089375,94.8944375,-227.931875,-32.9615625,339.39075,-499.8886875,433.3623125,270.3821875,-230.761875,0.7733125,39.208875,94.5099375,-31.3265,48.334,-148.4226875,92.090875,-67.38375,-86.8541875,-166.695,-34.26025,-124.16825,314.85525,123.284625,-35.906875,-141.5136875,225.7596875,129.49425,-62.55925,-189.4395625,11.4386875
3.026193161226314,-94.1208125,14.4631875,-61.367625,-203.714625,62.2466875,-181.797375,46.91475,-154.0671875,-233.9939375,-112.0229375,-34.5588125,-218.7016875,-330.6020625,169.6836875,79.08825,-415.7736875,-203.8225625,-383.6744375,-83.906875,-269.208375,-334.429625,-124.3054375,-182.0041875,-189.205,-8.0209375,-369.987125,122.7425625,-254.0815625,158.90675,-75.0666875,-7.9861875,-442.3846875,121.1309375,166.9086875,48.6879375,-137.5831875,-13.6685,-144.43725,-44.258125,-64.82425,-188.522,35.2285625,-176.513625,7.0356875,-102.9946875,152.52425,-299.6455625,-199.2126875,44.075,187.7375625,93.723625,135.4143125,129.7589375,-289.4023125,-179.030875,-3.1070625,-191.3801875,-107.499125,298.9029375,-39.8459375,329.6950625,147.995625,-64.6589375,-78.8053125,187.8850625,148.0525625,-181.06875,-340.82075,-81.3570625,100.56875,-235.6429375,-97.0636875,-470.7985,72.61775,140.5605,-101.64125,104.3235625,-70.696625,187.5610625,55.952125,-35.374875,-177.1785,245.48975,-169.1656875,-60.393,-6.8925,-55.0013125,-27.462,-38.16375,-31.90675,215.5875,372.0515,-216.7495,78.8260625,-123.1326875,-219.708875,102.2089375,59.6903125,-296.0783125,-47.7535625,-244.6478125,55.3313125,-267.37625,-2.6501875,340.871,-508.6408125,416.980625,207.6249375,-173.7985625,-48.5195,-15.714625,71.4200625,-37.0128125,-48.1344375,-126.4849375,98.26175,-63.48925,-108.76475,-156.8200625,-40.7709375,-60.38025,252.961125,93.776,-43.2885,-179.886375,252.9211875,183.5605,-36.8424375,-169.4036875,4.7424375
3.0302656839483975,-62.11875,-25.848,-91.433125,-161.21775,85.5985625,-212.181125,55.517625,-182.2175625,-189.02075,-103.4779375,-65.8965625,-217.64175,-379.472125,205.2434375,115.4595625,-439.5956875,-170.202375,-423.574625,-108.07525,-275.985875,-317.5098125,-104.803875,-134.0665625,-177.8174375,102.2354375,-359.903,128.0181875,-240.8344375,210.641875,-134.0860625,-2.1259375,-432.37425,169.3550625,159.3185625,41.9815625,-133.6948125,26.2236875,-162.97525,-2.011,-33.7599375,-154.9623125,62.3678125,-175.2071875,-11.74725,-94.9691875,173.4619375,-336.36075,-213.95675,97.685625,172.71275,86.12625,99.5235,158.1939375,-292.1346875,-175.71425,-10.9120625,-255.819625,-111.95625,235.3730625,-32.7246875,350.220625,117.826375,-71.0120625,-30.9645,218.4814375,190.274125,-221.4074375,-311.4681875,-67.9611875,103.950625,-258.2994375,-122.019,-517.8734375,29.3065,103.9475625,-124.62925,80.514125,-85.64725,193.51875,48.783,-69.8431875,-209.604125,202.82075,-134.55925,-7.0099375,-13.874875,5.960875,-6.6451875,-59.7024375,-49.4226875,211.011375,381.1779375,-241.7140625,102.9761875,-138.2213125,-211.6530625,90.3695,124.6160625,-307.53,-19.57275,-253.294,4.2068125,-286.00225,32.685125,330.2266875,-501.623375,368.8295,154.2050625,-111.0648125,-64.2169375,-62.118,58.2858125,-37.08325,-142.6890625,-88.2785625,91.2138125,-52.47725,-122.498125,-145.0628125,-44.1611875,2.83975,209.2698125,71.9461875,-21.511625,-210.997,267.786375,234.5494375,-14.1921875,-138.530125,7.25825
3.0343382066704807,-37.9391875,-67.0474375,-121.2179375,-106.6915625,86.3276875,-238.8263125,90.313125,-212.89175,-182.124125,-94.5468125,-107.9475625,-235.7180625,-399.8014375,251.55225,137.8608125,-450.688625,-144.310625,-436.0806875,-121.0445625,-257.7304375,-317.538625,-82.8923125,-105.2469375,-152.77675,193.4486875,-331.523875,127.7604375,-198.82725,265.3683125,-186.8681875,-9.0291875,-397.257875,210.7674375,123.1985625,22.1455,-115.7076875,64.8345625,-177.9781875,12.2291875,-12.2195,-136.0731875,85.0826875,-160.6953125,-30.648125,-85.47975,175.802125,-347.826,-216.1824375,150.967,155.0831875,61.624625,45.986875,201.7594375,-278.325125,-195.5668125,-24.802125,-311.12875,-119.6773125,162.35,-3.2201875,353.8606875,76.7793125,-75.6344375,12.1098125,248.8801875,215.4349375,-232.8478125,-266.2795,-29.43425,109.074125,-273.512625,-140.9490625,-547.0678125,-20.5035,55.9289375,-138.674375,51.2890625,-121.6111875,188.4048125,33.50575,-75.6295,-223.8674375,141.6285,-115.339875,55.447375,-8.555625,60.564625,2.1566875,-98.2056875,-73.7481875,210.95625,365.5344375,-261.57925,138.1666875,-155.283875,-178.611125,89.6771875,181.5659375,-323.1125,0.201,-256.9971875,-47.223125,-272.9908125,64.6160625,304.7956875,-484.721125,303.917625,116.8441875,-57.9406875,-40.727625,-85.9290625,57.3058125,-28.159625,-226.0219375,-45.795,81.385375,-39.0406875,-122.4410625,-118.2345625,-50.818,59.703625,193.7169375,67.716,26.190125,-232.5018125,283.3761875,265.453125,15.0889375,-101.0539375,11.140125
3.0384107293925497,-27.1381875,-93.613,-148.69025,-56.5253125,57.6301875,-256.7986875,136.6955,-239.411625,-203.945375,-98.8644375,-151.363375,-276.3585625,-397.855875,313.4993125,138.87125,-450.84675,-133.90825,-423.8934375,-131.90425,-213.36875,-331.8254375,-57.6720625,-94.7533125,-111.874,257.9068125,-291.904875,113.0191875,-132.717375,309.8584375,-221.7419375,-22.092125,-335.5243125,236.656375,71.065625,-7.0731875,-91.6588125,84.2809375,-185.9965,-11.8224375,4.6258125,-127.62875,95.9073125,-127.843375,-59.0483125,-83.104125,162.9979375,-339.5611875,-204.057625,201.8585,140.1565625,35.835625,-5.6013125,249.4518125,-255.82525,-239.920625,-42.062125,-341.7041875,-135.7328125,87.97475,47.2289375,342.149625,38.8646875,-91.3135625,44.63975,262.774875,215.1946875,-209.6976875,-206.315125,13.9314375,125.4255625,-270.4065625,-145.5725625,-552.3546875,-64.0115625,6.719,-139.2510625,16.7895,-169.07875,172.7128125,9.3693125,-50.504,-216.127125,75.4605625,-106.552625,109.54775,-9.990125,96.86575,-1.9996875,-155.4411875,-105.300375,218.5931875,331.6243125,-273.9339375,175.0249375,-186.3458125,-126.5799375,94.50775,225.91325,-337.9874375,10.52475,-259.3336875,-92.007,-234.327875,86.6698125,268.6578125,-458.121375,243.785625,96.09575,-18.3864375,10.6913125,-88.1350625,66.624875,-9.2479375,-288.773625,-5.0596875,73.10325,-26.1268125,-108.7473125,-75.6415625,-62.572875,106.7740625,199.41675,75.539,80.6335625,-236.368125,312.937125,264.572625,55.1340625,-68.64575,11.0944375
3.042483252114633,-25.284375,-91.9834375,-171.6508125,-27.413875,-1.502,-259.2593125,175.1644375,-260.210625,-231.7730625,-124.4345,-187.6143125,-327.804875,-385.8039375,374.82525,121.6493125,-442.5431875,-141.56725,-395.775375,-154.9098125,-156.9024375,-348.812125,-22.7794375,-90.9439375,-60.8084375,292.4443125,-260.036875,85.524875,-56.6736875,333.636,-229.4096875,-32.78125,-256.80075,239.556125,13.993125,-42.3680625,-73.7106875,73.26025,-181.39775,-68.6260625,24.40175,-117.43975,89.8803125,-86.8029375,-91.8569375,-95.022125,144.8366875,-326.868,-177.8305,236.5224375,127.6160625,26.6130625,-36.3368125,291.03,-236.4128125,-295.687,-52.115875,-341.827375,-161.3831875,25.7744375,108.198625,319.10775,18.4045625,-117.4859375,66.016125,247.546,198.67875,-157.324,-133.952,46.611625,153.3058125,-252.6960625,-131.1838125,-535.6835625,-101.4229375,-33.620125,-133.6259375,-25.849,-215.6115,144.8030625,-17.47125,-4.2374375,-194.8521875,17.6805,-108.280875,141.5890625,-27.8495625,107.110375,-14.956875,-227.957,-137.07325,232.502625,285.5211875,-270.0301875,210.1514375,-232.954875,-67.7863125,95.7411875,255.96775,-346.455125,14.0523125,-272.1515625,-125.943875,-186.635125,93.6355625,227.5825,-422.907875,202.5165625,91.7635625,12.505625,67.65275,-81.5059375,79.9481875,11.24,-332.148875,36.95825,61.5045,-15.9974375,-86.7595,-31.6144375,-70.124625,140.375125,211.8063125,85.6324375,116.4788125,-213.7814375,360.325875,234.3325625,99.2780625,-45.4575,9.937125
3.046555774836702,-23.6081875,-60.0164375,-184.2294375,-28.3975625,-82.2326875,-248.1763125,199.6639375,-279.3579375,-248.9996875,-166.1863125,-212.37075,-374.6945625,-368.548375,414.687125,94.3838125,-431.5003125,-168.9289375,-361.8515625,-196.116875,-102.2155625,-357.2936875,23.685,-79.0033125,-11.838375,301.7380625,-256.1826875,55.2888125,14.9446875,337.2174375,-206.3315,-36.1583125,-178.0636875,224.850375,-40.0856875,-77.074,-74.361375,33.6075625,-166.8791875,-140.441,44.387125,-93.2034375,69.9656875,-51.402625,-114.965125,-118.8371875,123.07925,-322.0705,-140.634875,242.37925,116.6825625,41.986875,-44.9085,318.3936875,-228.0979375,-340.6863125,-47.3598125,-317.9739375,-197.1981875,-11.0869375,160.9864375,289.4314375,22.47225,-143.017875,82.1040625,203.2593125,181.4570625,-90.774375,-57.7455625,71.2848125,186.833,-231.253375,-106.9989375,-510.394125,-142.048875,-57.28025,-128.0553125,-72.99225,-246.477,106.123875,-35.021375,51.571125,-172.5020625,-23.2196875,-124.9386875,148.434875,-56.2753125,94.7313125,-32.584625,-299.8490625,-155.1325625,250.725375,234.289375,-239.5586875,241.316,-282.2528125,-14.56525,85.283125,268.7791875,-341.9494375,12.1271875,-298.8314375,-149.371125,-144.21825,84.5455625,185.4919375,-383.7191875,183.3628125,107.292375,42.4231875,108.2235625,-74.2950625,88.66575,16.555,-364.287625,84.28325,41.339625,-5.9691875,-61.746375,-1.49325,-58.228625,156.9984375,220.3001875,95.0125,120.3311875,-166.971625,418.284125,187.767375,136.0498125,-26.139625,18.9474375
3.0506282975587853,-18.4559375,-9.3800625,-183.8965,-55.765375,-173.884875,-237.999125,220.3028125,-300.478,-252.30275,-207.129375,-223.58325,-407.254875,-344.7365625,423.5515625,64.609375,-418.3771875,-214.2191875,-334.319125,-253.746875,-50.012,-352.809125,73.4449375,-51.474125,24.5706875,296.1976875,-284.1431875,32.9841875,73.163625,329.3084375,-155.465375,-34.5504375,-111.91075,207.9609375,-84.07875,-105.1435,-101.03825,-18.837375,-153.4490625,-215.6625,53.343875,-56.316875,45.587,-23.5824375,-120.695375,-141.771,91.9596875,-327.508125,-97.7380625,222.783,111.4295,79.8659375,-43.880125,326.2089375,-233.8075625,-355.4061875,-29.650625,-282.2965625,-242.43475,-17.5765,189.106125,256.6928125,48.317625,-157.1473125,99.9826875,138.8188125,172.7634375,-29.660625,7.48875,99.089125,214.3173125,-210.01125,-89.996125,-492.0435,-193.6716875,-60.98525,-119.5128125,-112.54775,-255.663625,63.3695,-37.0031875,110.862,-157.67125,-41.5835625,-156.2611875,136.0919375,-82.4133125,72.3530625,-55.6828125,-349.1466875,-152.9105625,268.913375,185.343875,-178.2638125,265.2071875,-319.415875,23.653375,57.02225,259.7105625,-318.1578125,-0.3615,-324.8701875,-166.8841875,-119.185625,65.2261875,148.6393125,-346.6675625,184.8239375,145.0718125,76.0339375,122.7288125,-62.091125,89.655625,-2.38125,-388.8025625,134.5074375,15.154375,10.6059375,-32.046375,7.79325,-21.99725,159.20675,220.3503125,107.3556875,98.06825,-111.7240625,467.906375,138.9403125,161.12175,-5.9716875,47.92425
3.0547008202808543,-16.444875,42.0953125,-176.4385625,-96.9048125,-265.2978125,-241.375125,242.9840625,-322.1961875,-245.855,-230.714625,-222.811,-420.7686875,-317.9306875,403.8876875,35.7255,-396.51025,-265.542875,-320.6024375,-321.5429375,4.158375,-333.8271875,113.9283125,-13.202,44.850375,284.413125,-331.7408125,22.2686875,111.388875,317.6550625,-84.17725,-35.4885,-62.3903125,197.77125,-114.271375,-126.6415,-154.324,-63.440625,-148.6941875,-290.222625,49.5325625,-21.634375,22.285,1.2950625,-108.33925,-148.000875,51.484625,-336.6855625,-55.4440625,191.883,117.78075,132.474375,-45.751625,314.056125,-251.5213125,-334.92725,-6.2976875,-250.440375,-288.2035625,0.297375,190.2328125,226.6679375,83.0705625,-157.705625,119.865125,64.7218125,172.66275,12.9758125,52.0025625,132.2601875,215.768375,-183.711125,-88.163,-481.73975,-254.2115,-49.36125,-98.9529375,-132.15,-247.7955,22.7581875,-34.307,169.730625,-154.0380625,-34.3820625,-194.2324375,113.46175,-92.58725,48.979125,-85.89575,-364.097375,-138.911,278.5726875,142.777,-91.525875,280.424875,-341.087375,42.745125,7.6635,229.0564375,-273.7661875,-28.7191875,-332.471125,-182.8609375,-125.327125,40.5685,125.3995625,-317.089375,204.8849375,198.603625,108.862125,115.4258125,-35.66675,89.0625625,-38.53375,-405.7271875,181.84675,-6.48825,34.1094375,9.84025,-7.417,23.3528125,159.7895625,211.7499375,124.601625,66.7644375,-63.873375,487.3776875,99.2504375,179.868875,11.9336875,91.75425
3.0587733430029376,-25.7721875,81.2125625,-170.3009375,-139.376375,-343.2498125,-255.50525,254.7865625,-338.6686875,-234.9274375,-231.328,-217.6176875,-415.818,-296.550375,361.82175,7.005625,-362.935375,-308.0330625,-316.414,-385.1053125,57.095375,-300.627625,138.39575,24.5603125,48.2708125,270.224875,-384.7820625,15.85,126.957625,304.3070625,-2.20525,-41.4013125,-29.5514375,189.566375,-129.7509375,-147.9224375,-230.351125,-88.4241875,-149.153125,-355.177625,45.57825,-3.88425,-0.8835,18.2895625,-73.8491875,-130.3624375,11.6000625,-338.5665,-20.5300625,161.3489375,135.5841875,191.1094375,-56.505875,287.1226875,-273.5181875,-290.445625,17.587625,-236.2348125,-317.216375,28.093125,176.805,210.1961875,111.422,-150.9515625,134.63875,-9.2395625,174.105625,37.1834375,76.27275,163.251875,173.105125,-147.32925,-97.0211875,-466.59,-313.0613125,-31.9946875,-61.8956875,-131.47125,-226.629875,-11.71175,-42.812875,222.9565,-160.294875,-4.963875,-229.6398125,90.0704375,-77.1645,26.457875,-121.11575,-348.8966875,-123.6066875,269.2885625,105.78075,5.92425,289.321125,-353.1383125,42.370375,-60.483875,187.5456875,-211.9844375,-64.4803125,-317.33275,-200.7379375,-164.4755625,8.367875,121.18625,-295.9563125,239.2086875,252.7725625,127.60625,96.5815,9.8420625,94.5715625,-80.1065,-415.424,224.49225,-14.147,54.589375,63.286375,-46.2596875,53.4089375,170.144375,198.1315625,143.16375,37.7643125,-29.8598125,467.3571875,75.1760625,198.50725,22.1814375,131.3720625
3.062845865725021,-47.3715,105.29625,-174.6874375,-176.624625,-396.0849375,-266.488125,238.617875,-344.4063125,-222.0344375,-213.960625,-217.087625,-396.0265625,-280.688875,301.814,-23.4823125,-325.149625,-338.680375,-313.60925,-427.200375,100.2165,-263.0344375,150.7771875,52.869875,35.0458125,260.6528125,-432.142375,3.6100625,126.972125,282.6300625,82.369375,-44.3888125,-10.3635625,174.5959375,-128.745125,-178.038875,-319.5004375,-95.189625,-143.946875,-397.2940625,51.774125,-11.465125,-21.5315625,16.1914375,-15.3256875,-98.7133125,-13.55875,-327.8049375,1.584,137.5590625,157.510375,249.7325625,-75.736375,254.822875,-291.0843125,-240.3845625,41.9044375,-243.775375,-315.200375,52.06,163.894125,213.712375,130.4643125,-147.506625,136.261875,-76.21525,166.969125,48.7146875,86.285375,185.2518125,88.782125,-105.86625,-105.6018125,-439.8506875,-356.326375,-15.3034375,-10.3703125,-120.9175625,-189.291,-33.78375,-65.4253125,269.310125,-171.3985625,36.54775,-260.8538125,74.8481875,-37.5815625,5.6685625,-157.131125,-312.6485625,-108.4361875,233.536375,67.9205,93.5240625,292.2835,-358.8618125,23.4018125,-130.910375,148.817875,-137.223875,-94.3155625,-291.1325625,-221.3780625,-216.16475,-34.98,135.6763125,-280.655125,278.5746875,297.0868125,120.04025,76.3065,70.1895,107.49325,-120.0963125,-418.2193125,266.1379375,-9.7424375,62.3601875,114.759625,-95.9294375,54.0566875,183.05725,185.0713125,157.725625,9.9869375,-10.0813125,414.8148125,64.1525,219.1214375,23.14325,148.885125
3.06691838844709,-74.191625,118.7488125,-195.1609375,-206.2664375,-416.408125,-263.47825,190.187625,-339.0123125,-206.4551875,-191.733625,-226.6279375,-361.95575,-263.2345625,229.358875,-57.44525,-294.545125,-364.4565625,-309.227875,-445.675625,128.6595,-236.957875,158.9925625,66.2200625,9.536375,267.69175,-461.9995,-20.31625,122.701875,241.58475,164.394125,-37.5530625,-0.514125,149.298625,-114.3246875,-218.964375,-404.975375,-91.8745625,-126.454375,-411.69175,65.190375,-46.4336875,-31.7758125,-8.43325,56.1194375,-71.0885,-13.251375,-311.8941875,12.393875,121.5621875,176.7594375,304.442875,-98.971625,224.0341875,-301.427125,-204.61875,67.97275,-264.4508125,-281.9731875,65.8450625,155.9945625,226.2053125,148.8673125,-156.440875,120.0749375,-131.9683125,146.2450625,49.105125,90.8615625,197.4863125,-12.2798125,-72.0295,-100.9770625,-410.1230625,-370.406375,-0.8468125,52.685875,-110.841,-135.9305,-33.5915,-92.24425,313.1124375,-184.6393125,77.436125,-288.9001875,72.48775,12.214375,-10.5246875,-191.736125,-261.718125,-92.0963125,174.79575,21.182125,150.659375,283.8528125,-355.381125,-9.797625,-174.9135625,119.672,-52.4159375,-116.0535625,-272.7473125,-242.7589375,-252.072625,-87.621,161.396,-271.2009375,309.23625,332.6594375,85.60625,58.7409375,131.05225,124.54125,-151.8726875,-415.3365,311.1669375,-2.6613125,58.126625,149.3154375,-138.544875,30.1969375,177.60725,178.1694375,166.8888125,-19.8743125,-6.789125,346.58125,57.09275,240.10925,15.052625,139.738875
3.070990911169173,-93.79875,127.1795,-226.407125,-229.421875,-406.6710625,-245.305125,115.0685,-327.168625,-185.21,-176.7848125,-250.3323125,-315.018375,-243.6163125,153.104625,-93.193875,-278.55375,-387.2473125,-303.4235625,-457.0446875,143.43475,-229.38075,163.0329375,61.6756875,-19.742875,293.420625,-461.7800625,-56.64425,118.724625,178.8583125,235.86375,-26.8645625,3.171125,115.2995625,-98.32225,-259.81075,-469.5979375,-85.7534375,-102.6025625,-401.570625,76.7514375,-102.503125,-27.218625,-48.241375,120.14425,-55.4778125,10.2074375,-302.1574375,20.41575,108.6945625,193.136875,353.3995,-122.620375,191.9411875,-304.820125,-196.8888125,92.1243125,-283.114875,-232.5590625,72.909625,148.67875,221.7615625,170.4546875,-177.3625625,85.453375,-168.5738125,117.322375,38.67775,97.7544375,202.010375,-101.072375,-54.1585,-75.3663125,-388.5560625,-348.7768125,11.8009375,123.27025,-104.8994375,-78.7574375,-4.1685,-110.4281875,355.82,-198.326875,109.4155625,-305.8911875,79.2476875,56.483875,-18.7008125,-224.3545,-202.5850625,-73.6949375,111.0985625,-33.060625,164.9550625,257.1421875,-340.8241875,-47.3411875,-171.43025,99.887625,38.5618125,-133.0620625,-271.938375,-262.2920625,-257.18025,-143.8170625,188.62225,-269.78225,320.7354375,357.82075,37.085125,39.61875,178.046875,142.0424375,-166.589875,-408.185875,354.46,1.5788125,51.9351875,158.039375,-164.247125,-4.5493125,143.946625,182.9574375,170.308,-50.4263125,-23.7740625,283.7309375,48.491875,255.7205625,-2.6045,112.941125
3.075063433891242,-97.025125,135.6675625,-257.4671875,-248.6501875,-381.697625,-218.555,23.4629375,-316.4030625,-157.1099375,-169.536625,-292.3759375,-263.0063125,-227.4903125,79.9154375,-121.0550625,-278.5966875,-400.3936875,-295.307625,-473.194625,145.856625,-235.58075,152.4645,38.5036875,-44.2731875,326.1129375,-426.1663125,-100.0703125,109.0895,105.784125,284.425375,-24.4905,2.965125,73.8494375,-92.9526875,-285.6851875,-505.4745,-78.7108125,-83.9965,-367.93875,78.3131875,-167.3526875,-11.799875,-93.39875,163.302875,-44.0510625,40.266,-300.332375,31.5074375,93.7236875,209.4805625,397.4495,-149.218125,150.2754375,-298.0131875,-212.887375,103.9910625,-289.8846875,-188.44375,83.3725,138.6739375,180.8469375,186.8766875,-202.6974375,39.0219375,-176.0389375,92.7474375,18.2718125,110.0569375,201.413875,-165.167125,-48.599625,-30.5535625,-377.2418125,-299.6488125,22.140125,192.752375,-101.848125,-36.0048125,50.19925,-111.9095,395.8146875,-208.2849375,133.9214375,-300.328125,83.393125,89.7055625,-17.311,-248.905875,-143.276625,-49.7814375,61.9278125,-78.7331875,134.3053125,213.4119375,-319.1744375,-78.7198125,-122.6650625,84.33225,126.7184375,-145.724875,-280.5970625,-279.6330625,-235.1291875,-193.62675,207.885375,-272.2975,313.4824375,359.191875,-6.2043125,16.6383125,208.5793125,157.613625,-160.36425,-394.60025,376.718125,4.6829375,53.4853125,143.1893125,-174.2155,-39.7043125,94.1193125,198.2636875,163.958,-78.227,-57.064,242.884375,43.510375,261.5515,-28.028125,84.19675
3.0791359566133254,-86.069875,148.112125,-278.772,-265.0155,-357.0959375,-193.1055625,-67.92425,-312.735,-129.201,-163.413375,-350.5669375,-212.3539375,-219.46325,12.379375,-129.8366875,-292.020375,-399.652125,-282.243375,-484.535375,135.2515,-247.47175,118.896375,-0.78925,-63.42275,355.216875,-362.8815,-142.305,84.7103125,34.3505625,304.2165625,-36.046375,1.92325,26.15875,-102.0780625,-289.184125,-516.1819375,-68.2934375,-76.2150625,-312.2400625,63.942375,-229.0049375,7.0361875,-141.138125,186.09575,-25.343375,60.9154375,-299.9724375,44.879875,75.487,226.5774375,436.0136875,-187.037375,99.2115,-275.1453125,-232.450375,92.5309375,-279.8049375,-163.0690625,101.261125,126.2759375,107.9175,182.4275,-228.7225625,-7.42325,-156.950125,83.0035625,-12.3634375,125.7320625,198.826375,-209.3433125,-45.4619375,26.3630625,-372.8549375,-243.1494375,28.061875,251.8049375,-104.6494375,-18.7759375,114.1325625,-95.7516875,436.2703125,-210.9158125,156.5028125,-269.09075,73.4830625,116.5516875,-7.6064375,-257.943875,-88.2928125,-21.764875,32.535625,-99.132125,67.577375,166.9378125,-293.6030625,-98.82375,-50.3265625,66.053625,200.611375,-155.6035,-283.6355,-296.3321875,-199.017875,-222.49725,209.3824375,-268.4893125,291.816875,326.3190625,-25.9220625,-3.816625,228.0846875,171.9168125,-140.109375,-365.39225,361.565375,12.1324375,61.5518125,119.7965625,-177.7469375,-67.1375,44.45,210.1348125,147.1720625,-99.6586875,-93.363375,230.5974375,48.7861875,259.625375,-49.974,67.9955
3.0832084793353944,-69.1598125,167.114,-283.51275,-280.93475,-340.4610625,-176.7466875,-140.57425,-313.776,-112.625,-154.288,-412.066125,-166.0819375,-220.6961875,-46.8419375,-119.3156875,-312.9290625,-390.06,-260.68525,-473.2269375,111.9793125,-258.0333125,67.3403125,-48.787875,-85.30675,376.4704375,-287.7831875,-179.7085,44.745875,-34.79675,302.7614375,-57.60875,1.891625,-19.231875,-122.2194375,-269.8183125,-509.5799375,-53.0829375,-75.5845,-244.79525,34.365875,-278.708125,26.5048125,-194.8996875,196.137125,0.334,71.92,-294.1245,60.6035625,54.05025,244.4551875,463.2005,-244.0689375,55.5028125,-232.15175,-235.106,54.53125,-248.2054375,-156.272375,114.106,110.331125,28.137375,146.667625,-252.1875,-47.33025,-130.59125,89.3184375,-46.1900625,139.0626875,195.8769375,-235.9270625,-38.170875,86.7421875,-373.3330625,-195.66275,27.8274375,298.081125,-119.852375,-23.854875,168.5335625,-69.331375,481.607625,-204.462375,176.4511875,-222.0863125,48.2636875,141.7069375,7.451125,-253.1946875,-32.159375,-3.3044375,16.5405625,-94.200625,-12.3470625,134.533,-259.1788125,-110.3430625,22.0575625,45.6245,247.533875,-168.55725,-274.873125,-309.1350625,-161.450875,-219.5791875,189.3065625,-252.024375,250.7488125,261.845125,-14.540875,-17.3578125,239.1184375,187.2195,-119.3805,-309.49575,312.409625,27.534,68.97475,105.199375,-184.496625,-77.525625,-2.70125,203.004625,129.0346875,-112.6655625,-118.7309375,245.50825,59.7576875,254.0220625,-55.2729375,68.6866875
3.0872810020574777,-52.1910625,193.990125,-272.6234375,-301.5921875,-332.59675,-171.07325,-185.5248125,-312.8748125,-112.1608125,-143.64025,-463.091625,-129.5190625,-231.266,-93.92725,-98.69375,-334.5875,-381.319375,-228.80225,-435.6265625,81.9871875,-260.330375,9.6231875,-95.5406875,-114.3368125,383.3861875,-213.8084375,-213.3053125,-1.1145,-105.0219375,292.714,-82.0411875,-3.65475,-48.7418125,-144.6930625,-229.373125,-489.80825,-34.1471875,-71.810375,-182.5439375,-1.5108125,-314.1675,49.8160625,-257.534125,200.536625,24.1381875,83.8828125,-278.0640625,79.3393125,28.8645,264.68625,473.0618125,-317.085875,40.145,-169.26375,-214.3940625,-0.885625,-195.0574375,-160.1408125,106.022625,88.114125,-30.43675,87.5680625,-258.71625,-78.415875,-119.8549375,104.6473125,-64.034875,147.066125,191.001,-238.53925,-24.87,137.4205,-375.2796875,-159.443875,23.8616875,333.65375,-149.018625,-36.669,199.161625,-45.7641875,524.5191875,-183.3966875,186.2575625,-180.4049375,16.031125,163.216,23.7551875,-241.9671875,36.7556875,-8.2094375,4.9185,-74.686125,-78.208,121.4895,-208.5078125,-116.6943125,78.8535625,36.7446875,256.04525,-189.86075,-259.322125,-307.384875,-128.9120625,-186.147625,151.7534375,-224.22975,180.5976875,174.6801875,17.3895625,-30.648625,236.78275,202.0895,-112.1139375,-228.0943125,244.7704375,47.290625,75.2885625,105.339125,-194.2984375,-62.8539375,-53.300625,175.6025625,118.950875,-116.474375,-128.656,275.58,68.1245625,247.367,-42.0684375,75.07975
3.091353524779561,-39.1815625,228.522375,-253.213375,-330.7773125,-327.5385,-170.96575,-204.4875,-309.2015,-124.0356875,-137.3045625,-497.525,-104.791,-251.5445,-127.45875,-75.3635,-352.7598125,-378.7675625,-189.75075,-383.825625,55.577625,-248.6623125,-47.44325,-134.964375,-144.577625,368.72475,-146.229375,-241.948875,-35.9648125,-172.4961875,284.743125,-106.8593125,-28.258625,-57.842375,-155.2180625,-175.9065,-458.1240625,-12.2596875,-51.1120625,-141.2670625,-37.074,-341.349375,79.8401875,-326.717125,201.5539375,42.2153125,100.0590625,-249.959375,95.0509375,1.4304375,287.300125,466.821625,-384.9944375,57.639,-92.786,-183.5285625,-54.8009375,-130.1850625,-163.5164375,82.3250625,62.0184375,-55.4199375,26.6143125,-230.094375,-96.0520625,-135.4115,118.7598125,-51.2018125,153.064625,179.44375,-217.468625,-7.7034375,164.7303125,-368.8576875,-128.7273125,21.613125,358.567375,-187.7941875,-43.7289375,201.266375,-34.576875,545.7625625,-141.7248125,178.578125,-162.1806875,-17.00925,179.7083125,35.437625,-226.702875,121.9661875,-34.314625,-8.531375,-47.6463125,-114.8345,121.3009375,-146.0020625,-111.783875,107.91025,54.4148125,225.8299375,-217.8254375,-243.005125,-280.6080625,-103.943125,-138.6991875,103.06125,-189.2835,85.702375,75.724,47.856,-52.3304375,216.201375,210.0805,-130.7745625,-138.640125,171.1635625,61.28475,85.0625,112.112125,-200.278875,-23.571125,-105.7446875,139.0163125,116.7480625,-108.9190625,-131.440125,299.861125,73.6608125,239.6244375,-15.9578125,69.07825
3.09542604750163,-35.060625,266.5164375,-228.9673125,-364.7178125,-314.222,-169.3128125,-199.487,-305.9501875,-142.1850625,-138.7743125,-513.2006875,-87.5866875,-277.535875,-148.708875,-52.3956875,-363.6366875,-380.467375,-150.84825,-329.644875,37.7835,-224.7834375,-101.412125,-169.5340625,-168.36725,333.8210625,-86.334625,-263.4675625,-44.943875,-227.239625,287.71425,-133.2903125,-78.2944375,-59.213375,-144.5564375,-123.53875,-419.9479375,15.3244375,-6.0776875,-126.266625,-76.0495625,-366.998375,111.123625,-392.27125,198.07975,57.8679375,113.327,-213.61525,98.106625,-27.9436875,307.9320625,449.993125,-422.5024375,92.6375625,-16.2135625,-163.4224375,-88.764125,-71.5245,-156.914,65.946125,41.7243125,-54.296875,-16.716625,-165.3860625,-95.2050625,-171.3156875,119.919375,-15.4666875,158.1885625,155.918875,-185.5655625,10.4970625,168.1688125,-339.504625,-98.173875,22.0144375,370.098875,-230.7914375,-44.63475,182.59,-34.933,528.48675,-84.0836875,150.018375,-166.9446875,-50.93675,195.552,38.3413125,-202.3394375,212.723125,-61.74875,-24.504875,-16.61575,-123.349375,123.6165,-90.4076875,-87.3729375,103.8000625,94.4950625,171.221375,-239.314375,-224.0174375,-229.834875,-87.20675,-100.1809375,50.55175,-149.0395,-16.975,-21.008625,58.8645,-76.8864375,183.5765625,206.1331875,-178.082875,-61.1726875,97.461,62.3135,101.257,113.3219375,-201.638125,28.8334375,-149.7931875,103.118125,116.4770625,-83.8421875,-139.10675,302.1064375,78.99,225.685,15.4300625,45.146625
3.0994985702237132,-42.5674375,297.081875,-201.202625,-388.5776875,-284.7891875,-164.05725,-169.80875,-304.855875,-164.59975,-146.067875,-509.9955625,-78.1038125,-302.4694375,-161.3576875,-32.0613125,-365.735875,-382.515625,-120.384875,-277.5850625,24.8336875,-200.69975,-143.085,-205.9295,-184.0211875,287.9560625,-39.5975,-281.612,-30.4979375,-259.740875,306.068875,-157.8190625,-144.2436875,-73.58175,-118.8550625,-84.7008125,-383.1229375,54.192625,53.9700625,-128.085875,-122.76425,-389.6655625,130.6629375,-439.9216875,194.6553125,75.2171875,118.2365625,-180.8533125,85.9295625,-63.68825,319.7635,424.42625,-419.8906875,127.3239375,42.936625,-164.1015625,-94.414375,-33.8230625,-137.942625,72.174125,32.0210625,-43.260625,-31.839375,-86.61525,-74.5399375,-213.5066875,98.113,18.9303125,153.5946875,122.3214375,-155.4263125,32.8603125,161.82725,-276.8415625,-67.992625,18.5951875,361.3904375,-271.835,-48.676875,159.820625,-33.23475,470.011625,-26.2739375,99.9915,-183.2523125,-86.9116875,215.329875,33.4265625,-163.7265,292.9488125,-66.5304375,-40.3773125,14.0373125,-113.554125,121.9650625,-59.206625,-48.7476875,75.730875,132.942125,112.8423125,-236.609375,-195.5694375,-168.545875,-76.7230625,-86.2508125,5.311375,-102.22975,-114.570375,-98.724,49.7240625,-88.7726875,153.8510625,191.5221875,-237.1616875,-6.7095,28.073125,55.891875,121.381375,99.8784375,-204.5625,79.8006875,-175.0899375,70.371125,113.171,-36.0731875,-154.7671875,278.3616875,82.823875,198.199625,40.51125,16.7514375
3.1035710929457823,-55.9866875,305.5693125,-176.1775,-387.09625,-242.76125,-160.1885,-122.522375,-304.7059375,-191.598625,-157.00475,-491.370125,-87.1794375,-325.2940625,-171.2734375,-17.0289375,-364.793875,-383.3730625,-104.3243125,-230.205625,13.7990625,-189.573,-156.276875,-247.47075,-195.0065,238.8729375,-16.0939375,-301.388375,-12.6945,-266.80125,336.1775625,-170.689,-208.1159375,-110.8064375,-92.0138125,-65.211375,-347.748875,104.2850625,109.524875,-130.90625,-166.7504375,-399.4491875,128.8895,-462.4876875,199.892875,95.5860625,118.6994375,-164.5169375,65.29525,-108.9270625,315.7594375,388.4591875,-383.55675,154.5860625,75.3703125,-177.868625,-73.667125,-18.697,-114.487875,99.15625,22.389125,-33.5318125,-18.4325625,-21.328125,-37.3699375,-251.595625,51.8113125,32.2464375,126.3633125,89.467125,-126.720125,63.4778125,162.038125,-186.8036875,-45.4044375,5.5315,324.470625,-302.152625,-63.902375,148.5081875,-12.075125,384.127625,13.0981875,32.8044375,-205.2616875,-126.19825,238.726,24.8510625,-114.49875,351.9661875,-41.00375,-55.018375,45.278875,-96.6288125,114.264125,-52.1985,-12.579125,37.612375,147.835875,65.2541875,-204.5650625,-154.333375,-111.888625,-71.0089375,-98.267375,-19.9495,-46.9544375,-200.2548125,-141.611125,34.9694375,-83.3713125,136.0675,171.67325,-285.5744375,23.423125,-27.5743125,54.27075,136.232125,66.586875,-215.62525,119.0308125,-178.128,40.369625,106.1965,26.308625,-170.21175,231.9830625,82.0776875,154.5650625,49.022375,-1.433125
3.1076436156678655,-65.1899375,281.5226875,-160.4876875,-359.03525,-202.3220625,-164.4495,-75.4575625,-301.1566875,-222.3494375,-172.11525,-462.48725,-122.7211875,-352.6184375,-183.995375,-11.157625,-370.425,-379.998375,-99.7715625,-189.7664375,9.221125,-196.339,-137.5626875,-290.0523125,-204.100875,190.6795625,-22.835125,-320.616375,-11.623,-253.8716875,367.120625,-165.532875,-254.447625,-161.88925,-73.4326875,-65.3545,-308.3228125,153.974875,147.408375,-127.237625,-190.688125,-387.7681875,104.6980625,-462.7283125,212.5200625,116.405375,123.5354375,-169.28475,45.038125,-158.922625,295.6219375,343.5364375,-326.89375,174.5625625,86.6595625,-189.25725,-37.6853125,-15.456,-99.61975,135.672,-1.1099375,-27.013375,14.2753125,19.2105,4.8355,-283.64575,-10.02875,21.0923125,71.5874375,67.5693125,-90.355625,95.796375,176.1578125,-93.1665625,-37.459625,-16.7439375,265.0823125,-312.783375,-93.26875,155.442375,30.5733125,292.479875,22.6389375,-38.4873125,-233.718,-171.189125,259.04775,15.6195,-67.428875,386.6385,1.8425625,-69.805,85.2294375,-80.8313125,99.2541875,-54.579375,11.7679375,-4.4145625,136.3634375,28.648875,-157.9016875,-103.4145,-68.1018125,-69.8293125,-124.5489375,-22.5223125,18.45825,-267.933375,-147.944,29.40825,-70.2056875,122.5489375,154.9674375,-313.588375,34.584625,-57.743875,61.2630625,134.434625,15.3719375,-238.71725,141.507375,-163.0574375,18.0948125,100.171125,83.930625,-171.3735,169.389625,74.6664375,99.2416875,41.1949375,-8.942375
3.1117161383899345,-67.7496875,227.2746875,-152.2354375,-316.740125,-180.284375,-178.4979375,-44.19425,-291.7793125,-256.0966875,-189.2798125,-428.3919375,-173.65175,-390.0895,-204.69975,-17.468125,-387.119,-363.8603125,-91.9414375,-156.0688125,18.4225625,-219.9565625,-104.946375,-321.68075,-210.7519375,149.8288125,-59.9703125,-335.110625,-35.9869375,-231.6050625,386.7604375,-144.7596875,-272.2195625,-206.186375,-65.3300625,-82.9120625,-265.9619375,187.654,166.321375,-120.5721875,-189.2728125,-357.0684375,63.647,-443.5783125,222.872125,132.964625,136.239125,-193.0490625,32.18425,-203.93225,268.8995,296.194375,-267.44625,191.4315,88.04575,-193.769125,-4.686125,-9.25525,-98.9806875,166.561,-40.3923125,-20.536375,52.69225,43.93775,31.6641875,-310.391125,-71.3095,-5.2901875,-5.87975,59.77675,-42.863625,114.408375,200.655875,-20.17375,-40.476875,-44.7829375,204.741,-300.9500625,-134.0846875,172.7920625,80.8589375,209.6251875,3.6699375,-96.0355,-269.2236875,-222.676625,268.72325,4.1383125,-34.09375,397.549375,43.8753125,-82.5721875,134.557,-69.83675,79.551,-59.0251875,30.56175,-43.7200625,110.38275,-4.01775,-119.7483125,-53.2346875,-37.984125,-71.4363125,-150.9855625,-13.0546875,92.9016875,-316.4330625,-135.385625,37.6729375,-56.3519375,95.429625,152.5040625,-320.607,32.0836875,-57.7725,69.6988125,110.7139375,-39.2338125,-275.845,148.94325,-135.1538125,10.3743125,101.4710625,122.1685,-143.728625,101.471875,61.449125,39.4410625,26.0041875,-13.14475
3.115788661112018,-71.8360625,157.710125,-144.90675,-275.0483125,-186.6516875,-196.2289375,-33.866875,-280.132125,-293.5401875,-197.6458125,-392.121,-213.0270625,-432.713,-237.2534375,-32.349125,-409.995625,-330.609875,-68.3384375,-124.49225,42.913625,-252.65875,-80.94275,-329.441875,-214.039375,122.275625,-118.286625,-345.6468125,-82.8643125,-206.469375,388.94175,-117.5335625,-254.6111875,-223.576,-65.390375,-112.49875,-230.957625,199.2208125,174.9908125,-113.7366875,-168.876,-319.300875,16.8626875,-404.9876875,225.8096875,143.0364375,150.884375,-235.445625,28.6848125,-238.4525,242.445,251.339125,-221.8508125,212.6349375,86.7109375,-199.99575,10.105375,4.398625,-106.68875,178.349875,-87.434125,-11.8620625,86.38475,63.802875,28.4086875,-331.3665,-114.105875,-34.293375,-95.4830625,62.1524375,7.66575,107.6194375,227.4170625,24.767375,-40.08475,-71.8995,161.4514375,-278.274,-177.980625,182.28125,129.1186875,141.54125,-34.6805,-127.1076875,-308.7585625,-277.5875,265.9323125,-18.1813125,-19.6166875,388.7584375,74.64175,-86.67825,175.136125,-65.101625,55.82,-74.793375,53.37125,-68.3991875,81.6924375,-30.1708125,-102.6835625,-18.061875,-18.6214375,-73.3979375,-168.5476875,-0.45275,169.71025,-353.7755,-124.2053125,54.7285625,-37.806375,43.1855,170.65475,-306.1841875,15.868125,-31.2446875,68.973375,71.7676875,-73.615875,-326.11725,149.996875,-101.5343125,15.65725,112.3515625,137.2178125,-78.9006875,44.24375,44.686375,-18.303375,6.30425,-15.192375
3.119861183834087,-85.674125,88.0396875,-135.4595,-238.930125,-214.4356875,-207.6563125,-41.8059375,-268.07675,-333.0951875,-183.752875,-352.8308125,-221.09,-466.32075,-281.4381875,-44.1828125,-431.5985625,-291.6434375,-35.4571875,-87.404625,75.517625,-279.735,-77.7536875,-310.540125,-211.516625,103.67,-176.4436875,-354.002875,-138.968875,-176.986125,372.257,-94.092375,-204.835875,-207.995875,-67.30975,-142.6945625,-212.883125,192.99825,187.140375,-105.0923125,-137.2649375,-284.8469375,-24.768125,-353.5436875,221.33825,144.6356875,162.1310625,-297.5744375,29.7520625,-263.5811875,207.791875,211.9193125,-197.06475,241.3784375,84.6848125,-213.081375,4.2684375,14.5714375,-110.0154375,165.1145,-132.642,-2.9460625,112.960125,77.883,-0.557625,-347.3585625,-124.4158125,-57.8065,-182.780375,62.965,48.34525,74.60675,250.1393125,49.08075,-26.0034375,-90.3185625,140.3786875,-267.32025,-210.76575,168.55325,174.7705625,97.123625,-82.549,-131.9095,-344.4294375,-329.87675,253.90225,-59.4709375,-23.6223125,368.1889375,89.1446875,-76.343625,182.998875,-69.2280625,18.8005,-107.641125,79.2476875,-74.3226875,55.87975,-34.77725,-101.5109375,-5.0430625,-7.4735625,-76.8928125,-169.6649375,18.5978125,237.4845,-392.0916875,-127.3503125,72.2510625,-8.15575,-31.25625,204.3695,-269.531375,-14.5561875,10.947875,50.270375,30.723875,-68.639375,-382.0485,154.8503125,-76.826125,29.29225,128.4393125,133.204125,19.6275,10.704625,23.4765,-67.7058125,-26.1919375,-9.7711875
3.12393370655617,-108.3173125,23.760875,-122.689875,-204.532,-242.5725,-208.2829375,-59.3398125,-246.01425,-368.68225,-143.0845,-309.127125,-199.7934375,-478.5066875,-332.422625,-40.8576875,-449.3325625,-266.153,-11.8156875,-43.2366875,104.8526875,-293.17375,-95.8895625,-276.5675625,-197.2105,80.1888125,-210.1571875,-356.6094375,-184.037,-141.1433125,337.3550625,-80.782625,-137.00825,-172.7938125,-59.6299375,-156.3208125,-207.5300625,170.65375,211.86925,-93.5710625,-101.0963125,-255.286125,-58.734625,-305.16325,207.1269375,134.5043125,174.0284375,-374.8614375,30.8325625,-280.05725,152.43475,186.0420625,-188.4813125,270.7600625,81.5155,-226.3695,-13.80675,13.0525625,-97.27075,127.6184375,-168.0508125,5.26925,132.6901875,83.643875,-36.380375,-359.70025,-97.213,-74.852375,-257.40225,49.64625,71.9315,25.576625,265.26625,65.1054375,-1.4345625,-98.45125,139.445625,-284.292125,-214.9803125,127.62725,214.1279375,89.2061875,-129.19,-122.69125,-369.203125,-373.401875,237.731875,-113.3398125,-38.5334375,341.2996875,84.4903125,-49.1478125,149.352375,-85.746375,-36.0260625,-146.924,97.3995625,-71.2754375,32.4034375,-9.2119375,-102.072625,-7.1518125,-4.0116875,-86.3318125,-149.855125,49.9219375,284.3955625,-437.719375,-152.7995,86.523375,30.7765,-113.75825,239.6681875,-210.8951875,-52.84125,53.1234375,11.1215625,-3.934875,-22.944125,-431.2235,166.6605,-76.2501875,53.603875,145.3993125,121.577,134.2021875,0.82225,-5.4669375,-102.6953125,-75.2398125,1.409
3.1280062292782533,-131.41275,-36.6270625,-103.2791875,-168.610125,-253.2710625,-203.1764375,-77.0193125,-199.1534375,-393.8124375,-83.173875,-263.1735,-162.306875,-466.441375,-378.4651875,-17.706875,-461.0343125,-263.704,-9.7106875,0.182375,122.52275,-298.9890625,-124.446125,-245.08175,-168.3060625,42.9494375,-209.285375,-345.44525,-201.6045625,-105.276125,288.150625,-78.4965625,-66.4034375,-136.7104375,-35.66225,-141.741,-196.3160625,125.9260625,248.7475625,-77.273375,-65.9814375,-226.3565625,-91.55125,-275.127625,176.9431875,113.8460625,190.624125,-455.4928125,33.0623125,-288.828625,80.4305,179.967,-186.46475,288.645125,76.388,-230.6828125,-34.3193125,8.841125,-64.9044375,74.257125,-191.4575,17.2376875,141.861,86.782625,-58.4489375,-367.82525,-39.3806875,-89.0075625,-315.1020625,23.315875,81.17575,-26.0023125,268.1786875,82.9014375,23.2035,-100.650875,151.291,-328.2800625,-180.789125,67.6728125,238.574125,120.1635,-165.6411875,-111.757125,-381.7289375,-403.156375,222.274,-161.80875,-54.47025,307.46325,62.646625,-7.707,82.9801875,-112.28475,-95.0613125,-179.41575,98.6594375,-71.3163125,8.313875,32.4825625,-94.422,-9.5574375,-6.048875,-101.4455625,-115.6395625,88.216625,305.9485625,-483.4985,-195.263125,100.0364375,67.271875,-187.2036875,263.9160625,-134.9565625,-87.52775,79.45475,-43.8951875,-30.6200625,43.6805625,-461.7751875,181.1701875,-100.4,93.565875,164.697125,117.0880625,235.26875,6.569625,-44.8718125,-122.54225,-130.93975,9.216
3.1320787520003224,-147.429,-90.1111875,-76.7609375,-134.204375,-242.3924375,-200.009,-93.4888125,-122.9963125,-403.5993125,-18.654625,-216.7805,-122.7245,-435.315875,-403.393,22.5233125,-459.8045625,-278.9615625,-29.7835,31.3335,125.58225,-304.725375,-143.3793125,-228.6305625,-133.5434375,-3.80925,-180.8460625,-314.934125,-194.0300625,-81.1456875,230.62175,-82.2015625,-1.824125,-108.8876875,-2.92075,-103.916625,-165.742625,54.9871875,288.505875,-53.238,-36.2759375,-193.4589375,-129.8134375,-268.9505,127.106875,89.7750625,208.68875,-524.4820625,37.8860625,-292.601125,7.29325,185.2179375,-186.0880625,288.7575,69.8065625,-224.6246875,-49.7814375,12.4233125,-19.605875,18.44425,-209.1023125,36.2490625,139.9050625,93.61025,-52.40275,-369.7074375,35.131625,-100.5761875,-351.3840625,0.4405,83.496,-76.2401875,252.4140625,105.0008125,39.928375,-101.574,163.49875,-384.6945625,-115.9838125,0.414375,243.739,172.6565625,-190.6816875,-101.271125,-380.668625,-413.7415625,211.6928125,-191.8069375,-71.2513125,268.1896875,32.3515,38.2641875,-1.7640625,-138.8135625,-137.2969375,-200.49525,82.2596875,-77.7483125,-13.3355625,63.3525,-76.073625,0.066125,-6.4986875,-114.551625,-80.2466875,121.1068125,307.3366875,-514.5765,-234.9504375,116.717125,89.768125,-239.7565625,278.32325,-53.8306875,-111.776875,78.38975,-105.491,-46.6619375,104.864,-467.4719375,197.61025,-134.7450625,146.778125,187.466125,130.495125,297.0931875,21.2149375,-90.703,-134.244125,-178.62575,9.9648125
3.1361512747224056,-154.583125,-123.8453125,-49.91825,-112.2190625,-218.37025,-202.786375,-111.551,-30.0613125,-394.557125,35.8306875,-167.70075,-92.805,-391.2555,-399.65175,74.884,-436.50875,-300.54925,-67.9085,42.9435625,114.4723125,-308.319375,-137.1083125,-231.112,-110.1393125,-51.1150625,-136.6448125,-271.0576875,-181.9165,-73.282125,169.0345625,-84.9696875,51.7068125,-91.410625,23.836875,-59.6165625,-121.9033125,-34.7588125,319.9341875,-25.5475,-15.3774375,-156.445,-170.993875,-279.837875,63.778625,74.356125,224.5005625,-569.095875,42.4643125,-293.8959375,-54.508125,182.16825,-189.228,276.8070625,62.4041875,-213.7461875,-56.8448125,18.2323125,24.2913125,-32.1739375,-228.0671875,55.95325,135.7289375,104.8171875,-13.254,-362.3008125,114.59025,-105.894875,-363.8069375,-3.3608125,84.723125,-131.3265,216.6364375,126.000375,47.0076875,-105.3344375,165.4915,-437.69575,-40.7089375,-69.9845625,235.1474375,220.09975,-206.5934375,-86.29525,-363.1165,-400.8446875,207.9936875,-199.47775,-102.153125,230.9425,4.0035625,75.0225,-89.6153125,-156.784,-147.883625,-209.315125,53.939375,-87.2773125,-22.9854375,65.84175,-47.3783125,25.70725,1.457875,-116.491375,-51.1828125,140.0393125,298.5216875,-522.8005625,-256.7601875,140.0045,93.5040625,-266.3816875,296.007125,19.7510625,-125.6633125,49.3514375,-163.783625,-42.9553125,145.08775,-448.4644375,223.0894375,-166.3710625,205.6436875,209.270125,165.531625,315.993625,36.3106875,-127.10775,-144.8160625,-209.118125,6.774375
3.1402237974444747,-153.6710625,-130.968125,-28.9739375,-111.823,-192.96625,-211.1775,-129.5756875,54.7775625,-368.2800625,71.39075,-116.704625,-79.21625,-335.836875,-376.126625,134.7963125,-385.311125,-320.117875,-117.0024375,42.17025,90.827,-303.2065,-105.3748125,-249.0971875,-110.519625,-95.76325,-86.1408125,-232.8736875,-182.471625,-75.726625,103.7759375,-81.1229375,92.563875,-86.21825,32.39975,-28.8290625,-80.9755625,-126.2350625,339.396,-9.8095,-3.7885625,-120.518125,-205.952625,-294.3165625,-0.7898125,79.4943125,236.5195625,-581.5493125,45.0399375,-294.682625,-99.9635625,156.6598125,-198.74075,264.3195,54.8508125,-199.1425,-60.8249375,13.822375,51.7271875,-78.6331875,-249.4084375,62.8568125,142.0488125,120.87975,53.92375,-344.6469375,190.84525,-106.3423125,-352.5715,11.0163125,87.6145625,-195.061625,168.016,137.127125,50.552125,-120.796,153.449625,-477.42575,25.66625,-142.4730625,222.5465,243.3675,-211.1123125,-63.29575,-329.590375,-368.7779375,206.7559375,-183.9215625,-157.9214375,202.3689375,-17.004875,93.5996875,-165.211625,-163.621875,-124.8873125,-204.818125,23.8843125,-98.573875,-12.9099375,41.949875,-12.6020625,62.93075,17.7906875,-101.1815625,-24.3695,141.3998125,289.516,-511.50175,-262.8524375,171.2796875,79.11625,-264.302375,324.4179375,80.8488125,-130.5919375,-0.8000625,-212.6933125,-10.666125,162.865875,-409.53375,265.07525,-191.6568125,262.0010625,223.9279375,219.032125,308.908,39.583875,-138.3008125,-153.160125,-221.0610625,1.6795
3.144296320166558,-146.1549375,-122.6836875,-13.0708125,-129.5225,-170.639625,-221.7884375,-141.75,109.703125,-332.3364375,90.111375,-70.06775,-86.142125,-269.17025,-348.5126875,192.0518125,-306.1779375,-332.640375,-163.7706875,50.0668125,59.4269375,-285.6066875,-58.2335,-274.3673125,-134.90875,-140.3065625,-37.3073125,-218.7225,-191.120125,-78.75875,34.85125,-65.4250625,125.962625,-94.4288125,19.361625,-28.6166875,-53.3945,-202.2424375,345.78825,-20.8035625,2.857,-89.1015625,-226.3526875,-303.4203125,-58.065,105.26875,242.18975,-561.5009375,49.6378125,-293.3474375,-131.6435,111.196,-214.0785625,256.7800625,51.3095625,-170.5816875,-70.3858125,-5.707875,53.1960625,-124.2115625,-269.889125,47.34225,167.92625,145.956125,136.5216875,-317.441625,255.57725,-112.650625,-314.3074375,28.8151875,94.389625,-259.77275,114.829875,135.2434375,61.65725,-159.235625,128.188,-495.271125,71.798,-208.6631875,210.304625,236.7091875,-199.989375,-32.8108125,-282.19975,-330.891625,198.9985625,-148.2855,-227.10025,184.6674375,-27.4403125,95.59775,-217.830125,-160.0126875,-81.0824375,-189.2605,7.04625,-113.675,16.533625,5.90575,16.8650625,105.9756875,36.3408125,-68.08125,9.4493125,129.0195,286.5965,-488.647125,-259.516,208.9675625,50.4591875,-232.8785625,354.885,130.3981875,-128.537125,-64.5524375,-248.63875,43.7023125,164.445125,-358.684125,319.551875,-209.2451875,304.0591875,229.589,282.6549375,296.2470625,27.82875,-123.1320625,-150.8818125,-216.533375,-4.8494375
3.148368842888627,-136.685,-111.7526875,1.6304375,-156.026875,-149.5043125,-232.3826875,-142.0013125,130.052125,-293.4943125,105.82125,-31.123,-116.1006875,-194.926625,-326.6476875,233.6908125,-203.5883125,-336.350625,-194.449625,84.243125,29.082375,-257.260625,-5.1950625,-294.8350625,-173.9423125,-187.1371875,0.85625,-230.6328125,-189.3955,-77.214375,-33.0071875,-34.56175,157.7571875,-114.751,-9.9341875,-61.245,-40.586375,-253.5276875,332.5809375,-55.0406875,10.5949375,-61.140625,-228.925625,-307.6114375,-105.7714375,137.90025,238.2489375,-518.8066875,61.62925,-286.7794375,-152.4565625,60.416,-230.32125,250.8765625,55.2118125,-119.197,-85.3495625,-36.6766875,29.390875,-166.956625,-285.4526875,5.7223125,213.0485625,181.15875,219.4443125,-281.4268125,297.7308125,-136.568375,-251.350125,32.324875,106.9885,-311.6554375,63.427625,130.593875,86.5328125,-221.7426875,93.4736875,-480.3684375,96.28225,-253.0855625,198.847125,203.8138125,-175.67375,0.6579375,-221.032,-300.2453125,180.446125,-101.195125,-280.182,176.304375,-22.2534375,90.8773125,-242.171125,-148.1966875,-34.6405625,-169.42625,16.94525,-133.0343125,57.8299375,-29.79425,29.2960625,154.2080625,53.7264375,-26.0415,51.6324375,117.34475,289.830625,-459.95725,-242.01925,251.5121875,8.7034375,-176.8491875,367.8096875,166.7375625,-121.3991875,-131.398,-267.75375,98.5695625,156.9079375,-306.8456875,368.0385625,-217.6603125,321.4545625,229.2404375,344.275125,291.1766875,17.350625,-89.21925,-134.381875,-197.1565625,-12.571375
3.15244136561071,-133.889,-97.876375,14.96725,-185.0990625,-128.143875,-244.4734375,-127.6079375,122.599125,-252.399375,129.6408125,2.80625,-162.757875,-119.88425,-310.3339375,255.651125,-88.26225,-331.064375,-202.063,139.90775,4.1525,-223.42725,49.0516875,-298.204125,-211.584125,-238.2530625,19.3611875,-255.214625,-167.439875,-72.6165625,-90.8265,6.7608125,187.808125,-146.219375,-46.503,-109.1336875,-40.8545625,-280.7305625,291.526,-94.472625,22.3078125,-36.139625,-216.1410625,-310.2123125,-144.032375,162.093875,221.268875,-471.789875,80.4923125,-275.1969375,-158.5035,19.2430625,-241.5854375,239.2070625,60.605125,-50.7261875,-94.0548125,-69.2929375,-8.8118125,-198.5344375,-291.9503125,-62.0149375,266.059375,215.992125,289.571875,-240.327625,308.2649375,-174.8614375,-180.1865,9.192,124.629375,-343.849,23.36575,137.3575625,121.0585625,-294.9665625,58.981375,-427.9075625,107.3199375,-263.2095,190.564875,155.516625,-151.33,30.0739375,-147.0646875,-284.9381875,156.8365625,-51.7915,-293.7535,172.174375,1.334,92.38025,-242.1801875,-131.6070625,4.997875,-149.4021875,55.05975,-156.117125,102.108125,-57.804375,24.81325,209.6375625,77.3335,10.067,89.8811875,121.0019375,291.6906875,-428.2301875,-205.7259375,296.023375,-46.121125,-105.720875,347.44275,185.248625,-103.9979375,-187.953875,-265.281125,137.165,146.1369375,-264.681375,389.499,-216.1230625,318.012875,226.6921875,393.872375,298.9641875,28.124875,-43.247625,-115.3961875,-163.9574375,-22.7995
3.1565138883327934,-144.5009375,-75.125875,23.4859375,-212.060875,-107.22525,-259.3814375,-104.225125,92.5989375,-207.3039375,158.70225,31.2035,-210.1266875,-52.3048125,-290.7139375,259.1170625,18.4253125,-315.3179375,-187.3509375,190.2995,-21.4845,-185.2368125,101.789125,-277.7635625,-231.9344375,-294.1870625,17.939,-275.509,-131.0144375,-67.127875,-130.422125,43.0986875,210.8949375,-189.5736875,-82.24675,-147.550375,-51.9905,-294.535125,218.184125,-126.387125,38.8666875,-17.2833125,-192.8476875,-311.2385625,-172.852625,172.8838125,189.3594375,-436.8515,96.461875,-260.368875,-143.773,-2.32275,-244.7751875,214.3269375,55.696875,19.8055,-82.01875,-89.8695625,-48.21125,-209.924,-285.7915,-150.82775,312.776875,231.4229375,338.0455625,-197.2133125,289.81925,-207.64975,-118.960375,-41.3189375,146.1919375,-360.967,3.3873125,158.56175,155.6100625,-358.847125,40.1643125,-348.46075,116.3886875,-233.116,189.099875,107.1694375,-145.0004375,49.10525,-65.7904375,-284.1356875,135.6905,-8.126,-268.2590625,169.2575,39.4345,108.6956875,-232.2390625,-112.356,39.807,-123.7931875,109.9425625,-184.5946875,144.4216875,-73.6084375,15.1535,270.9740625,116.6014375,35.892375,109.2739375,138.773,280.1490625,-393.5288125,-159.814875,332.9085625,-107.48225,-32.7445625,290.8196875,184.1614375,-66.76075,-219.8860625,-238.9533125,159.094375,136.84625,-234.933,373.6455,-203.0433125,310.86175,224.3359375,427.3893125,313.4458125,61.7125625,8.5043125,-111.2335625,-122.354375,-34.36
3.1605864110548625,-163.7075625,-42.734375,24.3684375,-230.1615625,-87.6380625,-274.9370625,-85.692375,44.0838125,-161.952,186.2036875,43.4730625,-240.669625,0.552375,-259.9275625,244.8219375,90.8420625,-292.151,-159.118875,209.2231875,-55.1305,-140.81125,151.9790625,-235.2928125,-230.76975,-350.821625,5.1906875,-281.8555625,-91.6765,-61.274125,-148.2265,58.889625,220.189375,-242.7753125,-115.2756875,-160.0013125,-70.5421875,-308.751375,121.60675,-152.099125,62.7261875,-9.0978125,-165.1838125,-309.445,-190.934,177.378,146.8358125,-421.85775,95.340875,-245.6331875,-105.573125,-3.52075,-239.742625,174.7318125,34.958,82.0018125,-44.5650625,-88.8085,-84.755875,-199.106375,-266.1341875,-248.7706875,344.377,217.4670625,359.3743125,-151.7980625,254.95475,-215.928,-78.206375,-108.3015625,170.1816875,-375.04,6.6983125,186.752875,185.9428125,-396.799125,44.9465625,-263.5099375,128.811375,-164.401875,197.7599375,72.284125,-169.685125,55.004,11.9328125,-287.711125,114.964,24.700625,-223.7396875,171.877125,87.2319375,136.827,-223.3103125,-90.364625,72.5258125,-83.584625,162.752625,-217.1221875,184.28525,-78.106,14.18275,332.5779375,168.01475,69.034125,108.755625,159.1165,247.383625,-355.240875,-118.4925625,349.2543125,-164.435,29.43625,206.1328125,165.4625625,-13.329625,-218.9284375,-195.6285625,174.1471875,129.15625,-208.7425,325.022625,-176.9940625,316.8155,221.806875,443.1655,316.706625,104.48275,60.8270625,-124.6928125,-84.0164375,-38.457125
3.1646589337769457,-178.35075,-7.5348125,13.0085625,-232.4343125,-69.55225,-286.7453125,-84.0093125,-12.38625,-124.5965,209.3939375,31.1085,-240.204625,34.843625,-223.3855,221.060625,119.6543125,-270.9014375,-129.1394375,189.506125,-95.3675625,-91.8094375,200.0523125,-179.3565,-220.21875,-399.02675,-7.4599375,-274.6131875,-61.1486875,-57.510125,-146.6778125,47.0961875,212.4766875,-296.195875,-148.7833125,-142.3419375,-95.1606875,-326.328625,31.0891875,-179.753,93.5164375,-9.1398125,-140.9121875,-303.3383125,-191.13825,184.930875,103.4150625,-425.18575,66.7070625,-235.8385625,-44.4324375,6.6101875,-230.623625,128.130375,4.4466875,134.3219375,11.4650625,-67.826875,-126.36925,-173.761625,-232.9286875,-338.8250625,357.0561875,182.1424375,347.5601875,-107.0390625,211.5420625,-195.558125,-65.2206875,-177.44025,194.9119375,-399.121375,31.79125,211.397875,217.2964375,-404.364875,66.465125,-191.7475625,144.3618125,-75.0245625,218.5686875,56.9200625,-227.644875,50.470625,70.418875,-284.423,84.267125,46.7846875,-182.5386875,183.61125,144.007125,165.960875,-213.6488125,-65.819875,97.8683125,-26.730125,194.6519375,-243.0318125,215.9526875,-76.7176875,30.756875,384.8713125,218.9753125,134.885375,98.5678125,178.8856875,197.225,-313.8303125,-89.23025,340.4588125,-211.1554375,72.81525,110.651,132.22725,37.5949375,-195.000125,-150.2096875,189.4618125,117.5085,-175.0215625,257.797375,-136.7164375,340.467,216.3903125,440.51175,293.99625,146.286375,113.8890625,-142.516125,-56.2616875,-23.418875
3.1687314564990148,-180.8620625,20.9341875,-16.8625625,-219.3911875,-56.433375,-290.9953125,-98.6545,-62.87275,-101.845875,224.9011875,2.39925,-204.17225,52.263875,-196.114,201.5018125,117.3175625,-259.098125,-103.83025,142.1248125,-131.534125,-41.316,245.111625,-122.1020625,-220.3816875,-427.2473125,-8.50625,-257.67975,-50.1134375,-61.6405,-133.2476875,11.41925,193.10225,-336.4108125,-184.234625,-98.9796875,-129.157,-338.441125,-18.9995625,-214.977,121.5228125,-4.48175,-126.126875,-290.9025,-166.737875,197.22,69.3411875,-435.545625,7.0085,-233.59875,29.19675,21.6831875,-222.980375,87.2421875,-22.1524375,176.594125,77.3975625,-37.41275,-178.480375,-143.2664375,-186.1634375,-407.4954375,350.382875,139.80775,300.36775,-73.1929375,159.69525,-155.9583125,-86.4295,-236.623375,223.8091875,-440.2675,67.369,222.3308125,255.747,-391.1050625,92.9663125,-142.3006875,165.077125,6.1958125,249.3553125,60.48575,-307.0660625,41.6051875,95.37925,-268.30225,36.482125,57.762625,-157.44725,196.24425,204.391125,190.2495625,-198.6160625,-40.941,104.7365,39.618,198.1228125,-249.192875,224.541625,-75.85875,63.823125,412.6953125,260.7263125,239.8065625,88.095,200.9860625,144.0309375,-268.0008125,-72.5825,313.4079375,-250.5019375,96.342375,26.98525,86.738875,70.6514375,-168.2383125,-118.8890625,203.567625,96.1458125,-130.648875,185.7966875,-80.0393125,372.6181875,204.1141875,419.7714375,247.3196875,186.9845,172.2531875,-148.8518125,-36.7229375,13.7865625
3.172803979221098,-173.4008125,39.3554375,-61.6016875,-198.16625,-57.6665625,-285.8880625,-115.9274375,-102.495875,-94.21775,227.7071875,-24.4926875,-142.8661875,61.489125,-184.175875,189.4235,100.310625,-257.88525,-84.8983125,82.9426875,-152.5771875,11.685875,284.187,-74.89775,-242.865375,-428.899,5.29975,-234.350875,-60.7054375,-76.9674375,-111.86325,-31.0049375,173.4729375,-354.4223125,-221.0788125,-42.0180625,-170.1275625,-335.7765,-15.7139375,-253.8986875,133.298875,14.734375,-117.703125,-272.835,-128.349,208.661625,48.72575,-439.066625,-76.7105,-238.463375,92.49475,41.216625,-216.3116875,62.4960625,-30.3870625,210.5595,145.4605,-13.4093125,-233.3725625,-114.810375,-129.5138125,-447.5013125,328.2111875,97.9771875,229.041875,-61.477375,102.879375,-110.3500625,-139.911125,-278.8413125,263.961625,-495.865,93.042125,214.596625,299.173125,-372.73825,118.19675,-114.640125,192.4891875,59.301,279.9328125,79.644875,-384.5464375,33.7759375,84.391125,-241.087,-20.211875,52.98875,-149.9841875,191.604,257.2085625,214.3689375,-179.6765,-16.966375,84.97825,106.019625,178.443125,-231.7079375,198.27825,-80.6750625,106.216375,399.238375,288.614625,361.7975625,85.934,222.229,102.412125,-217.200125,-63.5659375,278.4868125,-286.6093125,106.5040625,-26.7495,33.9965,81.093375,-147.89825,-111.7940625,209.8143125,64.561375,-79.9056875,117.8909375,-9.1711875,397.4116875,180.8755,380.691,191.0291875,225.4789375,236.684625,-134.6169375,-20.2545,63.229625
3.176876501943167,-162.005125,49.409,-100.779875,-176.3490625,-81.6330625,-273.713,-121.1716875,-135.8966875,-91.6724375,214.6666875,-38.399875,-70.4043125,69.2550625,-178.7938125,175.99275,80.53675,-265.1274375,-72.4561875,21.45,-158.2096875,69.92175,310.2048125,-45.753125,-280.7384375,-404.1524375,23.2520625,-209.82675,-82.206375,-97.3995625,-75.641625,-56.96525,162.4200625,-347.0,-253.2813125,10.61275,-203.7803125,-316.0759375,22.1699375,-282.0535,124.389625,44.2710625,-98.36675,-255.448375,-100.869625,212.565125,34.4780625,-430.62525,-165.8698125,-249.0068125,124.4130625,61.0339375,-206.286125,58.3181875,-15.021875,246.5855625,206.918125,-13.8528125,-277.0546875,-96.9668125,-71.899375,-452.6014375,298.406875,57.89325,156.947875,-74.50925,48.96575,-70.5494375,-207.5768125,-304.6355625,313.8910625,-556.61675,93.721375,190.193,340.451,-359.420375,141.386125,-99.7680625,220.9474375,82.503875,290.8678125,106.111375,-438.2414375,31.3928125,47.4845625,-211.61975,-67.333625,28.19425,-155.293625,157.236875,296.7781875,244.05475,-164.26125,11.8944375,38.048875,169.7649375,144.253625,-195.297625,140.7206875,-89.4218125,152.7255625,336.86475,296.991375,467.887625,101.705875,237.3938125,75.6451875,-162.56425,-53.6463125,242.9511875,-317.16175,111.5314375,-45.4501875,-17.0206875,69.6218125,-130.7353125,-127.661625,201.1325,30.702875,-30.7631875,60.8255,62.2505625,403.672375,146.40825,323.9965625,140.6805625,252.8619375,295.233875,-104.492625,-1.7098125,110.1411875
3.1809490246652503,-152.7185625,48.7715,-114.6051875,-156.468125,-127.4040625,-261.3140625,-110.8979375,-166.3020625,-77.663875,188.599,-40.4274375,4.588,68.398125,-165.52575,152.9343125,67.799625,-273.5949375,-60.7384375,-34.0845625,-158.8450625,132.0571875,315.044375,-40.247,-315.488,-355.1605,31.19025,-187.0359375,-98.4585,-112.2548125,-18.8783125,-53.2765625,161.5441875,-316.190625,-264.7101875,43.9934375,-216.82675,-288.46475,60.4315,-284.0301875,101.3956875,72.3040625,-47.6228125,-249.1696875,-102.30275,205.99125,15.3060625,-415.128125,-240.9223125,-264.6995625,120.9376875,73.843375,-191.5309375,71.9694375,14.407875,294.06575,256.3959375,-47.7071875,-297.761375,-94.935375,-27.272125,-419.469375,266.37025,23.192875,103.5215625,-104.878,0.89175,-45.752875,-261.9291875,-315.387,357.6736875,-611.2016875,69.5549375,155.669,374.150875,-351.920125,161.443375,-86.3390625,242.5909375,86.8016875,264.8485,129.199875,-459.5891875,39.11325,-0.2259375,-188.846,-95.209875,-15.2958125,-169.0815,99.2505625,325.515625,274.9635625,-157.70525,54.6179375,-34.4309375,233.082375,99.697,-145.845375,70.8445625,-93.681,196.955,234.860625,280.848375,538.551375,136.0123125,247.0603125,56.7729375,-102.990625,-37.0769375,207.4000625,-336.9135,116.174625,-35.8846875,-59.4696875,41.2633125,-111.8325,-154.9329375,176.931625,7.008,9.7950625,19.7405625,117.7506875,390.619,107.4506875,256.834375,107.1050625,259.5500625,327.6916875,-73.802625,22.1829375,145.7318125
3.1850215473873336,-149.253125,36.2625625,-104.006,-136.795875,-185.36375,-256.0769375,-91.006,-190.5843125,-43.951125,158.4484375,-37.442,71.122625,44.0176875,-132.9286875,121.1245625,65.234125,-271.6780625,-40.8740625,-70.9599375,-166.0691875,191.7758125,299.5230625,-57.0085,-335.0115625,-288.636,23.730375,-160.5079375,-96.7328125,-117.1026875,51.1250625,-25.67725,169.830875,-270.60875,-242.94,55.4425,-209.9453125,-265.915375,72.5876875,-260.9249375,74.9228125,89.3995,38.4164375,-259.249,-132.95425,191.5565625,-13.3355625,-398.09375,-293.0086875,-287.1503125,96.773875,77.37125,-176.030125,95.8573125,39.0583125,346.9761875,295.4345625,-103.6361875,-286.375375,-104.1306875,-10.4993125,-355.8850625,230.0911875,3.3846875,74.229125,-137.9760625,-43.7225,-36.753,-283.419125,-309.926375,374.7681875,-647.4440625,31.962375,119.7630625,396.362875,-346.442,172.67225,-67.4078125,255.0148125,87.5668125,203.6505625,147.3055625,-452.1494375,57.4155625,-40.6323125,-174.1696875,-111.1964375,-68.51475,-188.8269375,35.684375,345.8071875,294.0109375,-157.350125,110.074875,-134.2354375,293.802375,44.752375,-91.8175625,11.863,-85.737375,224.9745,116.585125,240.858375,577.8195,172.843375,255.260625,43.4980625,-38.269875,-13.6429375,165.372375,-345.417625,119.140875,-9.3104375,-89.5216875,5.13775,-89.3379375,-179.3149375,147.828625,-2.265375,38.6961875,-3.73175,153.1239375,362.0168125,75.9413125,191.8086875,93.53325,240.82125,322.4464375,-52.381375,48.0551875,168.9336875
3.1890940701094026,-149.935,21.4665625,-85.8681875,-116.455625,-245.7384375,-262.506,-67.853,-205.6705625,0.1820625,133.147125,-35.169875,109.482125,-4.3245625,-80.5945,85.8740625,65.567375,-251.593875,-14.1829375,-79.83775,-185.7148125,240.23775,275.91825,-83.9216875,-344.510625,-218.61625,3.924125,-122.6495,-71.662,-117.9803125,119.137375,6.0480625,186.673,-222.429875,-196.0539375,55.2191875,-193.793625,-250.961375,51.6519375,-235.1085,54.8849375,90.4044375,139.848,-277.6355625,-182.533625,173.8483125,-49.6430625,-379.8081875,-321.6705625,-317.1226875,71.7484375,76.60675,-168.7265625,126.16325,41.1360625,389.45875,326.9526875,-155.58725,-239.2265,-116.05625,-27.5108125,-279.3554375,184.277375,8.97825,66.157,-158.398,-83.2279375,-30.9308125,-270.87025,-291.105,353.5510625,-661.1088125,-5.10925,91.46425,406.2645,-338.579,166.5924375,-43.0805625,261.8181875,95.7789375,125.5071875,167.107375,-422.7118125,78.3673125,-55.8115625,-163.3828125,-128.018125,-116.63725,-207.903,-19.6414375,358.357125,291.6589375,-159.3335625,169.2099375,-258.058375,343.441,-14.0799375,-46.7040625,-19.7590625,-62.077875,223.5261875,9.8780625,187.643875,602.5940625,193.1806875,263.9665,44.85,27.9035,15.146125,110.686375,-345.372625,112.30125,27.121,-102.5885625,-29.1770625,-63.4403125,-193.122875,126.5826875,-5.858875,58.1841875,-11.7759375,173.3584375,322.5470625,63.808125,141.19975,93.879,199.858125,286.686875,-38.9363125,66.0056875,178.75925
3.193166592831486,-147.04,18.4974375,-76.8930625,-94.4148125,-304.1595,-281.1190625,-46.288375,-213.4273125,41.1045,117.34625,-34.83075,102.544625,-55.1628125,-18.523625,50.4795,58.487875,-211.442125,7.1738125,-60.619,-216.807,267.5366875,259.97875,-102.68375,-357.6089375,-158.503375,-21.629625,-72.5383125,-27.7279375,-127.1514375,169.4640625,22.9386875,204.0073125,-183.1581875,-145.138375,56.67675,-177.7688125,-237.239625,7.2530625,-230.339,44.632125,74.2411875,225.7736875,-289.26675,-240.5975625,155.343375,-90.9265625,-359.7335,-325.84075,-348.7355625,52.8539375,78.1985,-172.5043125,164.134,11.692625,409.432125,349.7095625,-179.54525,-164.2233125,-125.1300625,-74.4678125,-206.9775625,126.2363125,40.62925,71.431,-167.4069375,-109.5505625,-10.3225625,-235.534125,-266.733375,301.6766875,-659.48225,-28.2195625,75.3435,407.79175,-326.0189375,140.3070625,-19.77875,268.3304375,111.9563125,47.728625,188.60875,-376.2216875,91.057125,-39.054875,-153.2518125,-148.03125,-146.094125,-215.4061875,-62.5195,365.6305625,271.064375,-161.3436875,229.061625,-385.6493125,373.1931875,-58.0769375,-20.59475,-16.725,-28.648125,192.713875,-63.776875,138.507125,623.872375,191.9540625,272.2533125,70.7290625,93.2700625,47.606625,47.396,-338.40625,92.5905,71.9735625,-93.4245625,-52.38625,-34.5846875,-196.9676875,116.6993125,-17.840625,77.81975,-10.912,180.914375,278.7815625,75.6538125,111.680125,96.054875,150.043625,243.7539375,-28.144875,69.4095625,167.231
3.197239115553555,-131.3146875,33.273375,-84.091,-70.72475,-359.0501875,-308.8140625,-31.2203125,-217.6115625,77.010125,112.2160625,-36.9104375,56.758,-85.6773125,41.8229375,20.262875,39.6406875,-155.248,14.27725,-19.903875,-252.01,266.867875,260.236875,-98.090625,-383.0796875,-114.5693125,-46.904375,-18.115,21.785375,-153.9133125,192.2466875,19.304125,204.7415625,-158.0674375,-103.2035,64.2545,-165.788,-218.525,-44.73075,-251.7025625,38.0901875,46.101,276.044375,-283.8956875,-297.6965,136.387375,-134.3940625,-342.3115,-307.517375,-370.483125,31.478125,84.4194375,-175.835,205.1800625,-48.176125,404.667375,360.6055625,-160.8110625,-81.126625,-130.4235,-142.205625,-148.3258125,62.104,84.0910625,79.122625,-183.32525,-115.374625,33.8671875,-192.621125,-239.9473125,242.5030625,-648.75575,-27.6265625,68.66625,403.7275625,-311.0011875,101.311625,-3.578,276.8164375,128.8193125,-21.76425,198.1125625,-314.503875,88.7235,-0.5275625,-141.47425,-163.488,-151.0865,-205.0011875,-94.4375,367.4663125,242.9475,-156.8571875,291.3576875,-487.7494375,378.631375,-70.2755,-14.919,18.786125,-4.21025,144.828875,-98.5045625,105.547625,641.9363125,175.107125,277.921375,119.587,158.373125,79.2161875,-14.396125,-323.84875,71.9096875,120.975375,-61.5798125,-54.92875,-8.0578125,-193.513875,116.079625,-48.150625,107.10025,-9.99675,174.6264375,235.7359375,104.882875,103.200125,91.6174375,105.4571875,217.594625,-18.497,65.57225,125.614875
3.201311638275638,-99.466,59.160875,-102.8135625,-48.13025,-406.0704375,-337.861625,-21.47525,-222.228375,107.2545,116.4229375,-46.7454375,3.1809375,-92.5033125,95.3395,0.717375,11.18475,-94.1145,11.24075,33.0570625,-279.2001875,240.6073125,272.5805625,-68.584375,-420.5719375,-88.4031875,-71.411875,29.1691875,61.094,-195.8819375,190.891375,3.90825,175.62975,-140.5654375,-69.668,72.2465625,-158.08375,-191.0165,-92.034125,-288.0390625,27.253875,16.8635625,290.3459375,-259.11525,-344.262875,116.1393125,-173.8436875,-334.4205625,-281.2538125,-375.7116875,0.763875,90.6399375,-165.206375,235.7055,-126.5189375,383.13275,357.1571875,-97.093875,-13.2126875,-137.7430625,-212.345875,-107.0886875,9.3646875,120.2635,82.43375,-217.1204375,-101.25725,95.2478125,-158.73525,-206.440375,197.2816875,-628.0795625,-1.6381875,63.39625,391.7256875,-296.579375,63.1579375,5.9113125,284.04275,138.675125,-80.4830625,182.5386875,-238.062375,66.8070625,41.52125,-126.803625,-166.50225,-131.7113125,-178.3246875,-117.623375,361.310375,216.251875,-140.1408125,352.1505625,-546.9019375,359.7305,-52.3816875,-25.52975,74.3003125,-7.3579375,97.15375,-103.1306875,85.4116875,650.47075,151.38175,277.8238125,179.26675,220.1241875,103.3861875,-71.879,-298.7791875,65.1013125,164.7675,-13.1411875,-29.628375,4.972875,-185.6106875,123.973375,-98.7475,144.2994375,-13.95075,150.6521875,197.838375,138.0145625,114.0429375,83.830625,73.399875,217.90375,-16.4825625,69.5744375,59.5565
3.205384160997707,-58.26175,82.84975,-122.4426875,-28.297125,-439.2408125,-356.599125,-4.866625,-231.4006875,122.5791875,129.003,-67.0239375,-30.56375,-87.272375,142.98175,-11.2494375,-22.0774375,-41.1110625,12.8118125,86.7345625,-285.912625,198.2778125,281.796875,-29.2000625,-460.252625,-79.123625,-98.1343125,59.582125,79.09825,-239.3005,184.5726875,-10.3411875,117.6815625,-118.83975,-44.38075,74.5830625,-152.7735,-155.829875,-130.0056875,-326.5236875,9.1501875,-2.427875,277.3526875,-217.051875,-375.0740625,96.520375,-198.19175,-339.7284375,-267.657875,-370.487875,-32.574375,87.776875,-138.6654375,244.203125,-202.1275625,354.3600625,339.13375,-3.791625,22.0394375,-155.248625,-260.782125,-83.8766875,-16.487625,137.8466875,80.995875,-260.0704375,-76.9186875,154.6339375,-145.8521875,-167.4965625,175.6999375,-596.375125,42.9335625,51.815625,368.9006875,-282.5695625,35.73,12.714125,285.5134375,140.232625,-129.2514375,141.5685,-151.6970625,24.852375,72.83875,-113.47825,-155.8428125,-90.74175,-141.0343125,-131.09,349.1476875,192.4798125,-111.13675,402.127625,-564.6953125,323.045125,-18.4624375,-44.0499375,130.5595625,-39.119625,63.9416875,-91.788,64.7835,642.1435,133.0649375,267.0920625,238.342875,268.13225,116.83925,-125.9373125,-264.14575,74.3105625,194.5749375,46.3924375,19.9994375,0.217125,-174.268875,138.2076875,-166.252625,177.7798125,-21.8166875,106.6844375,174.01475,162.0135,143.088875,79.784125,60.824,242.0756875,-29.45475,86.187375,-12.003875
3.2094566837197904,-20.2144375,94.4618125,-135.081,-10.902375,-454.95675,-357.291375,31.51075,-243.3500625,118.28175,150.7371875,-88.506,-42.3013125,-79.594,182.2229375,-24.1354375,-50.97825,-4.012375,30.583375,126.549625,-266.9180625,148.726125,274.9705,0.9951875,-490.31975,-83.33225,-127.71425,64.72525,70.9576875,-268.5958125,194.5600625,-19.7934375,43.7323125,-92.0305,-36.4146875,71.5948125,-146.02925,-121.574,-156.682125,-359.8476875,-16.752625,-6.3928125,242.3344375,-161.153625,-394.732625,86.102875,-199.1371875,-354.6715625,-279.3811875,-364.0096875,-55.7045,68.0396875,-103.1195625,227.3914375,-254.75425,319.80925,312.1700625,91.10825,18.046,-181.531,-276.222875,-75.725875,-16.036125,138.596375,75.141,-294.0050625,-55.1658125,190.93825,-152.2730625,-135.2531875,176.5089375,-557.2756875,94.282625,30.834875,336.8773125,-269.796125,17.30425,21.290375,280.7109375,139.1280625,-175.282125,84.4086875,-67.4306875,-28.1096875,89.19075,-111.0618125,-138.4275625,-36.9713125,-100.46175,-132.8025625,335.6979375,166.101875,-69.8438125,434.8219375,-552.825375,283.1905,21.42025,-58.0789375,169.7383125,-81.1429375,46.586,-73.2911875,37.2715,619.3915,130.6199375,236.508,289.4014375,289.2134375,123.2833125,-171.430375,-228.3879375,92.853625,206.2644375,114.3954375,77.02825,-11.7138125,-158.7325,151.8201875,-246.513875,198.2535,-31.5123125,51.781875,171.323375,169.5,183.1948125,78.8706875,73.452625,283.3935,-58.955,105.096,-71.6910625
3.2135292064418737,9.1825625,96.664,-139.528625,5.8905625,-454.142625,-341.0635625,86.41025,-248.399875,100.2593125,180.1660625,-97.790875,-43.032125,-68.8575,204.38775,-43.546625,-64.8161875,18.229875,59.932,140.9574375,-226.7226875,99.592125,253.972125,15.7735625,-508.42575,-96.6938125,-160.0323125,40.3108125,39.2139375,-276.93075,227.11,-30.2700625,-29.0995,-70.97775,-55.1110625,66.983125,-130.5981875,-99.8599375,-168.018125,-382.0843125,-53.011,2.27575,184.20975,-95.0585625,-410.6064375,95.1215,-179.5398125,-367.754625,-313.470625,-353.18175,-59.0218125,27.933625,-65.2838125,184.979875,-273.9285625,276.5979375,286.2761875,163.0185625,-19.124875,-205.16675,-271.1485,-82.223875,-1.59575,134.3635,62.920125,-306.7369375,-44.871625,196.4815625,-162.4269375,-120.1363125,186.881625,-518.47875,139.53875,5.61,300.416,-263.8918125,-2.527,36.2544375,272.4815625,142.834375,-225.3010625,26.206875,-2.8963125,-80.51925,93.9530625,-128.110375,-124.7556875,16.4793125,-66.7133125,-124.7633125,323.0641875,133.4709375,-17.8519375,449.220375,-521.77575,257.164125,62.01275,-56.514125,184.055375,-112.057375,36.77225,-48.2170625,7.0475,598.6685,139.9155,176.873,322.291,273.1748125,130.00275,-200.152625,-201.126625,113.1088125,200.1010625,185.6563125,123.190375,-14.7309375,-144.152,159.8174375,-332.9666875,206.2394375,-44.343,4.3230625,187.924125,160.850375,219.6016875,79.0365,106.668625,333.176375,-101.2501875,113.75725,-107.485375
3.2176017291639427,36.7549375,98.9520625,-138.9028125,22.5195625,-440.850375,-317.6680625,142.061875,-242.291875,76.278125,211.09575,-85.8464375,-36.873,-51.7533125,205.1909375,-69.3943125,-63.238875,34.438625,85.903625,126.7315625,-173.8501875,60.564625,228.6583125,23.310875,-521.4724375,-116.7733125,-193.9979375,-9.3595625,-5.0365,-268.879375,275.7993125,-42.8620625,-88.9644375,-64.550125,-98.3326875,61.49225,-98.8618125,-95.05075,-162.995125,-384.885375,-101.1971875,12.585,100.605375,-25.5314375,-421.6361875,121.87425,-147.340375,-365.7824375,-353.7604375,-325.440375,-39.46875,-28.645125,-27.6263125,120.485,-259.0731875,226.02875,269.1690625,201.279625,-72.77475,-217.941125,-267.53975,-109.7405,14.04925,134.322,42.36725,-297.6814375,-50.3201875,177.6866875,-158.739375,-119.223,191.0340625,-484.1468125,166.659875,-14.1939375,263.711,-269.739,-31.8988125,60.338375,265.4894375,153.822625,-274.44025,-17.415,28.136625,-126.915,90.595375,-163.046875,-122.56725,62.9694375,-50.63975,-111.061,307.424375,97.3515625,36.9640625,445.6815,-478.903,253.2845625,102.03625,-39.0566875,178.5029375,-126.581125,28.77075,-16.8463125,-18.2814375,595.70375,144.352625,91.769875,325.5219375,222.23425,139.1626875,-203.7593125,-183.8050625,124.1915,178.454625,252.0579375,149.2001875,-3.2813125,-137.7218125,167.8510625,-412.490875,207.462625,-62.7795,-25.918,213.958,143.5878125,240.3466875,85.957,148.05875,378.455375,-145.8920625,111.1036875,-112.782125
3.221674251886026,68.6668125,103.0485625,-136.559625,31.197,-416.5000625,-301.4218125,180.174,-238.3834375,52.7276875,234.4275625,-50.1463125,-22.814625,-30.594375,191.455625,-95.6023125,-58.9359375,54.68,98.7668125,87.5710625,-118.173625,40.52325,209.4148125,33.7138125,-536.0358125,-143.2456875,-221.8453125,-72.757375,-50.27275,-250.5951875,332.1819375,-46.1119375,-133.66975,-71.870875,-152.059625,51.4040625,-51.4363125,-97.5813125,-148.9409375,-364.203625,-158.5345,9.8664375,-2.1624375,37.107375,-420.62625,152.5011875,-111.3746875,-343.1141875,-383.0834375,-276.0301875,-4.6915,-91.0579375,8.96775,46.60075,-219.1940625,171.70775,258.4936875,207.2441875,-123.262375,-220.43175,-275.81675,-161.3426875,22.1379375,138.1495625,12.109625,-271.1615,-72.849875,141.8666875,-133.1895,-118.161375,183.526125,-450.939125,169.6006875,-30.46675,229.2718125,-283.0411875,-69.9849375,92.3795,266.418125,162.898125,-311.0470625,-38.588875,25.905375,-166.228125,78.40225,-202.8744375,-132.4025,101.9775,-55.9368125,-93.9154375,282.2268125,61.451,82.9009375,424.7171875,-432.00875,262.35725,147.20125,-14.7143125,165.5561875,-136.55475,24.9708125,16.2916875,-26.5954375,606.029,132.8028125,-0.2435625,296.658,156.81075,148.413125,-175.85825,-167.8219375,119.5975,145.7569375,307.205125,153.5281875,11.0503125,-135.2321875,185.5074375,-468.898625,205.5691875,-84.1119375,-45.6144375,233.073125,128.4998125,242.24475,105.50075,185.69975,401.7085,-178.16025,106.7885,-89.7703125
3.225746774608095,101.0635625,103.688375,-140.21675,18.781875,-380.31775,-297.2071875,196.75325,-257.4400625,33.778875,242.684375,2.1713125,-5.4994375,-6.1608125,175.26425,-114.0133125,-65.11425,81.3079375,96.868875,34.28375,-70.8305625,41.862,208.1851875,45.8861875,-551.5645,-173.9335625,-232.415625,-138.0354375,-89.7389375,-222.0193125,388.309375,-28.271625,-163.7115,-82.286375,-200.54725,32.969625,1.67675,-93.5259375,-137.518875,-326.501,-220.8065625,-16.9915625,-104.9886875,86.297125,-405.0456875,181.5660625,-86.8563125,-306.679375,-389.3916875,-215.8876875,32.2795,-148.0756875,45.6944375,-20.54375,-174.2614375,117.44025,245.6265,186.181,-156.698875,-216.4744375,-287.9858125,-227.2338125,17.6746875,141.873375,-25.880625,-230.89625,-110.994625,92.2404375,-89.1315625,-101.8173125,167.1768125,-418.2200625,153.787875,-54.5633125,197.2596875,-291.321125,-109.9508125,125.327125,281.5491875,155.5390625,-328.80575,-37.405625,1.1574375,-197.3430625,59.7405,-230.498125,-151.016,132.5810625,-74.2626875,-76.2716875,250.6575625,27.328625,113.942125,386.268875,-390.2534375,264.644,200.194375,10.723375,156.7841875,-152.3601875,33.608,48.33975,-5.1909375,606.8573125,108.644625,-77.4935,243.3681875,101.0851875,159.02375,-119.94575,-142.765125,105.0593125,110.7678125,348.1125625,141.212,9.9414375,-125.140125,212.492375,-493.25625,201.2038125,-102.7640625,-63.9336875,229.7003125,120.7498125,227.480875,127.5768125,210.012625,390.2680625,-190.12375,110.4105625,-44.112375
3.2298192973301783,128.2580625,98.4723125,-164.858625,-20.6933125,-336.464625,-290.7476875,196.2664375,-305.185,18.110875,232.925,55.2223125,5.97975,24.8515625,167.085,-120.455625,-82.18875,108.6635,82.99,-15.2785625,-38.9475625,58.59175,230.557625,48.62,-561.924625,-202.873875,-221.5486875,-196.843625,-119.14025,-179.9211875,433.0485625,7.5585625,-180.329375,-80.2595625,-236.149875,6.6990625,50.2354375,-83.9135,-135.92,-279.07525,-283.6946875,-73.5383125,-184.78725,122.79875,-380.51225,215.9633125,-91.2093125,-271.000375,-365.79425,-164.3953125,65.4434375,-192.97325,88.7661875,-71.445625,-144.427125,70.53675,226.4275625,144.799625,-168.978,-209.5110625,-285.287125,-290.8275625,0.9556875,141.3096875,-62.2335625,-183.7625625,-159.5795625,33.2815,-36.5306875,-63.1865625,143.3056875,-392.9710625,132.6030625,-86.46025,166.5456875,-279.993125,-145.99575,149.2454375,312.6708125,127.787375,-327.5476875,-18.9153125,-35.180375,-216.748,43.2831875,-232.5706875,-176.07425,156.481,-90.27375,-63.8475,227.9191875,-0.06625,135.4413125,325.0640625,-360.7195,251.7430625,251.7678125,36.394375,155.6895,-168.93125,62.2805625,80.5023125,43.020625,576.6805625,84.00375,-125.215875,175.395375,64.961875,174.7040625,-52.5705625,-106.956,88.56775,87.267625,376.701,120.9969375,-15.280125,-107.1055,236.3545625,-487.592125,197.3789375,-115.9294375,-79.086,200.369625,116.69175,202.87525,130.84475,213.4315625,349.8915,-187.46425,125.3211875,23.1283125
3.2338918200522473,148.571,88.55775,-220.481,-76.902,-297.5716875,-260.403125,182.1368125,-363.430375,2.9208125,207.222875,89.8871875,5.6915625,57.907625,172.6231875,-115.5016875,-99.1840625,132.0855,64.6745625,-44.795875,-19.783625,78.481,266.5043125,37.2490625,-560.6215625,-225.0765,-193.804,-241.2944375,-135.7035,-125.4349375,451.412625,47.0320625,-187.36325,-60.2385625,-258.9410625,-22.439,88.776625,-85.48975,-144.89825,-221.6140625,-338.5640625,-158.0845,-230.2186875,149.932,-353.1961875,255.5385625,-132.5005625,-244.0800625,-313.2175625,-134.68475,93.8569375,-224.4353125,140.92525,-102.7163125,-132.8525625,39.0671875,203.0055625,94.037375,-166.444875,-205.1053125,-257.6645,-337.86125,-24.4630625,133.18325,-83.5241875,-141.132875,-209.2594375,-27.43075,11.934875,-5.678875,111.35075,-381.9795625,117.2645,-114.57175,139.96175,-237.74075,-173.3294375,160.60575,354.0724375,91.0631875,-310.1855625,7.82975,-74.824875,-217.965875,32.3529375,-205.82275,-204.115875,176.8784375,-92.6279375,-61.881875,226.596875,-12.2319375,156.1573125,234.9534375,-339.2405,237.2020625,289.8206875,59.2613125,154.4761875,-175.38925,111.7236875,110.8750625,99.2308125,510.2051875,72.2806875,-137.071375,102.803,45.802875,196.1475625,7.4074375,-66.1328125,75.7305,86.5034375,400.0220625,96.1849375,-56.869125,-95.623,246.261625,-460.0300625,199.903375,-122.2573125,-81.8251875,153.8606875,110.1543125,178.4333125,106.791625,193.610625,300.0056875,-181.7601875,147.403875,110.889125
3.2379643427743305,161.9171875,75.244875,-301.0965,-125.09225,-275.514625,-198.1436875,157.3656875,-406.11725,-7.6290625,173.808625,91.3495625,-9.3370625,77.17075,191.027,-104.60875,-106.9324375,150.623125,51.870375,-51.3910625,-5.3488125,89.0274375,299.91075,24.0153125,-545.22675,-240.0790625,-156.25925,-263.2429375,-136.467125,-67.72025,434.578125,79.252625,-189.9154375,-37.57925,-272.045,-46.099,115.7576875,-110.1584375,-163.1013125,-151.3715625,-373.132375,-259.330625,-247.0906875,168.8845,-322.77225,286.59625,-201.840625,-220.6524375,-240.15175,-123.2046875,114.127,-243.6403125,194.1185625,-108.70775,-123.0488125,23.872375,180.3431875,44.4333125,-159.4185,-214.2928125,-215.3340625,-359.890375,-57.6685625,116.162875,-82.7403125,-110.234125,-249.8390625,-83.1105625,51.4755625,65.087,74.581125,-381.17075,113.878375,-131.2676875,123.298375,-164.12175,-186.6096875,165.2339375,394.101375,61.7708125,-283.4630625,35.0750625,-109.683125,-198.3418125,24.4380625,-158.01475,-229.725375,192.9329375,-82.3556875,-74.7275625,245.2543125,-7.0663125,183.724875,123.40275,-312.3425625,241.0645625,309.7418125,71.2039375,138.586375,-168.1546875,171.5748125,134.047125,144.5530625,419.25375,77.394625,-113.2088125,39.2818125,37.453375,220.9389375,50.5939375,-31.755,70.7933125,111.21175,425.2541875,64.1726875,-98.0655625,-103.1863125,247.0010625,-418.2988125,209.4668125,-119.8410625,-69.5129375,101.83625,98.6124375,160.2651875,67.0269375,156.7310625,254.8873125,-178.58775,165.1285,208.7669375
3.2420368654963996,168.3925625,59.522,-390.335125,-146.4875,-268.195625,-115.9811875,126.6981875,-420.5856875,-6.2123125,141.8583125,52.9201875,-41.1055,70.586625,216.09925,-95.8416875,-105.86525,160.081875,49.7218125,-45.9210625,7.7931875,84.6751875,324.4395625,26.354625,-518.02125,-247.05325,-114.53775,-261.9286875,-119.73575,-16.3656875,389.0196875,107.0498125,-191.2270625,-35.833,-282.464125,-55.172125,136.0611875,-151.9921875,-188.59475,-68.3214375,-377.673625,-361.5323125,-249.9725,175.5385,-286.0871875,293.7065625,-273.941125,-193.072125,-160.405125,-114.6009375,122.812375,-251.29075,235.9785,-84.88575,-97.5523125,16.666,162.799,1.0995,-152.2236875,-244.8400625,-174.9685,-355.4750625,-96.229,87.24575,-67.864625,-92.5178125,-275.9585,-130.0274375,90.4704375,145.7555,41.9110625,-376.5459375,121.0954375,-133.0831875,119.24525,-71.883125,-184.8703125,170.21075,420.736625,49.9411875,-255.2756875,62.6135,-134.236625,-167.9524375,20.2468125,-102.225,-247.3044375,201.770625,-73.09525,-106.8763125,271.2526875,5.8300625,226.1294375,14.0738125,-272.586,270.8431875,310.376125,65.61575,99.741125,-152.3051875,220.688875,150.298625,165.8389375,323.11125,88.8645,-62.150375,1.9510625,29.6943125,245.612375,77.8893125,-19.9845,71.151875,155.564125,455.717875,24.6304375,-126.92,-129.49125,254.350375,-370.849375,218.9071875,-108.0885,-49.9681875,55.811875,84.8516875,149.623875,27.828875,112.1609375,217.697875,-176.7573125,166.4180625,298.1016875
3.246109388218483,168.9213125,43.3710625,-472.7370625,-149.0010625,-261.303375,-35.4850625,92.884,-410.34975,7.983625,112.968375,-20.564625,-88.4083125,42.5490625,244.124125,-91.07325,-100.7040625,154.710375,54.5043125,-37.5491875,13.1565625,70.3139375,342.856125,46.2734375,-480.6056875,-241.3304375,-73.1873125,-247.778375,-87.4245,24.300375,328.2643125,141.98325,-191.385125,-62.4414375,-298.1815,-44.8835,156.2464375,-194.7038125,-215.9731875,21.5434375,-347.1833125,-452.3120625,-253.0928125,162.5488125,-243.5305,273.39625,-320.535375,-162.09425,-87.4890625,-98.0985,120.3120625,-248.4736875,255.145,-40.893625,-55.5839375,7.2395625,148.786125,-31.8009375,-142.109625,-290.0159375,-142.863,-327.4369375,-126.98775,44.15625,-57.3180625,-88.869,-288.3795,-165.920375,135.4991875,226.3270625,19.865375,-363.3053125,131.0310625,-115.8220625,125.30275,18.282125,-170.9445625,176.3240625,423.440625,57.519,-231.7374375,96.2561875,-149.345875,-144.253,21.4994375,-48.429125,-249.951375,207.0741875,-79.2479375,-156.7925625,294.742375,11.1945625,282.1948125,-66.8198125,-224.124625,316.8154375,286.93225,45.414875,47.4240625,-138.8975,240.6281875,167.0490625,155.456125,239.578875,96.972,-2.263375,2.1379375,8.121375,267.4420625,93.1865,-39.0311875,67.810375,204.87625,492.608625,-19.029,-143.547375,-164.4693125,279.365875,-329.58125,219.54,-91.3138125,-28.9463125,27.916875,71.691875,146.2799375,0.2640625,64.120875,186.8610625,-175.4001875,149.6965,360.9148125
3.250181910940566,167.8985625,34.483,-540.15325,-159.29025,-244.1120625,25.6630625,54.21625,-386.0191875,28.853875,87.130125,-108.4164375,-142.0746875,5.932,278.2300625,-84.01525,-92.0844375,136.572875,57.35725,-25.3713125,-1.1009375,60.97625,355.2996875,69.485875,-433.65475,-217.66175,-36.6360625,-229.1210625,-42.0703125,51.2366875,259.0875,186.7279375,-192.7183125,-100.4541875,-318.3360625,-21.712,174.58275,-224.4243125,-232.5918125,104.2466875,-286.08725,-523.7426875,-264.644,131.1116875,-196.1945,235.112125,-329.301375,-136.5068125,-27.9329375,-75.9521875,111.1924375,-239.7255,244.4789375,1.7143125,-7.3580625,-8.8338125,130.975,-47.206625,-127.1120625,-334.75575,-115.1220625,-278.218125,-134.2416875,-7.1770625,-65.5020625,-98.357375,-286.324375,-186.930625,180.0414375,288.8608125,7.1834375,-353.01575,140.041875,-79.4871875,134.61525,85.613875,-146.8315,180.174125,396.260875,79.907875,-215.794375,138.63425,-160.977625,-134.9359375,26.5586875,0.635,-234.151375,221.206375,-104.4056875,-210.1591875,314.5085625,0.4989375,333.644625,-104.5793125,-173.24075,357.96825,237.7741875,19.8836875,0.7935625,-137.4865625,230.334375,189.953125,116.9374375,178.8055625,101.97,43.6870625,32.5439375,-32.70975,279.971625,97.6409375,-80.0481875,50.9236875,239.9749375,533.9339375,-63.1608125,-154.9076875,-194.124,318.1854375,-303.659375,208.30625,-78.7345,-4.27525,24.704,59.767625,148.4501875,-8.8561875,17.0298125,159.632125,-179.0075625,125.61675,388.8005
3.254254433662635,173.036125,39.778125,-589.5656875,-194.457375,-219.6936875,61.87225,9.927375,-360.855625,48.3209375,68.5350625,-185.4443125,-187.1126875,-30.314125,321.714125,-68.6296875,-76.624625,114.204875,49.98425,-6.781875,-37.7170625,74.705,359.2765625,81.4030625,-381.8239375,-173.6886875,-8.91125,-201.2279375,11.6101875,61.787375,182.5645,230.7520625,-200.6296875,-127.9409375,-331.6405,-6.1150625,184.8649375,-235.3225,-223.733875,165.563625,-209.1060625,-569.5810625,-286.7035,96.876625,-142.96675,189.223125,-308.6644375,-126.3309375,14.8439375,-55.9850625,103.26925,-232.4018125,206.558875,27.93425,41.0710625,-27.1405625,106.21125,-36.6351875,-112.9806875,-369.412125,-83.3955625,-214.3705625,-115.7243125,-54.249625,-91.1945,-117.811625,-263.1689375,-187.4184375,210.849625,319.0320625,2.97625,-354.9484375,151.1129375,-32.658875,141.4815625,118.2144375,-114.7578125,179.9251875,345.68125,109.1978125,-201.9468125,183.589125,-172.5291875,-134.0,33.4626875,43.71,-208.424875,250.6510625,-144.56375,-243.9979375,328.83625,-22.48275,360.190125,-101.0038125,-118.3723125,375.19175,175.5594375,-1.872125,-31.0939375,-144.391125,203.916875,211.7786875,67.178875,137.8781875,104.118,58.3468125,70.8408125,-77.571,273.327125,90.3165,-125.66175,11.923875,245.253375,569.056125,-104.273375,-167.495375,-211.7478125,358.596125,-295.114625,190.58675,-79.3274375,26.8695625,42.9795625,51.3401875,151.85975,1.0110625,-17.599875,132.9356875,-196.909125,107.0406875,388.1356875
3.2583269563847184,187.4093125,51.93925,-617.9263125,-247.27125,-197.8048125,78.5838125,-33.9005,-345.3705,56.7246875,55.8766875,-241.218375,-212.293,-59.89425,368.2798125,-44.694125,-55.263625,91.31125,28.6866875,17.01675,-83.98275,116.1299375,358.2868125,78.1195625,-331.738875,-113.40075,6.2695,-154.4223125,63.9296875,54.9781875,104.616125,262.369375,-214.903375,-138.27425,-326.6070625,-16.2594375,185.4870625,-227.8369375,-188.8414375,202.8379375,-131.733875,-585.306375,-318.4753125,79.6053125,-84.5354375,139.499875,-275.6041875,-135.4124375,36.849375,-44.636625,98.9671875,-228.93,152.8710625,38.3955,91.1465,-39.1055,77.9995625,5.689875,-107.53475,-392.9785625,-41.6835625,-150.3891875,-82.610375,-84.1885,-121.9184375,-142.2455,-214.91675,-165.5085,219.0930625,311.468,9.182,-364.5255,166.1300625,10.9750625,147.70275,118.1629375,-78.91725,175.7348125,289.8209375,144.3470625,-180.4061875,224.244125,-177.2481875,-132.3575625,43.811125,76.1390625,-185.413375,283.2930625,-190.70475,-241.3965,334.3016875,-48.1739375,357.1035625,-73.897125,-52.2716875,366.265625,118.442,-13.44625,-52.9129375,-141.482875,177.8589375,212.9588125,28.202125,105.2639375,99.1763125,37.9763125,98.655875,-104.226375,244.6454375,69.3526875,-163.838125,-50.1715,216.9500625,582.5215,-140.5614375,-187.0518125,-227.592625,389.560125,-299.849625,174.7450625,-98.1180625,63.347875,76.734375,48.5205,150.5744375,20.5135,-27.5258125,106.745875,-230.7943125,97.2476875,377.3219375
3.2623994791067874,202.6720625,59.0961875,-623.9198125,-296.6593125,-181.760875,85.578,-68.0421875,-339.4850625,45.925125,40.56275,-278.4955,-212.1920625,-76.55175,403.2900625,-16.5628125,-38.3265,62.66825,-2.8575625,43.6015,-121.2086875,174.173,357.6991875,65.835625,-285.196125,-47.20625,9.228125,-86.7413125,108.043125,31.41175,36.1173125,277.091,-229.7648125,-137.10075,-299.8128125,-49.3205625,178.5505625,-202.25375,-144.7438125,226.364,-61.5405625,-568.152625,-354.9429375,85.705,-25.038875,90.657,-242.569125,-157.6871875,39.8996875,-47.138,88.5865,-219.9299375,96.7958125,37.078375,142.191375,-41.0541875,51.5395,76.006875,-109.4760625,-406.5834375,4.00325,-101.3036875,-47.9590625,-87.8101875,-149.76125,-163.574875,-146.8763125,-128.3940625,208.2240625,266.2565,19.94,-369.86225,182.3270625,43.546,157.2970625,97.884875,-44.8293125,164.1899375,244.68875,193.4151875,-153.21175,258.4264375,-166.292375,-124.273625,56.0681875,93.909375,-169.23675,299.5563125,-228.714,-204.5131875,330.4065625,-70.5176875,330.0115625,-47.464625,25.56875,350.852875,74.473375,-13.0801875,-69.4018125,-113.585625,162.5976875,180.6228125,15.432875,76.5858125,82.6640625,-8.2308125,110.331625,-108.3191875,197.3059375,32.310875,-189.3385,-123.8628125,167.4596875,564.0673125,-176.412,-215.1543125,-257.517125,401.9239375,-308.630625,164.57025,-132.891,102.457875,122.8569375,45.1251875,143.1719375,32.4800625,-7.8141875,83.409,-265.197125,87.70475,375.4021875
3.2664720018288707,204.9015625,59.2464375,-615.2836875,-325.334625,-164.593625,91.4435,-87.0043125,-335.105,17.654625,17.35525,-299.2624375,-187.8841875,-77.874625,416.277375,9.63075,-36.128,24.9909375,-32.4790625,68.4583125,-139.3365,236.7755,359.4921875,53.9220625,-238.4980625,14.6608125,7.8669375,-6.314875,144.376,-3.5310625,-14.581125,278.855875,-241.903875,-128.818625,-254.8101875,-88.053,166.80075,-154.515625,-108.6275,248.685375,0.0345625,-521.294625,-385.0864375,105.7175625,30.0050625,55.8103125,-214.58475,-178.902125,33.861875,-66.7450625,62.265375,-191.183125,44.9475,21.249,186.182,-36.3189375,31.664875,157.29775,-107.903125,-406.685,39.4555625,-72.94425,-16.6285,-65.02525,-180.6041875,-172.6500625,-73.77075,-89.264875,193.0786875,190.2914375,18.3804375,-359.9589375,195.1883125,66.1895625,165.9706875,70.618375,-14.5553125,140.7779375,214.0216875,258.2991875,-136.518375,283.9043125,-141.4125,-110.2884375,56.5696875,97.2941875,-159.0485625,291.8214375,-248.0413125,-150.710125,315.301875,-87.589375,283.6533125,-35.3446875,100.6353125,352.1338125,43.5539375,-5.425875,-76.870375,-65.2870625,160.930125,120.781,30.8788125,59.5745,53.816125,-63.958625,110.6616875,-105.77725,132.4159375,-20.931,-197.312875,-191.085125,115.5558125,512.0731875,-218.10475,-240.5405625,-304.7858125,389.7369375,-311.9765,157.1326875,-170.582875,145.6176875,177.533875,27.587375,134.245625,26.5104375,37.5291875,59.9458125,-281.3229375,69.89875,390.059125
3.2705445245509397,188.340875,52.74075,-609.2161875,-324.680625,-136.5753125,103.780875,-90.2865625,-327.778625,-16.0215,-11.0505,-304.7276875,-147.724625,-66.1511875,405.817625,25.9886875,-42.436875,-15.3101875,-45.194875,82.4561875,-142.7609375,295.2376875,364.239125,47.323875,-187.846625,62.669125,8.2859375,76.4033125,172.1776875,-35.325875,-43.2148125,274.328625,-248.7811875,-113.9735,-197.8668125,-118.5435,152.5874375,-81.4859375,-85.4178125,275.0013125,49.1151875,-462.2980625,-398.5033125,130.860625,74.7745625,46.8535,-194.8000625,-183.8951875,29.436375,-101.0799375,22.0580625,-141.7164375,-4.175,-8.849125,213.6365625,-31.0428125,22.4505,227.94775,-93.3730625,-382.6521875,60.0956875,-59.4215625,14.09125,-29.4995625,-225.5009375,-165.225,-11.35325,-57.457625,184.5484375,99.16325,-9.4269375,-331.4835,204.0985,84.6005625,165.691625,46.6293125,14.86775,106.56725,193.8385625,327.4235,-143.739375,298.505375,-110.5678125,-98.7838125,34.0033125,91.5804375,-153.6828125,267.2973125,-247.7235625,-98.1914375,283.568875,-92.199875,222.8045,-34.7925,154.2986875,375.2611875,21.1795625,-0.488625,-71.761625,-13.6906875,170.4820625,50.2819375,63.98875,61.87075,15.347625,-109.1723125,112.76275,-109.78725,54.0198125,-85.103875,-182.40425,-237.5475625,75.565125,434.5035625,-261.68925,-247.5660625,-358.6943125,351.0943125,-305.5636875,146.2915625,-195.4934375,196.9464375,233.6379375,-6.1474375,127.0844375,11.2295,94.262125,26.4885,-273.78375,43.4765625,414.024375
3.274617047273023,161.68725,33.9309375,-619.9489375,-294.136875,-95.5713125,133.420875,-82.7964375,-322.1723125,-41.056375,-34.126125,-300.4264375,-97.84125,-46.115125,375.963125,25.306375,-37.6115,-45.5558125,-35.0956875,78.4063125,-142.731625,338.2879375,371.180875,46.5630625,-131.3395,88.1955625,6.217875,151.6560625,188.3835,-46.880375,-50.9525,265.9940625,-246.3164375,-94.4946875,-137.4089375,-135.786,135.714875,9.497,-72.713,304.1041875,80.7911875,-417.2830625,-393.6728125,162.306625,107.917625,61.453875,-183.0733125,-168.3805625,28.4086875,-142.8834375,-23.37825,-90.882,-54.2263125,-42.1563125,217.3338125,-29.1335625,26.5115625,276.4078125,-64.434375,-324.95875,73.7553125,-49.150625,44.4143125,-6.1471875,-285.21975,-143.641,30.2273125,-33.1408125,176.02875,8.728125,-64.04325,-288.434125,211.73375,108.0406875,153.996125,35.0366875,45.45275,66.4199375,181.2405625,384.9819375,-172.2379375,299.957375,-80.8870625,-100.950625,-3.2233125,83.733,-149.15575,237.5110625,-233.926,-58.508,233.54625,-75.2610625,158.1145625,-33.2344375,179.2483125,409.6035,-1.2811875,-7.6765,-62.1775625,30.505875,187.427125,-13.8800625,99.06125,80.6358125,-30.7470625,-130.1605625,124.7085,-115.7069375,-25.2373125,-152.913875,-145.0075625,-257.9124375,60.2455625,349.3165,-296.2395,-231.965875,-405.746625,290.1776875,-290.078625,127.3211875,-201.449625,257.2084375,279.8010625,-37.86375,120.2699375,5.5216875,141.780375,-20.1830625,-253.7170625,12.3250625,434.91675
3.278689569995106,140.4118125,0.3424375,-645.990375,-245.95975,-46.997,186.9178125,-69.0885,-321.077875,-47.644375,-41.2811875,-294.183625,-35.4341875,-23.631125,334.9464375,10.54625,-15.18225,-54.9834375,-9.5423125,58.5283125,-146.35675,353.44675,378.4585,52.7636875,-70.6679375,89.055875,-4.6801875,207.8111875,196.478,-33.4945,-46.7338125,254.6005625,-234.5310625,-75.38475,-83.3629375,-141.2131875,117.0783125,97.350875,-68.9346875,332.8575,94.9235,-402.93,-374.5775625,202.427875,135.0168125,86.0278125,-171.9396875,-144.0125,19.4109375,-185.53375,-67.4170625,-61.6949375,-103.846375,-67.30675,191.6540625,-27.8481875,43.5646875,303.9573125,-21.994125,-239.59925,85.8678125,-36.002375,67.2140625,-14.8814375,-344.7625625,-111.8751875,42.717625,-12.9703125,155.2311875,-70.72625,-137.687875,-234.858375,219.1025,141.1100625,128.1491875,41.71575,74.7145,24.0908125,174.1959375,416.118875,-206.9303125,285.400125,-55.907875,-122.746,-39.2651875,76.3910625,-140.117875,210.995375,-216.4925625,-33.610375,170.2804375,-41.9268125,105.1605,-17.25525,178.7381875,440.3891875,-27.2729375,-32.414125,-61.801,64.943875,208.3723125,-60.8038125,122.8989375,105.6971875,-82.6705,-129.3604375,136.5655,-113.1188125,-93.3439375,-218.0760625,-96.2230625,-252.5291875,81.462625,274.0246875,-316.8491875,-200.2751875,-438.3238125,219.68375,-267.8705625,99.62,-188.31,322.5360625,299.9931875,-50.10025,109.735875,22.0226875,164.853875,-68.558,-243.2515,-21.6569375,446.14625
3.2827620927171752,130.741,-40.3349375,-674.0783125,-199.658,0.779625,254.356125,-44.031625,-316.0361875,-33.490375,-35.654625,-292.7335625,41.5304375,-4.866375,290.7453125,-6.01975,6.010125,-42.8866875,17.58375,31.7435625,-153.724125,338.1070625,381.1738125,61.872375,-12.484375,69.8168125,-22.5146875,233.5219375,205.5875625,-4.217875,-44.4503125,243.0334375,-218.642,-62.095,-41.8588125,-141.24925,101.106625,156.282125,-69.578625,360.0334375,95.443875,-417.7226875,-345.714125,244.0325,156.0743125,103.405125,-154.6589375,-126.5053125,-11.7244375,-224.1351875,-104.9165,-64.41475,-147.094,-84.5199375,136.408625,-24.956875,69.942375,317.917375,32.303875,-149.6354375,94.7139375,-23.8750625,71.8964375,-51.5255625,-381.9254375,-72.3254375,20.6673125,4.95325,123.1385,-128.2455,-217.038625,-174.4859375,226.652625,174.498375,80.6235625,64.0873125,97.789875,-14.2678125,164.28925,406.863375,-231.3371875,255.1138125,-35.321375,-161.3101875,-69.0895,66.3901875,-125.0308125,193.7921875,-205.3138125,-17.5904375,99.2909375,-11.672875,72.2388125,17.52875,160.9338125,454.544625,-54.1178125,-76.9203125,-74.447875,86.694375,227.7124375,-89.6100625,128.9586875,129.3933125,-135.6456875,-117.7769375,131.02175,-102.823625,-146.3474375,-271.58175,-50.914,-221.7566875,137.3844375,214.695375,-324.93325,-162.590875,-453.897625,156.9614375,-239.133875,65.9388125,-156.3830625,383.6469375,280.7634375,-44.5901875,90.722375,59.60125,163.662625,-102.0788125,-258.346625,-56.7389375,445.528875
3.2868346154392585,122.6455,-77.224375,-693.173875,-169.5871875,39.57975,312.7886875,0.2666875,-297.6460625,-5.7090625,-31.3154375,-299.3383125,119.1601875,4.21125,246.8281875,-14.8803125,5.7233125,-19.3935,30.1416875,6.7745625,-163.2380625,301.0695625,369.5140625,61.334,36.6924375,39.0165625,-40.16175,223.8831875,219.895375,28.144125,-57.986,231.9395625,-203.1529375,-56.212125,-12.553375,-145.7014375,89.6461875,170.3671875,-65.7956875,387.516,86.0846875,-449.796875,-309.6238125,270.152875,161.3566875,100.313125,-133.6480625,-122.3368125,-67.4720625,-256.514125,-128.4596875,-96.2141875,-182.4379375,-102.098875,59.040625,-29.993,98.40375,321.1375625,90.1079375,-80.8051875,95.035125,-17.648,53.092125,-91.783875,-388.3331875,-27.45225,-28.7300625,24.3113125,89.2163125,-151.494875,-282.753125,-112.750375,234.17775,193.346375,9.69275,94.5621875,108.4378125,-39.5626875,139.6083125,348.2636875,-236.800625,214.7653125,-21.7815625,-208.49425,-93.4511875,51.9406875,-107.282625,190.558875,-205.6721875,-5.3346875,26.0865625,0.6885,52.760375,64.526125,136.252875,446.8339375,-82.1274375,-136.6185625,-93.6726875,91.2631875,235.657875,-106.585625,119.381625,149.365,-183.7723125,-104.018625,101.799375,-93.21225,-187.3971875,-300.461625,-15.1849375,-167.2911875,206.71575,169.2175,-322.201,-126.32625,-452.7089375,113.7954375,-204.1971875,28.486,-113.87175,427.5741875,221.886625,-34.3515625,61.2750625,102.08975,152.4885,-109.27225,-289.4921875,-88.5635625,429.941125
3.2909071381613275,101.7970625,-102.166,-699.545875,-159.96475,67.5420625,344.2090625,57.7794375,-266.4674375,26.6644375,-35.0925625,-311.3646875,170.98675,-0.36775,200.142125,-13.9451875,-12.063625,2.8504375,15.26225,-12.0658125,-172.9505625,254.2698125,341.0996875,42.7698125,77.2865625,8.9416875,-54.06175,186.73275,232.10375,53.1000625,-92.950375,219.6203125,-187.8353125,-53.509375,5.5183125,-163.974125,78.704625,142.502,-50.17425,416.2535625,69.6035,-489.21975,-259.0095625,265.852625,147.2434375,74.752375,-115.3770625,-129.9509375,-135.728625,-285.65475,-130.730875,-144.40075,-214.4571875,-126.81125,-31.9355625,-56.354,120.4275625,308.2609375,137.690125,-46.0651875,80.833,-16.416625,22.5069375,-114.4071875,-376.3531875,17.577375,-83.9079375,50.5015625,56.473375,-137.503,-319.1580625,-57.0316875,237.2346875,188.0765,-75.1131875,130.0344375,98.9083125,-49.18725,98.2946875,244.1301875,-230.2530625,174.8875625,-20.807875,-252.796875,-107.8425625,35.3429375,-89.1999375,199.7240625,-214.363625,0.9791875,-37.67325,2.110625,34.3674375,115.46925,113.32975,423.198875,-110.569625,-196.12875,-113.1741875,77.96625,227.1953125,-118.556875,100.8735625,162.15775,-224.8755625,-91.074625,58.707375,-87.8846875,-223.47725,-293.6321875,16.6575625,-97.214625,265.513375,133.007875,-305.7234375,-91.8551875,-437.7331875,89.3486875,-167.923125,-10.9133125,-77.526625,443.8666875,137.6845,-28.4124375,26.21025,126.2996875,144.3995625,-86.9595625,-310.388625,-111.473375,399.699125
3.2949796608834108,65.6846875,-110.80575,-692.8373125,-164.9690625,91.5679375,347.848,108.038,-229.2455,59.8019375,-43.231375,-320.5624375,182.577625,-16.596,144.018375,-4.03225,-27.7939375,16.003875,-25.8044375,-25.5564375,-181.169375,209.04025,309.8396875,12.8925,115.0059375,-9.715,-63.5240625,140.9570625,226.8138125,70.1346875,-138.7,206.6003125,-169.685375,-46.967875,9.8223125,-196.1198125,62.0949375,91.7381875,-20.7826875,444.8038125,51.241,-528.76725,-183.339125,236.1978125,123.5764375,36.952,-101.3486875,-146.314125,-200.5760625,-313.110125,-109.6775625,-192.331875,-246.8555,-161.6631875,-128.7886875,-102.16,131.9615,279.4213125,164.6893125,-38.1719375,51.863,-15.783,4.7028125,-116.4610625,-363.79275,57.039125,-123.886875,82.3414375,23.371,-96.5196875,-326.0111875,-17.75875,235.0946875,156.90225,-160.6303125,172.3105,62.764625,-50.3651875,53.3755625,116.177625,-229.159625,142.027625,-32.4018125,-283.82325,-103.153875,17.84675,-69.016,212.3421875,-218.90125,-3.61375,-76.4435625,13.9684375,10.3555,165.929875,95.49775,394.932375,-134.0031875,-237.53025,-131.03325,49.5833125,213.7075625,-131.4970625,76.99725,160.405,-262.2365625,-75.588,17.412125,-82.82125,-259.8003125,-251.9889375,52.4690625,-25.3936875,305.0949375,101.8211875,-270.90425,-56.5999375,-412.232625,73.07225,-135.55325,-46.8748125,-62.7103125,427.8230625,47.57375,-30.882625,-8.877875,116.47025,143.541875,-39.97875,-307.530875,-121.7980625,364.83325
3.29905218360548,25.332125,-102.6835,-670.9924375,-173.543875,119.2943125,335.213,133.4510625,-194.54225,89.391875,-52.9615,-319.674875,162.999875,-39.8668125,81.484625,13.693,-30.910125,19.649,-78.055625,-33.2701875,-188.8545625,172.8163125,294.95375,-12.6600625,153.8535,-15.802375,-68.18475,109.06225,194.6219375,90.0165,-173.75675,191.44225,-146.274125,-33.1696875,0.91325,-227.6345,37.674375,39.273625,20.2911875,472.138625,36.0119375,-557.107125,-87.4079375,208.2650625,103.7838125,3.764625,-89.7014375,-167.7316875,-252.568875,-332.37225,-72.1259375,-230.1248125,-278.1480625,-205.4053125,-221.972,-152.602,135.0069375,246.8806875,168.9125625,-38.5280625,17.2765,-11.129625,12.847125,-109.2785,-357.73025,90.82075,-142.07075,108.5239375,-6.7673125,-48.10775,-314.3624375,-5.2884375,232.0425625,107.172,-233.5298125,217.952625,-1.927375,-54.2274375,22.5231875,-3.728,-241.6608125,114.2023125,-52.95375,-302.2469375,-72.1844375,1.8228125,-42.835375,219.5921875,-204.6180625,-18.2449375,-82.876375,47.7853125,-19.3995625,211.7409375,78.574375,371.0880625,-149.772875,-253.9136875,-149.530875,10.75225,216.763625,-150.253,43.1211875,137.852375,-297.886125,-52.340375,-12.731375,-72.618875,-295.2538125,-191.4460625,88.69325,36.5168125,329.6765625,76.8891875,-221.8696875,-23.3124375,-378.22375,53.5194375,-107.949375,-72.784375,-79.46425,381.340125,-33.4504375,-43.5910625,-45.9645,71.1610625,152.1488125,21.213875,-287.0628125,-118.1279375,338.1615
3.303124706327563,-7.33875,-81.766375,-629.7795625,-178.274,148.7011875,317.0049375,133.9676875,-173.974625,108.388375,-63.5585625,-310.2386875,127.924,-68.863375,28.3614375,34.7365,-25.491,21.2836875,-123.2229375,-29.358375,-196.771,147.816,308.5329375,-24.0453125,191.8945625,-19.6478125,-70.2571875,108.5161875,141.915375,116.749625,-181.8881875,166.6865625,-115.90525,-16.010625,-11.6028125,-242.4536875,13.8545,-2.9089375,71.5191875,497.928625,21.3479375,-561.8271875,9.0409375,208.2978125,94.022625,-11.708875,-79.983375,-188.055125,-288.4949375,-334.5724375,-34.4140625,-257.426375,-301.701375,-250.8043125,-303.8711875,-196.475375,131.511875,221.233625,154.473875,-35.9,-11.4985,-0.338125,40.5515625,-103.2210625,-351.1801875,122.6136875,-143.775625,113.870125,-25.7720625,-11.9808125,-289.744375,-20.7043125,224.0523125,52.22,-281.9395,252.074875,-86.9065625,-71.5174375,13.672,-90.7726875,-259.9693125,88.2261875,-83.783125,-316.4880625,-16.27925,-4.4973125,-3.95175,218.5505625,-165.9603125,-30.379,-65.7808125,97.6599375,-48.4258125,244.913375,56.2394375,354.3159375,-161.5029375,-250.35925,-173.216125,-28.3523125,248.7675625,-175.2241875,-9.854125,95.6885625,-331.5079375,-20.0850625,-30.6095625,-59.6675,-324.17625,-132.2579375,110.593625,87.192,343.7584375,65.517375,-168.8219375,-0.5333125,-337.2144375,25.909375,-83.46375,-86.9103125,-126.765,311.2125625,-97.8499375,-60.7406875,-94.535125,1.201,171.5090625,86.4451875,-256.320625,-96.655625,325.1606875
3.3071972290496463,-31.2383125,-54.89575,-568.558375,-177.940125,169.7345625,297.959375,123.8704375,-180.94725,117.7416875,-70.7926875,-302.438625,84.8760625,-97.7896875,-2.2445625,52.449125,-19.7275625,32.0841875,-145.8004375,-10.2285625,-205.7893125,135.633625,346.8205,-22.8475,225.032875,-38.4443125,-74.6815,140.744,84.7526875,139.5443125,-160.3831875,125.992875,-79.3435625,-4.196,-13.265375,-238.4113125,4.52025,-32.7320625,127.4070625,521.1,2.0855,-538.68475,84.26375,239.8206875,92.7245,-10.274125,-69.2685625,-199.735625,-308.7193125,-318.2148125,-13.3969375,-278.469375,-309.205625,-287.3121875,-369.348875,-227.5186875,120.39075,202.37975,129.071875,-32.96025,-33.7824375,13.2565625,73.9636875,-96.2905625,-334.0793125,149.4260625,-136.9911875,88.7389375,-28.9044375,7.007375,-248.597,-50.9155,200.1765625,5.0706875,-300.147125,256.5656875,-169.824,-110.0120625,22.364875,-137.034375,-274.9071875,65.0434375,-125.4104375,-330.8151875,50.8585625,6.9298125,51.935625,214.9208125,-109.39675,-21.5929375,-43.981375,151.309375,-65.821375,258.0743125,27.398875,339.42575,-174.48275,-233.5730625,-202.8545,-55.11025,304.843125,-202.9245,-82.1168125,45.35775,-365.167875,20.476125,-39.4889375,-53.7284375,-344.2864375,-84.1349375,110.1426875,133.058,348.2433125,71.6220625,-115.5875625,4.6946875,-290.01375,-8.487875,-59.341,-91.3033125,-188.1811875,223.299875,-145.4274375,-73.9918125,-159.1364375,-77.1715625,195.54125,147.860375,-215.0636875,-51.6978125,323.190125
3.3112697517717153,-53.1821875,-28.825,-491.9055,-168.1765,174.6543125,279.0110625,118.260375,-222.5008125,125.6556875,-69.4768125,-305.96575,39.97075,-112.7660625,-11.6574375,62.2794375,-22.24825,55.5009375,-135.97425,18.1916875,-217.12225,140.2729375,389.2288125,-11.8088125,252.87625,-86.7245625,-82.200125,189.1420625,35.7946875,147.9859375,-112.3573125,74.092875,-43.0584375,-6.06175,5.31625,-224.981125,14.1413125,-54.02375,174.091,538.5189375,-20.3775,-490.3120625,123.0014375,282.018375,96.396875,-4.4140625,-52.6895,-200.5281875,-313.28025,-289.5391875,-13.6750625,-299.7804375,-296.0670625,-306.7325625,-411.6660625,-242.3984375,102.25625,182.2906875,101.7591875,-36.987625,-57.7134375,23.3835,101.8178125,-78.878625,-306.4141875,161.742375,-128.4404375,37.2990625,-19.492,18.13275,-192.5060625,-76.4430625,160.7091875,-26.7831875,-287.6881875,223.320125,-226.240125,-168.8869375,38.4718125,-147.532375,-285.643375,51.9194375,-165.2285,-345.384125,110.8443125,35.289,119.863,221.9761875,-44.9979375,15.560125,-31.048875,198.6513125,-61.741,253.89175,-5.391125,319.0610625,-187.22925,-206.9715625,-230.5656875,-63.6524375,367.6133125,-231.0748125,-154.590625,-0.6911875,-395.602625,65.9251875,-47.408125,-60.3650625,-357.45575,-43.6899375,98.6615625,180.195125,346.162,87.8539375,-63.3638125,-7.7093125,-238.9618125,-47.1729375,-31.1568125,-87.9331875,-243.63925,120.6293125,-182.6716875,-86.278625,-228.2795,-147.445,213.30875,198.427,-165.0255625,15.4865,325.847875
3.3153422744937986,-74.004875,-12.559875,-406.7065625,-136.6149375,162.2995625,259.3085625,123.66725,-287.3449375,132.434,-56.7660625,-326.821625,3.7804375,-103.652125,-8.72825,65.32275,-42.4605625,80.379125,-92.7798125,46.772625,-231.47375,163.6333125,413.5776875,12.2525,275.4081875,-166.162,-85.0168125,231.87325,-0.2261875,142.2924375,-40.055875,24.006125,-19.212,-24.9316875,44.51825,-212.3805,31.26675,-74.2488125,197.5381875,544.3085,-42.690375,-422.8265625,122.0943125,307.7100625,102.356875,-7.262,-31.5846875,-196.8189375,-297.36625,-252.940625,-25.4283125,-326.1419375,-264.3964375,-306.197,-423.335,-244.4719375,83.0864375,151.3138125,82.556,-48.4020625,-85.606,27.7373125,120.1784375,-50.0555625,-280.2495,155.0051875,-120.5895,-24.3163125,-5.871875,29.164875,-130.915125,-88.5035625,120.01625,-42.8251875,-249.696625,162.9529375,-248.8754375,-232.9930625,49.787,-132.6355,-290.666,59.0823125,-182.386625,-360.158875,153.27975,72.1453125,187.7619375,252.1216875,20.7995625,70.66975,-26.0860625,236.033125,-28.539875,244.81175,-38.3990625,293.206625,-192.2240625,-175.95475,-244.8593125,-55.2418125,417.9676875,-261.4056875,-198.665,-39.1743125,-409.1470625,103.924875,-64.6886875,-73.5161875,-363.832,-6.2895625,94.4169375,229.921875,345.2235625,103.981625,-22.383625,-31.98975,-189.9033125,-86.8066875,4.1219375,-78.796375,-282.4989375,8.4475625,-214.2713125,-106.8228125,-285.9925,-197.6046875,215.91175,233.9664375,-116.798875,92.852,326.539
3.3194147972158676,-84.91425,-16.3515,-321.078,-72.718125,132.4728125,237.0720625,137.430875,-346.0435625,129.6149375,-32.3039375,-367.3008125,-14.5773125,-73.4806875,0.927375,68.684125,-85.289125,90.2135,-27.5259375,73.2275,-250.17275,197.4410625,412.964625,49.59925,287.0805625,-261.5700625,-77.2700625,257.21175,-23.4535,126.223375,47.929125,-16.33925,-19.2451875,-56.7225625,99.1519375,-207.6463125,38.818125,-101.060875,191.765375,532.438,-63.629125,-346.925625,92.942875,303.7195625,110.3156875,-21.179,-10.432375,-195.62525,-256.626125,-208.0198125,-34.5286875,-355.2906875,-221.577125,-285.9794375,-401.5505,-242.6139375,67.5265625,106.923,78.2154375,-58.255625,-109.7034375,27.8145625,130.2194375,-22.3819375,-272.3611875,134.21975,-109.9769375,-78.626125,5.651875,42.12475,-71.941875,-92.5930625,87.0776875,-48.1071875,-195.0416875,100.1963125,-247.099125,-276.6944375,49.0875,-104.27925,-282.486,91.0158125,-164.5585,-375.6869375,176.085625,108.75,244.2699375,304.069875,82.6570625,125.174875,-21.92925,265.498125,33.8900625,240.1615,-65.9474375,266.0843125,-185.2065,-149.5445,-240.5985,-31.9085,447.079625,-296.901125,-198.3396875,-71.456625,-391.9581875,121.3320625,-94.711125,-82.0731875,-362.895875,27.189375,101.6334375,275.5470625,350.0388125,115.943125,-1.7091875,-60.7893125,-145.5803125,-122.018,46.339,-65.8651875,-304.301125,-100.993625,-234.4750625,-134.798625,-324.8295625,-226.2289375,200.292375,253.7046875,-83.37,166.7930625,322.11275
3.323487319937951,-81.7470625,-43.375,-245.206375,18.6503125,83.5079375,212.628875,153.0988125,-374.3395,111.668,2.0486875,-419.7175,-10.73475,-37.3045,13.87525,78.1383125,-148.3804375,76.8685625,40.215375,101.83475,-273.79,224.5719375,394.2425625,88.3286875,284.25975,-349.3433125,-62.470875,266.4558125,-39.1725,98.702375,131.47325,-47.0035625,-45.473875,-92.4134375,159.56825,-214.50625,31.3079375,-134.3749375,160.725375,500.06125,-81.1735,-273.59125,58.6575625,270.5935625,121.00875,-37.9913125,13.708,-195.8393125,-196.7668125,-157.625375,-33.284875,-379.8853125,-178.6280625,-244.9729375,-354.549625,-245.060875,49.2561875,56.206875,84.9581875,-56.2925625,-119.5690625,26.0828125,132.0080625,-12.1058125,-290.71025,106.329375,-94.623625,-115.380875,11.981125,60.5711875,-20.58325,-95.414375,55.249625,-49.31125,-130.553125,53.8976875,-230.9795,-281.3704375,39.30375,-71.5005,-256.4553125,141.6660625,-117.39025,-393.71625,179.6548125,140.6438125,282.095,359.4761875,135.364125,165.672,-19.8076875,287.7281875,115.3019375,239.9154375,-84.7515,237.2896875,-167.0923125,-133.3089375,-222.098875,3.519125,458.057,-335.7765625,-156.5895625,-96.475625,-339.16775,117.870125,-131.4519375,-82.385125,-356.867375,50.2945625,110.336,305.2016875,353.9316875,122.405875,7.4301875,-87.1073125,-104.89875,-147.6080625,88.9934375,-47.577875,-315.5761875,-190.248,-231.2383125,-157.69675,-345.722375,-242.261375,172.618625,261.447875,-68.4116875,228.2749375,314.290625
3.32755984266002,-73.6879375,-83.713,-188.7969375,116.2344375,20.198,189.899875,165.547375,-372.60875,80.401625,43.0565,-469.638,14.76575,-14.04575,23.8183125,89.127875,-222.16,47.12275,95.30375,136.0316875,-298.033,230.6234375,365.537375,106.463875,273.985875,-410.21925,-46.5028125,262.2086875,-57.3981875,56.1455625,187.1631875,-67.5658125,-91.1126875,-123.1476875,213.9986875,-229.6595625,21.9718125,-164.569,116.6756875,449.116125,-95.1835,-210.9921875,40.039625,209.7974375,132.4955625,-53.10775,47.7511875,-188.72525,-132.5181875,-109.1525,-20.3970625,-392.8839375,-146.1451875,-181.291125,-297.8814375,-257.3044375,19.2018125,7.5688125,92.1873125,-41.3175625,-106.2709375,25.3369375,120.1995625,-28.5676875,-325.0505,75.3575625,-80.6586875,-134.9214375,8.00725,89.6353125,17.5535,-99.75675,16.9295625,-48.457625,-61.8815625,23.126625,-206.9619375,-247.9678125,29.447,-38.0615625,-219.8295,194.0604375,-57.968875,-414.4245625,171.5375625,163.7985,296.8341875,397.359375,175.033,189.3266875,-26.6989375,298.5435,202.4679375,240.2035625,-96.9153125,205.6105625,-138.1359375,-124.326125,-194.54025,41.531625,457.8255,-367.85225,-82.9479375,-114.7768125,-258.43825,104.3140625,-164.7245625,-79.5055625,-349.602625,55.215,111.1116875,309.580125,344.9398125,123.6936875,24.5751875,-104.045875,-71.745,-163.1174375,120.006625,-22.805125,-326.792,-249.8393125,-204.145375,-165.7965625,-353.49725,-258.0406875,145.91675,263.286375,-66.9806875,269.4784375,303.027875
3.331632365382103,-71.0025,-117.7031875,-153.191375,196.8463125,-41.3838125,169.1598125,170.8844375,-355.857875,42.1960625,86.185875,-507.684,53.3963125,-12.33525,22.1414375,93.941375,-289.5979375,18.2123125,133.89325,175.3250625,-314.7855625,213.871125,332.285125,85.1889375,265.206125,-436.2275625,-31.3258125,242.822875,-85.4628125,-0.0686875,202.645375,-75.3915,-144.4638125,-142.5155625,254.04675,-240.2375,30.3655,-182.1635,74.6986875,387.7775625,-109.6985,-164.2565625,41.7223125,125.0505625,141.24825,-66.8481875,92.3595,-163.341125,-79.108,-67.511375,2.9636875,-392.996125,-127.1545,-98.384375,-243.7751875,-281.1223125,-20.0541875,-36.126125,96.644625,-20.6694375,-66.5431875,26.3535,89.68375,-69.0325625,-358.42525,50.83725,-76.548,-148.506125,-13.899375,131.846125,34.8164375,-106.248625,-22.4195625,-40.3753125,4.085625,-2.9144375,-183.0303125,-191.4926875,29.778625,-7.342875,-188.478375,230.6768125,-1.0239375,-433.1779375,169.1075625,169.638375,288.61275,406.9409375,198.1935,198.61825,-46.68275,294.025125,281.9048125,237.199625,-104.63425,179.004875,-95.0328125,-116.876125,-159.647,65.937625,448.5825625,-379.254375,13.562875,-131.1433125,-169.4345625,92.9260625,-187.9441875,-75.231375,-346.2965,43.645375,103.0296875,285.4980625,316.9836875,124.4451875,60.68075,-105.987375,-52.167875,-173.6769375,134.2560625,1.8454375,-345.782,-289.524125,-174.9266875,-160.9948125,-348.0065625,-278.97075,130.686625,262.8246875,-74.9115625,284.3156875,285.140125
3.3357048881041864,-72.1841875,-126.98875,-129.89825,248.3969375,-84.483125,143.286625,167.092625,-336.5506875,5.587875,126.0685625,-531.049125,85.6875625,-27.1499375,8.432125,91.030625,-334.4416875,3.1701875,162.688125,217.9401875,-316.7659375,184.691875,300.414625,22.2261875,257.7115625,-435.1681875,-14.857375,206.842625,-123.934125,-58.097,181.8578125,-70.620625,-190.864125,-148.169375,274.4695625,-231.369875,63.327375,-183.21625,45.3413125,325.81625,-126.485375,-131.873875,55.144125,31.55025,144.6843125,-75.58775,143.2156875,-111.2336875,-48.0145625,-33.3734375,35.95225,-386.7905,-118.748375,-9.7985,-201.143875,-307.1518125,-56.2145,-73.179125,109.0936875,-2.1975,-11.000625,29.3734375,46.091625,-121.5566875,-383.8928125,46.0943125,-87.4744375,-168.5314375,-56.2246875,182.844375,26.4631875,-111.5643125,-51.020875,-19.7504375,62.6005,-28.9229375,-166.227375,-128.564875,47.4209375,13.3615,-173.98825,246.22575,45.35375,-442.3003125,184.1156875,152.320125,262.5255,386.6404375,201.5853125,196.4371875,-80.24675,273.2429375,339.657875,231.5476875,-108.3893125,171.7150625,-35.5004375,-108.2146875,-123.04775,64.84725,429.171875,-363.1911875,118.098,-147.9713125,-94.8795625,90.712375,-203.74,-62.7380625,-349.9251875,27.691625,89.941875,239.33775,273.3004375,128.843375,113.734375,-93.535,-44.7625625,-187.0078125,136.3605,15.9490625,-372.809625,-329.306625,-167.4696875,-150.687625,-325.5344375,-298.874375,127.104875,265.3800625,-88.3098125,275.003,265.324875
3.3397774108262555,-63.48475,-107.838875,-111.5651875,273.192,-100.892125,107.8484375,158.5075625,-321.2310625,-21.2305625,158.4160625,-540.727375,90.543625,-52.0554375,-2.4650625,79.13525,-356.2108125,-0.5236875,191.3240625,259.8828125,-300.27875,152.625125,275.8890625,-63.9531875,243.655875,-423.95425,6.770375,152.8885625,-165.2439375,-100.0823125,136.1598125,-56.4429375,-216.9861875,-146.2120625,273.2440625,-196.85,113.944,-166.9656875,30.81875,267.00325,-141.879375,-103.993875,72.153625,-46.38775,139.7140625,-72.361375,193.5381875,-35.378,-45.9564375,-4.1811875,75.198,-383.3765625,-118.00025,66.257375,-174.9209375,-316.686625,-77.52775,-97.3834375,140.756625,10.323125,40.724125,35.806875,2.854,-173.7603125,-401.7746875,61.309625,-114.2010625,-198.1971875,-109.7991875,229.2090625,-2.050625,-110.396625,-63.26525,8.9235625,111.1761875,-49.88325,-155.1100625,-69.4644375,82.1658125,14.6458125,-174.059625,245.0275,73.2381875,-433.5949375,208.3953125,117.0655625,225.832,340.3695,184.07675,185.715125,-123.761875,237.843625,369.745,233.53325,-105.864125,189.6929375,35.9384375,-98.467875,-95.9605,41.587125,402.367,-321.3065,209.274875,-161.561,-51.035125,93.137,-218.7901875,-34.49275,-356.4365625,16.14175,73.39725,185.40275,225.46625,133.3015625,175.882,-74.802375,-38.3930625,-207.894625,130.9246875,12.12575,-402.979375,-383.2246875,-182.602625,-139.053625,-289.2045625,-307.409,129.105375,280.7948125,-100.9591875,253.8781875,256.139
3.3438499335483387,-29.5923125,-76.0436875,-101.45325,281.7615,-93.727625,67.9931875,151.082,-312.2473125,-33.372125,181.4825625,-540.544125,61.313625,-85.945,6.3880625,52.406375,-369.1026875,-4.7681875,220.490125,296.6278125,-269.2486875,117.366125,260.135625,-143.168375,216.824625,-411.3748125,36.6645625,76.8076875,-190.9496875,-118.94825,77.783875,-36.1748125,-218.52025,-146.3406875,258.1370625,-142.1254375,175.4694375,-135.9581875,24.493125,212.2416875,-150.965125,-65.501625,88.6298125,-89.669625,121.486375,-50.9871875,231.127875,46.636875,-70.1765625,24.7241875,107.9438125,-386.5738125,-120.7140625,118.704625,-158.66975,-297.6015,-76.0204375,-103.09175,188.98625,15.184875,78.6853125,43.8483125,-30.267625,-217.20125,-408.4273125,83.359875,-147.6293125,-235.3083125,-153.1980625,258.7360625,-35.864125,-98.8240625,-60.8339375,34.9060625,143.0215625,-56.0195625,-144.5459375,-15.4705625,127.6785625,-8.4354375,-175.928375,234.7044375,74.5921875,-401.38775,223.628875,76.6716875,185.6583125,275.9109375,151.027,168.5113125,-168.684625,194.168375,375.321,254.7535,-92.462125,222.628875,108.1898125,-92.1786875,-86.1880625,10.7265625,374.9230625,-260.6574375,271.9681875,-167.0398125,-40.2831875,88.6383125,-234.96675,10.415625,-358.997125,7.9641875,48.128625,136.613875,188.66175,129.7201875,234.256875,-58.7121875,-19.721,-231.40625,120.003625,-13.3989375,-430.5611875,-448.4865,-203.88675,-124.676875,-246.787125,-299.9653125,135.6075625,314.0305625,-107.0715625,232.7525625,263.32025
3.3479224562704077,28.269,-53.2089375,-110.9575,281.8091875,-75.426125,32.0021875,140.644,-306.7314375,-27.68275,199.0638125,-533.5423125,8.679,-127.4348125,35.376375,5.5946875,-384.684,-15.2020625,241.016875,327.34775,-235.202125,79.530625,246.7601875,-190.4548125,181.158,-395.566,73.5505,-22.1520625,-179.90975,-125.7233125,18.3755,-13.43675,-200.4614375,-146.520875,246.5083125,-81.933625,246.3078125,-95.457625,18.1479375,166.023,-149.2388125,-5.8776875,95.6395,-96.8704375,88.4454375,-10.63925,244.4073125,113.5026875,-108.9079375,57.2214375,118.054625,-392.6558125,-121.3319375,147.1055625,-142.060125,-252.0401875,-49.08125,-90.521375,241.354875,10.203375,112.955875,48.0509375,-52.0823125,-248.2981875,-396.5453125,100.93275,-171.204,-276.79725,-160.597125,272.9049375,-61.403875,-74.9928125,-48.3954375,49.9893125,150.694,-41.931125,-139.956625,37.425,173.7558125,-46.8388125,-167.5883125,223.1806875,51.1584375,-349.6551875,222.6318125,42.948625,148.83275,203.34175,111.581,146.779875,-203.821,148.0806875,357.3801875,294.517375,-71.570875,250.1805625,166.4445625,-97.6653125,-90.556375,-17.89375,353.116,-191.468,301.5468125,-163.9894375,-47.00075,71.6875625,-249.2698125,66.3361875,-354.6565625,-0.1185625,6.7553125,95.994125,173.0685625,115.327875,269.7930625,-47.1440625,15.46625,-244.33,109.2111875,-57.69625,-449.320875,-505.7795,-216.6364375,-103.3879375,-203.26325,-278.2869375,150.4268125,356.148125,-101.287375,211.209125,278.700375
3.351994978992491,88.1134375,-52.08,-148.61425,272.2543125,-54.782,5.65775,117.4026875,-299.315125,3.825875,218.2405625,-522.4679375,-50.0905,-170.9223125,66.92275,-57.5015625,-403.23975,-28.70325,244.8285,351.30525,-210.3806875,50.129875,225.5084375,-196.4478125,150.331,-373.0475625,110.6495625,-132.39875,-126.72925,-133.647875,-37.4115625,8.6826875,-171.4279375,-131.9815,256.0966875,-31.1459375,321.5116875,-53.128,13.0796875,132.3214375,-134.2716875,74.1674375,77.49675,-83.5455,46.81975,42.6955,234.9951875,151.460375,-150.879375,92.2843125,99.855,-394.2916875,-116.7098125,159.833625,-126.052625,-190.6114375,-2.38475,-65.6911875,286.35775,-4.9049375,159.84275,46.5155,-66.783375,-269.6890625,-363.726625,110.2599375,-177.259875,-319.0724375,-123.331,283.5770625,-74.412,-39.274875,-34.58275,54.2695625,138.1300625,-11.657375,-152.5803125,89.1198125,206.791625,-76.8308125,-142.7563125,211.7965625,15.4328125,-292.236,215.229125,22.1036875,120.5793125,132.8723125,74.187125,126.2873125,-220.2840625,98.108,313.942125,341.8059375,-60.056,255.749375,195.4885625,-119.7996875,-101.292875,-43.8983125,339.5519375,-123.733625,295.65575,-157.8840625,-44.5794375,43.735375,-258.4361875,123.4849375,-345.670125,-7.4066875,-47.149,61.1053125,177.061,95.32975,266.6486875,-33.171875,58.3771875,-235.0121875,107.3500625,-107.3465,-450.6913125,-533.4355625,-213.0113125,-74.5173125,-159.8780625,-246.8231875,171.002875,388.2208125,-81.34425,176.987625,287.7370625
3.35606750171456,126.255875,-70.4881875,-208.5350625,244.6365625,-29.2706875,-8.279375,77.8194375,-283.8253125,68.490375,237.1035625,-511.6239375,-99.3733125,-210.2066875,80.0739375,-124.43325,-417.777,-43.4229375,231.8749375,365.262625,-198.7556875,40.0218125,193.4169375,-166.770625,136.878375,-344.9686875,136.433875,-229.07825,-46.7840625,-141.1246875,-93.81725,31.390625,-140.116,-95.073875,294.8596875,5.72475,390.1791875,-18.8535625,14.369,111.5646875,-110.1865,169.186625,27.44875,-70.2548125,8.3394375,101.19025,213.851875,160.3029375,-190.07075,125.128375,61.03775,-386.1545,-105.872,171.192375,-117.780625,-123.868625,56.96025,-37.99575,319.5209375,-25.9076875,216.713625,41.9015,-77.3926875,-284.4854375,-317.0406875,109.601125,-175.1319375,-360.06425,-60.9000625,299.2413125,-80.491375,5.8098125,-29.6733125,58.0025625,118.129625,29.0210625,-182.2715,130.83525,215.88775,-74.901375,-102.3808125,196.5835625,-20.338375,-241.004375,213.5959375,14.9759375,102.039375,74.7,49.252375,115.092625,-217.1488125,41.1043125,252.486875,386.432125,-74.6334375,234.869125,189.089375,-156.3045625,-118.234,-69.7656875,331.5988125,-64.942125,255.6766875,-160.6846875,-16.608,7.3630625,-259.8016875,174.081375,-339.242375,-12.23625,-96.194375,38.458625,190.031,77.2749375,224.438625,-9.5729375,96.5475625,-202.24475,119.8065,-144.528,-430.2970625,-528.7475,-189.4130625,-43.401,-113.0973125,-213.0165,189.94775,391.6855,-55.115375,122.57925,284.870875
3.3601400244366433,136.8945625,-91.28375,-270.47775,190.2806875,6.8318125,-13.936625,25.1968125,-251.7909375,151.6801875,239.9616875,-503.86075,-127.1183125,-240.154125,63.6101875,-182.206375,-419.4644375,-60.3149375,208.520125,367.880625,-194.768875,49.3733125,155.454125,-114.3208125,143.3635625,-320.5659375,135.6828125,-286.3345,37.2546875,-137.99475,-154.345375,61.0463125,-111.7728125,-48.2566875,351.59675,33.31325,440.9554375,1.7119375,18.207,104.405375,-85.2078125,267.9225625,-39.0046875,-70.32175,-19.7984375,161.13325,187.73325,151.2818125,-222.0129375,156.4248125,12.2494375,-370.257375,-91.4891875,191.3598125,-117.5858125,-56.51425,127.1068125,-16.7295,340.306125,-45.6709375,263.734625,31.9375625,-85.978875,-290.69125,-265.94025,97.1195,-177.9284375,-396.0825,-0.4638125,317.936375,-87.941625,55.6258125,-38.633625,73.31825,97.2721875,76.9599375,-217.8319375,153.8084375,199.748125,-34.260125,-56.25225,178.2903125,-50.4263125,-192.3114375,220.0076875,22.3816875,89.4591875,39.73975,46.7535,115.2449375,-200.4743125,-18.363625,190.6243125,422.3181875,-111.3376875,191.973375,159.3178125,-198.876375,-146.42275,-98.5969375,320.8728125,-21.794,195.5896875,-186.8698125,28.259875,-31.2801875,-251.8508125,220.289625,-342.9219375,-16.6908125,-122.2240625,41.956375,201.86325,64.3974375,158.75225,20.6540625,126.1590625,-156.7369375,149.9894375,-159.367375,-394.680375,-513.969125,-146.6455625,-20.7466875,-57.216125,-185.4603125,203.325125,357.866625,-37.1041875,60.054,275.848625
3.3642125471587123,130.5711875,-96.436875,-314.781625,112.25075,47.274375,-21.51175,-32.9885625,-195.6594375,219.521375,210.6783125,-500.22125,-130.4580625,-256.888375,21.466625,-221.34025,-401.1674375,-79.8745625,183.9551875,359.3090625,-193.394125,67.432,117.2246875,-51.09925,164.8370625,-313.746,98.211625,-296.1985625,109.444875,-120.3003125,-212.672,100.19125,-86.3575,-11.940375,397.490625,60.175875,464.6315625,12.70675,15.5458125,110.0483125,-64.7480625,350.435875,-94.80025,-84.5614375,-38.9205625,224.5515,158.598375,134.9425,-242.1575,195.2415625,-40.1225,-354.099875,-83.020125,217.170375,-118.5814375,7.0555625,204.044,-6.054375,343.986,-56.6185625,289.51825,9.0301875,-98.668875,-284.5406875,-213.283,73.4091875,-190.7123125,-420.378375,45.15125,329.4476875,-100.4294375,105.7068125,-61.6605,101.46325,74.068375,119.8576875,-250.5865625,158.134625,164.770625,33.98875,-18.046875,165.79975,-70.316875,-127.8541875,231.964125,52.0564375,78.2601875,34.3795625,66.7325,119.1955625,-178.1661875,-69.9140625,144.458375,442.5360625,-146.7076875,134.03325,133.1530625,-236.013625,-184.004625,-131.474625,299.1193125,0.9095625,137.960625,-240.1674375,69.6418125,-62.5728125,-237.9008125,266.2678125,-355.92225,-23.444375,-114.9065,76.2008125,209.295625,56.8046875,86.5684375,48.6133125,151.2029375,-115.39875,197.7150625,-156.0599375,-357.3479375,-514.0839375,-91.7349375,-17.6139375,5.9275625,-167.5770625,209.873625,293.2546875,-38.1285,11.83575,264.608875
3.3682850698807956,118.029875,-83.6963125,-336.8569375,29.531625,73.4535625,-36.509875,-89.7488125,-115.6914375,251.8361875,148.0755625,-501.7564375,-118.804125,-261.140875,-27.6568125,-234.1350625,-360.252375,-103.3378125,164.272625,338.8168125,-198.1354375,75.1274375,88.3826875,13.855375,196.1330625,-331.16575,29.5105625,-269.8346875,162.583375,-90.90475,-256.4769375,139.4308125,-61.1355,6.1101875,403.31675,92.030625,458.069125,24.066375,3.603125,120.7426875,-49.9365,401.4014375,-124.237375,-100.8211875,-52.0509375,294.25625,130.4995,109.898875,-251.677125,248.7965625,-90.7656875,-341.4195,-91.0510625,235.0130625,-113.7105,55.557625,275.822625,-4.957875,322.2380625,-52.1683125,296.386875,-27.718625,-121.40775,-264.3766875,-157.27725,42.599375,-211.235375,-428.86125,77.571125,323.7745,-118.18425,151.7046875,-97.2240625,133.0985625,47.4635625,137.13,-280.2105,151.51775,120.587875,111.307125,3.1818125,167.834625,-71.392,-35.9820625,248.17675,112.4988125,67.1156875,55.1775625,97.38025,117.0893125,-154.075,-103.6785625,122.089,441.699125,-163.207375,73.4575,134.706625,-262.8025,-220.907375,-165.59575,268.0155,5.84875,101.4059375,-305.5253125,101.744625,-79.3824375,-224.496125,304.838875,-370.1691875,-31.9246875,-75.1349375,129.4623125,215.8013125,55.5853125,16.0699375,70.49525,177.0056875,-92.2321875,250.4438125,-150.6785625,-332.398375,-530.04125,-39.569,-35.3185,64.4859375,-156.3715,212.3790625,216.0648125,-57.1229375,-11.5560625,249.4485625
3.372357592602879,102.6491875,-64.833375,-346.167625,-37.52975,71.159375,-55.8989375,-140.6415,-25.3709375,256.32175,64.3041875,-506.7049375,-104.4686875,-259.1346875,-60.729625,-215.830625,-301.8273125,-130.7921875,149.5810625,310.0376875,-217.9274375,56.2511875,81.153875,71.6990625,233.940625,-365.9953125,-49.0465625,-224.6236875,193.4645,-54.363875,-276.5680625,167.359875,-35.5621875,15.9475,359.2090625,125.973625,426.667625,38.9925625,-10.313375,126.29275,-40.251875,420.9273125,-124.251,-101.6324375,-59.6415625,365.202125,112.12875,71.2788125,-260.035625,314.2115,-134.7634375,-326.503125,-115.047875,234.4774375,-101.5293125,78.5358125,327.8145625,-10.5085625,274.626125,-28.8091875,286.969875,-68.538125,-151.270125,-232.7090625,-96.0759375,11.98025,-230.66375,-424.0406875,102.5305,302.995875,-136.4624375,186.4079375,-139.0484375,162.2775625,18.5500625,118.58425,-308.442,141.7773125,79.89525,177.7495,6.2488125,182.1993125,-48.9351875,71.1699375,264.09425,198.1453125,55.8151875,87.3896875,126.46725,104.37425,-126.019,-111.8250625,120.2391875,423.467875,-158.2589375,30.1700625,163.7400625,-287.996,-251.1843125,-195.737375,237.9586875,4.0014375,97.468125,-362.061125,136.7160625,-78.0699375,-216.889125,323.0680625,-380.9239375,-40.6313125,-16.1400625,180.59925,226.5938125,60.4864375,-48.175,87.087375,206.8440625,-89.0773125,285.4814375,-158.18225,-328.21,-539.361375,-7.326875,-64.2009375,107.287,-149.2765,218.83825,146.143625,-81.5545,-18.79975,227.45975
3.376430115324948,86.4604375,-50.9586875,-354.05625,-83.3534375,37.3725625,-75.31475,-178.9293125,53.808875,247.0950625,-25.3824375,-506.6594375,-93.0821875,-258.2421875,-61.41875,-171.4588125,-237.4010625,-160.69825,140.801375,285.0969375,-258.1616875,13.4021875,96.3641875,115.910375,276.8413125,-408.02325,-111.3548125,-176.6436875,202.3329375,-16.997375,-271.4155625,183.75,-13.4516875,31.813875,280.30625,157.393,375.934375,49.6106875,-12.97625,124.411,-34.0928125,418.238,-93.9334375,-76.53125,-62.2418125,423.7404375,111.8335,27.030375,-274.7885,381.0718125,-166.7213125,-299.9264375,-143.4226875,217.096875,-85.9015,77.1888125,349.8638125,-19.333625,211.193375,11.62475,263.6921875,-103.0215,-177.3361875,-196.6059375,-27.6773125,-12.3355625,-238.510375,-414.7786875,121.79725,282.9005,-142.3321875,203.3481875,-175.099875,192.6848125,-10.3149375,70.1350625,-334.2613125,130.0230625,56.9284375,214.2634375,-1.4306875,196.4770625,-13.9098125,167.377375,273.506875,286.593375,44.69675,108.4824375,150.9465,82.3441875,-87.7354375,-92.3060625,123.86425,395.5723125,-133.572,20.3810625,196.676875,-323.9055,-276.3185,-216.544,215.785,8.6021875,128.455125,-398.402375,182.3561875,-59.0293125,-214.2383125,317.2625,-392.5225625,-47.356125,44.8398125,214.4054375,246.1245625,66.244,-101.2665625,97.6614375,237.98575,-93.598375,286.3578125,-175.253625,-340.6324375,-520.0749375,-2.4005625,-90.0768125,130.906875,-151.7104375,232.4895,92.5409375,-97.3975,-24.862875,195.4603125
3.380502638047031,73.88775,-46.8514375,-366.105875,-119.7305625,-23.6873125,-93.2510625,-193.465625,105.478875,224.86925,-104.5531875,-490.6016875,-84.8518125,-261.64975,-28.06225,-117.621,-178.21775,-191.5125,140.7580625,277.1298125,-313.32775,-30.94175,117.69025,146.9351875,325.126,-451.655375,-140.3973125,-135.6525,187.1091875,13.442375,-245.8561875,196.3605625,2.2520625,57.7005,191.9523125,189.41725,305.357375,43.791875,2.43575,120.672,-30.45175,397.09525,-39.3251875,-25.9214375,-62.4135,456.4310625,128.2373125,-6.843625,-291.158125,439.7204375,-176.6845,-257.947,-164.5448125,192.095,-73.9585625,61.7154375,339.4059375,-32.69575,141.5840625,61.8076875,237.6928125,-128.7590625,-185.7363125,-164.37675,46.9755,-30.1209375,-235.083,-411.239875,134.4839375,276.546875,-123.64225,203.153375,-193.656125,224.6169375,-35.031375,7.6851875,-356.559125,112.156625,60.468125,208.86525,-4.533625,196.501,14.2700625,231.375875,276.343375,351.5776875,35.2709375,102.0238125,175.237375,54.9614375,-32.35125,-54.6848125,116.660625,359.6233125,-98.0709375,45.1741875,209.3334375,-370.7235,-296.66475,-222.89725,200.75925,24.792625,179.237625,-412.754375,230.5921875,-28.7435625,-207.4489375,297.147625,-409.7,-46.598875,96.8388125,232.34975,277.3719375,66.5389375,-138.993125,99.8394375,262.518625,-85.2366875,254.289,-183.46775,-352.304375,-465.324875,-18.19025,-101.732875,137.19125,-172.08,244.2413125,47.7665,-97.6040625,-40.407875,156.8286875
3.3845751607691,65.7526875,-53.9218125,-382.0155,-166.435375,-101.204375,-108.85425,-174.406625,125.5504375,185.36725,-156.896875,-451.9551875,-79.77225,-266.6508125,19.664875,-70.1195,-130.8253125,-218.501625,148.6955625,290.012,-369.763375,-50.41575,127.7269375,173.4805625,375.108875,-493.563125,-134.6309375,-102.3188125,140.634625,30.555,-207.0136875,209.3506875,15.065875,86.130625,111.5351875,225.942875,214.222375,9.8579375,33.4050625,123.526125,-28.2256875,354.5274375,21.5655625,43.3224375,-60.191375,459.221625,148.281375,-21.640875,-296.1269375,484.0878125,-159.624375,-206.0075625,-170.34925,168.5013125,-74.923,42.0459375,300.6613125,-54.956625,71.9048125,112.1091875,219.332375,-146.6606875,-164.09975,-142.6074375,121.962,-42.8891875,-233.246,-414.5646875,144.758375,284.8449375,-81.11225,192.1310625,-190.2224375,247.9728125,-52.8110625,-49.23925,-376.2579375,83.4904375,88.68975,164.7708125,9.02975,176.8663125,31.177125,254.99875,273.01375,378.9970625,27.6785625,68.99675,204.5833125,26.21525,40.5001875,-17.248875,93.4665,312.1855,-72.2744375,89.8510625,192.444875,-413.99725,-307.9971875,-210.568125,195.63525,45.7854375,219.7185625,-406.6370625,266.7400625,5.07575,-192.321625,274.3499375,-427.3944375,-31.110125,137.3155625,247.447625,316.5535,64.259125,-156.6590625,93.9623125,274.6005,-48.99,203.600375,-171.21525,-344.1936875,-381.37925,-41.30225,-98.597125,129.5189375,-210.753625,242.298,-4.0168125,-84.047625,-69.813875,126.221375
3.3886476834911834,55.52975,-69.0438125,-393.386,-232.022875,-179.695125,-119.2333125,-121.4520625,122.31875,134.564875,-172.3240625,-392.748875,-79.7646875,-266.798625,54.10025,-33.7090625,-96.312875,-235.9354375,161.296875,315.846625,-412.014875,-31.92475,125.071,204.9529375,417.590125,-532.764,-103.543875,-72.7630625,66.791625,32.1155625,-164.9026875,219.997375,32.8249375,108.289,45.61125,262.16425,109.3138125,-58.3361875,79.0388125,140.9250625,-21.414125,294.2004375,68.719625,123.3484375,-49.605125,438.6550625,155.779875,-20.945875,-278.8901875,511.814,-125.5751875,-156.603375,-157.0601875,149.7146875,-95.668875,21.7865,243.25925,-86.24125,8.3291875,156.8515,202.456125,-152.530875,-112.01175,-133.470125,190.788625,-50.649,-245.32275,-414.0530625,159.8034375,304.6893125,-27.1909375,173.869625,-170.918875,251.6910625,-64.31075,-86.5670625,-393.8033125,47.068125,131.7305625,103.936125,33.831125,146.0435,52.306625,243.981375,256.254,372.6365625,20.538,22.1176875,239.6974375,-0.8483125,122.7790625,6.1959375,59.4775625,252.737125,-70.5531875,134.06425,152.5744375,-439.7038125,-306.8528125,-178.0315625,211.1701875,58.3105,225.255125,-381.7591875,283.3213125,39.0045625,-176.1398125,252.3700625,-434.174625,2.3741875,167.217625,269.6455625,352.1559375,73.0758125,-149.8481875,85.1779375,274.2419375,9.24,151.3563125,-144.3745625,-308.480875,-281.9454375,-58.6925625,-87.0223125,111.4705625,-258.9545625,226.57625,-73.001875,-66.0729375,-108.5406875,117.904375
3.3927202062132524,38.4421875,-83.9561875,-388.30225,-306.5335625,-245.2951875,-122.9383125,-47.9066875,112.4953125,82.701875,-151.5523125,-327.02975,-84.9278125,-254.673625,62.1563125,-8.5671875,-72.2319375,-240.987,174.05575,339.6361875,-424.8830625,19.700625,120.1833125,238.744375,447.698375,-564.5295625,-58.8905625,-45.007625,-11.081125,22.5439375,-131.4494375,223.3915,61.555625,120.5218125,-4.4785625,291.20925,6.0184375,-153.599625,137.8624375,172.0890625,-5.2259375,233.69275,92.4218125,205.2821875,-26.0596875,405.4771875,141.1533125,-15.9858125,-234.4020625,527.534875,-88.5325625,-123.75825,-127.7139375,135.2899375,-133.68125,3.383125,181.060625,-124.60375,-43.330375,194.6110625,173.770125,-144.1380625,-46.733875,-131.78725,248.1695625,-55.4756875,-274.2603125,-401.3343125,181.2709375,332.9418125,26.3253125,148.2695,-147.6365,231.0549375,-71.0145625,-102.662125,-407.1148125,19.5450625,177.472,52.468875,53.1551875,119.717,92.574375,210.8916875,220.3798125,348.37775,14.6925625,-27.735875,276.20975,-25.956375,202.592875,13.91225,22.881625,182.912,-82.539875,164.81975,103.60775,-451.2696875,-297.8470625,-126.934625,250.6014375,51.7049375,193.3965625,-338.863,285.0395,71.1535,-164.6175,225.611375,-421.6375625,50.1789375,187.806,296.5709375,372.55125,104.059375,-119.6374375,81.3894375,265.5201875,68.77575,107.9669375,-117.38375,-250.885125,-180.843625,-62.231875,-68.7253125,85.710125,-305.033125,208.1829375,-154.0785,-56.900375,-144.0723125,133.242
3.3967927289353357,18.4220625,-89.2271875,-362.4065625,-373.4440625,-288.8300625,-124.2315625,24.2145625,107.6739375,36.023375,-105.6734375,-271.3728125,-89.360375,-226.3323125,47.29075,2.8188125,-56.4658125,-233.6299375,180.1003125,349.5664375,-402.174125,91.416375,122.7974375,264.3813125,469.765625,-575.6596875,-11.9319375,-22.0328125,-69.8264375,9.4180625,-113.6600625,218.331,102.9144375,118.1921875,-35.3856875,307.8403125,-78.547,-254.1693125,198.2096875,204.8511875,13.31475,194.401125,98.3665625,276.0595625,4.577125,365.6533125,107.2341875,-15.468875,-164.2668125,537.118375,-52.6756875,-116.7299375,-89.479625,127.43125,-175.3761875,-5.0321875,128.41575,-168.1816875,-77.415125,221.581375,132.002125,-131.1485625,11.975125,-124.9104375,291.097,-58.4095,-316.2225625,-379.6226875,204.2744375,364.385625,73.3295,123.7683125,-130.9735625,190.0385,-72.72925,-104.6566875,-415.4288125,17.687125,213.05625,19.6875625,59.2361875,109.1504375,150.70975,164.7965,174.4659375,324.1990625,11.25525,-78.237,307.6965625,-51.4643125,266.9380625,10.948125,-9.0958125,103.2834375,-84.3789375,178.8199375,56.657625,-463.321,-290.710375,-61.203125,300.4974375,31.3374375,135.7766875,-276.0149375,277.857625,100.0080625,-155.686625,185.0834375,-389.224625,104.2319375,201.112375,313.2840625,374.0943125,156.4388125,-76.3971875,85.505375,255.415375,115.825625,74.5691875,-100.267625,-183.5134375,-86.768,-52.959,-43.159375,54.8074375,-342.75625,196.477125,-232.4735,-63.9703125,-163.021125,160.2301875
3.400865251657419,1.2675,-78.346125,-316.4580625,-419.0305,-305.449625,-127.1879375,75.8291875,102.3751875,-1.047375,-51.5404375,-231.1905,-84.67475,-185.33575,18.0980625,0.1151875,-47.3584375,-220.24475,173.4734375,343.962625,-354.2586875,173.2678125,136.6655,280.074875,488.5911875,-555.8455625,29.1465625,-8.588625,-105.88725,-4.1105625,-112.6318125,208.8881875,155.516375,90.8951875,-38.1351875,297.6333125,-135.8605,-335.2096875,240.7673125,223.345,22.130375,183.67375,101.9175625,319.346625,29.9405625,317.6300625,67.188375,-21.454625,-76.780875,538.6940625,-14.9615625,-135.0218125,-47.6760625,128.9124375,-206.2005,0.6571875,94.693125,-213.721875,-90.781125,234.688875,86.5315625,-124.085375,56.8166875,-100.3156875,320.6973125,-57.1884375,-364.25925,-356.576625,223.011,388.424,109.1108125,118.263125,-122.7450625,141.3303125,-66.9495,-96.566,-421.8394375,40.938375,227.6305625,-2.568625,56.9384375,116.2331875,211.2359375,111.9635625,135.8795,309.8536875,4.569,-133.4025,326.2428125,-79.05925,305.172625,3.75925,-33.809875,19.3004375,-61.8815625,176.9159375,12.88375,-483.3203125,-291.5575,14.1680625,343.479375,20.08475,64.504625,-194.541875,259.1498125,126.6346875,-148.09425,129.0216875,-345.5165,154.107375,209.325625,301.9074375,360.5914375,220.6044375,-37.1915,89.702375,250.696375,147.4815625,48.0508125,-95.8434375,-116.505375,-7.5544375,-37.4680625,-16.4228125,21.8458125,-372.944875,190.5458125,-300.0028125,-81.057375,-159.3355625,180.7481875
3.404937774379488,-13.924375,-55.669625,-253.183125,-435.0263125,-296.7804375,-127.0024375,100.0976875,81.70775,-27.1796875,-2.934125,-202.8593125,-70.17075,-142.80175,-14.3520625,-12.4364375,-40.1149375,-212.5568125,154.158,325.387625,-298.0949375,255.8869375,162.2906875,294.813375,500.4233125,-506.7799375,63.195875,-3.9366875,-129.8198125,-19.3829375,-124.6488125,200.920625,213.167625,30.956125,-8.972875,243.2578125,-168.651875,-382.5040625,252.194625,219.366875,18.2658125,189.1795,111.0723125,325.6110625,44.022375,258.063375,33.288625,-35.1776875,18.28975,527.03075,27.823,-168.351125,-3.8755,136.81525,-222.10125,12.1548125,77.5171875,-258.775375,-84.04175,238.96575,48.02025,-119.117,86.3521875,-56.4696875,338.3895,-51.8940625,-410.1964375,-338.420625,236.5691875,389.78625,129.151875,139.4120625,-114.4263125,99.0908125,-50.6,-73.72775,-428.4456875,72.7635625,221.733,-26.18375,51.7794375,135.0985625,256.74825,61.516125,112.759125,304.293125,-16.2004375,-195.0704375,323.505625,-107.096,316.02075,0.3263125,-52.53625,-55.8160625,-17.787625,162.1895,-35.921375,-509.403375,-299.876625,94.0480625,370.9526875,36.219375,-10.1011875,-107.0048125,226.0711875,153.541125,-144.9071875,64.141,-307.040375,187.6215,212.6595,259.460625,333.0830625,281.920875,-15.7555625,81.916,252.5523125,161.702875,22.379375,-104.423625,-57.617875,45.9395,-17.5583125,6.342125,-10.6631875,-400.223125,183.4845,-356.8340625,-98.0684375,-138.2314375,179.80575
3.409010297101571,-33.3509375,-38.7943125,-182.284625,-423.0130625,-273.1529375,-115.565125,102.836125,42.029625,-46.282125,35.247,-182.0659375,-54.14075,-114.029625,-35.895625,-31.1835,-27.7714375,-215.9045625,129.1505625,291.494625,-244.12775,325.477125,199.4414375,316.2448125,496.0456875,-439.02225,94.30825,-1.2466875,-147.5791875,-35.31525,-138.21525,202.833,262.0935,-54.555125,41.694,148.592875,-185.819625,-396.8591875,233.31225,201.1029375,10.11525,188.7435625,117.56425,301.960875,52.864,188.10375,7.6023125,-54.69725,116.21175,500.828875,73.6086875,-202.4796875,39.404,141.9713125,-228.461375,19.4069375,66.2501875,-302.8628125,-63.1843125,240.7460625,24.5030625,-100.499,99.1245625,-4.37675,344.089375,-46.169875,-443.817,-327.81675,252.128625,360.067625,129.825,172.8786875,-98.1944375,67.935375,-21.14925,-30.22125,-431.898125,95.9068125,209.3266875,-54.9806875,43.243125,153.4754375,280.11975,26.53975,99.1678125,302.5844375,-57.7391875,-254.3218125,298.2640625,-130.989125,308.42,9.86625,-66.555375,-111.0171875,34.7435,142.1569375,-95.0619375,-532.309375,-311.2725625,171.8335625,380.8985,74.5441875,-75.2695,-28.6934375,182.3115,183.692625,-143.80525,0.4601875,-288.900875,195.15675,211.8876875,201.5244375,286.608875,327.86425,-13.502375,58.16325,255.9724375,159.532375,-11.3726875,-123.505125,-15.3860625,67.9415,9.7615625,29.9604375,-39.3793125,-429.2914375,170.7649375,-399.0931875,-115.715375,-110.3383125,153.6523125
3.4130828198236403,-55.2068125,-43.8040625,-115.868625,-396.526125,-247.7088125,-92.6910625,92.28825,-1.498625,-65.9318125,60.8735625,-167.3745,-40.2875,-110.18625,-37.149125,-53.865125,-11.0183125,-224.1781875,106.48025,238.394625,-194.4283125,368.606375,246.9498125,342.71025,470.88425,-362.3940625,124.4630625,4.51425,-153.942125,-46.811125,-136.4049375,224.687625,289.161,-142.5344375,96.39025,39.5475625,-197.0083125,-389.7093125,194.206,183.692375,10.687875,164.84425,108.5718125,265.166375,68.823875,115.391,-12.5200625,-68.6533125,218.7040625,460.922125,109.907,-225.0165,74.3795625,133.63475,-227.8093125,21.579375,58.78175,-344.7540625,-41.4056875,241.1260625,17.137375,-55.302875,97.3540625,42.441625,337.5776875,-43.4854375,-455.533125,-320.4865,280.9759375,306.98375,107.8145625,197.090625,-73.914125,42.6330625,18.8114375,29.702125,-426.4009375,103.3283125,202.061875,-80.81325,31.44625,158.22425,286.2839375,16.0376875,85.75275,298.5963125,-116.6309375,-296.5430625,257.9989375,-145.2178125,292.127125,38.0854375,-75.825,-146.855375,84.406375,126.2786875,-155.0989375,-534.773875,-321.56025,237.617625,374.4645,115.8653125,-116.5138125,35.632875,134.5145,215.5870625,-136.5216875,-51.45375,-291.449875,179.558875,210.7998125,146.6915625,219.6455,350.5381875,-21.46025,27.07325,258.5714375,152.7154375,-56.9565625,-143.0948125,5.1899375,64.45725,44.08525,59.59075,-62.608875,-460.044625,150.17225,-416.625625,-139.9548125,-83.027375,107.9919375
3.4171553425457235,-66.3785625,-73.024375,-58.7135625,-374.1739375,-226.2231875,-65.187875,71.47825,-29.3348125,-91.6381875,68.7671875,-156.9968125,-22.40775,-130.8268125,-20.0658125,-77.208,-0.188375,-229.7745625,88.136875,168.434,-142.5931875,379.8295625,300.3398125,363.662875,428.7654375,-279.4264375,148.6748125,11.954875,-143.6586875,-49.8664375,-109.16725,268.241875,295.801375,-208.239125,145.661875,-58.1113125,-207.4830625,-376.3219375,145.7585,171.17975,28.5965,118.019375,81.8598125,228.004375,100.62825,49.19625,-27.694,-68.6211875,326.023125,407.36775,120.7115625,-227.8994375,91.2235,107.3299375,-213.714125,23.6058125,64.71675,-376.207125,-31.8681875,241.488125,18.34025,11.909375,87.2610625,76.6664375,316.3085625,-47.2529375,-446.3530625,-308.7694375,325.192875,245.1558125,62.440625,206.172875,-44.81575,18.977875,54.739,89.4024375,-409.091125,95.6119375,196.47575,-90.21725,23.4728125,147.766125,283.2645,25.289625,68.3093125,286.6261875,-183.2605625,-313.0101875,208.8284375,-144.5803125,270.457625,83.9330625,-78.2379375,-173.77225,126.526375,118.0475625,-196.414125,-502.80675,-328.20825,283.445625,360.4121875,148.361125,-127.06425,87.5860625,87.5550625,237.4945,-122.1384375,-86.050875,-298.0826875,157.45,211.7403125,107.1505625,139.91575,341.86525,-29.2228125,2.440625,263.5201875,157.89775,-106.1583125,-148.7700625,8.1781875,46.046875,77.936875,89.8795625,-87.5185625,-488.9435625,122.0646875,-404.26525,-165.0535625,-60.709875,50.966375
3.4212278652677925,-58.8226875,-118.8301875,-8.024625,-366.7860625,-206.31125,-40.755375,42.1983125,-33.0795,-119.9225625,56.2085625,-144.6371875,8.373875,-166.9250625,5.846375,-98.324125,-1.8160625,-232.3735,71.0488125,88.395125,-81.0858125,367.3984375,348.24025,366.4453125,381.880125,-191.8839375,161.4839375,14.9929375,-120.0786875,-43.9638125,-60.84925,321.61475,295.6535625,-241.3456875,191.6908125,-130.097,-217.7410625,-366.3701875,93.8730625,156.2760625,64.6576875,67.919875,42.5974375,194.1781875,146.155,-6.2309375,-37.6744375,-64.1188125,427.1878125,342.68825,100.214125,-208.253125,88.01075,67.92725,-181.0893125,27.4389375,90.307875,-382.387,-39.8598125,243.41725,16.0498125,78.1365,78.1214375,95.875375,275.616,-60.844125,-429.7915625,-288.495,374.4133125,185.580125,-1.7393125,207.691375,-8.7084375,-2.4291875,64.38225,129.936,-382.6929375,75.5658125,182.78675,-78.1983125,25.4115,133.1921875,275.969125,38.3373125,50.313,264.8030625,-248.3825625,-304.5005625,152.25275,-124.040875,242.583375,141.305,-70.26975,-200.375375,157.876,114.5875625,-204.2999375,-439.3510625,-327.8540625,308.180125,350.8020625,171.2845,-113.3396875,125.961375,44.584625,236.004,-107.9839375,-106.59225,-286.303875,143.6285,211.7193125,87.9388125,61.929,299.1416875,-36.4805,-9.188375,271.284375,184.1519375,-142.257,-133.150125,3.2998125,20.905,101.016375,111.383875,-127.468375,-514.255375,93.7761875,-367.6713125,-176.220125,-46.4971875,-5.8868125
3.425300387989876,-36.8740625,-167.387875,41.3241875,-372.729625,-183.885375,-24.831125,8.5311875,-19.108,-141.0015,30.29325,-123.9344375,57.748375,-209.06825,31.813375,-114.069375,-13.409375,-235.1879375,53.28375,4.3789375,-13.5116875,348.779625,378.8635,343.514625,345.9445,-110.4273125,166.7523125,8.4229375,-91.4818125,-31.3448125,-3.3414375,367.164,300.4303125,-244.3220625,232.5109375,-172.778625,-225.707625,-355.7679375,39.707,132.6123125,112.700125,36.4206875,-4.9738125,160.6914375,190.4040625,-50.6593125,-39.1959375,-73.5725,502.56675,277.9273125,57.4425,-169.0103125,73.6396875,25.572375,-135.9555625,30.2473125,131.63125,-356.30625,-62.7546875,245.963875,0.426,122.698875,79.8171875,100.988375,215.7479375,-84.1975,-420.5904375,-260.7161875,416.991125,134.32525,-76.9946875,203.1168125,40.2673125,-21.6695625,34.805,141.6394375,-351.9369375,48.8481875,161.6614375,-49.9704375,32.261875,124.66225,265.3745625,37.304125,44.85925,232.582375,-302.42875,-278.7625,93.2306875,-85.4753125,207.7520625,201.6910625,-51.002375,-225.2760625,174.590875,113.255375,-179.214625,-359.8076875,-317.511,312.5321875,349.723375,181.96425,-88.6861875,152.332125,11.6225625,212.6239375,-101.2273125,-123.381125,-240.7469375,137.449,206.28725,85.271375,0.8866875,232.9131875,-56.029625,-11.2358125,276.8765625,227.612375,-149.7176875,-100.4440625,-1.121375,-3.45575,109.4334375,125.296125,-184.066375,-533.8818125,79.0905625,-319.992875,-167.4445,-39.0055,-48.133125
3.429372910711959,-7.244625,-202.1125625,90.8069375,-383.7473125,-161.0130625,-20.323,-25.3948125,-5.20875,-148.07325,4.0965625,-94.7905,122.91625,-253.2878125,55.433,-122.289,-32.0455,-237.1938125,35.092625,-74.0775,51.2298125,339.2010625,388.84625,294.7105,327.371,-45.3241875,173.78075,-5.2481875,-65.9643125,-17.5475625,52.3948125,392.52225,315.345625,-220.217125,253.37175,-188.8431875,-226.3486875,-333.304875,-12.466625,100.2968125,161.4451875,32.49975,-54.6046875,120.36425,216.165875,-80.7096875,-28.2300625,-102.507375,538.092625,228.581625,10.0109375,-121.251,62.351125,-10.3535625,-95.065375,27.452375,179.9708125,-307.33275,-90.7988125,249.099125,-29.350625,146.898875,95.90025,101.4836875,145.0219375,-114.6270625,-425.073125,-229.394625,448.037125,92.8408125,-151.7015,184.456875,101.2949375,-40.1469375,-28.05875,121.1505,-318.76725,23.6745625,143.9475,-11.444625,35.505875,123.222125,249.489,10.691625,65.399375,189.8525625,-335.2291875,-246.3620625,41.72325,-42.6689375,167.534125,257.001625,-24.6375625,-246.442875,175.4869375,116.62325,-134.857875,-280.05675,-296.82975,294.80975,351.866125,172.9304375,-64.025875,176.5500625,-5.6831875,186.0598125,-106.600125,-150.723125,-160.9596875,127.5415625,194.3404375,85.1661875,-35.1350625,161.287875,-98.365375,-11.7620625,274.9501875,276.583,-122.923,-56.4100625,-4.6106875,-17.8091875,110.22925,142.65425,-239.0683125,-539.5658125,91.715625,-275.304125,-148.64625,-29.344125,-63.9943125
3.433445433434028,27.638,-214.6499375,132.6309375,-392.6071875,-150.983125,-28.2338125,-58.649125,-8.0625625,-140.5951875,-16.3765625,-63.8868125,192.603875,-302.4489375,84.4656875,-127.460875,-62.5170625,-234.5165,14.531,-130.566875,107.3239375,346.6996875,382.46875,225.1873125,317.361375,6.3234375,183.6628125,-15.6960625,-48.675125,-9.710875,99.2280625,398.1946875,338.36,-170.9021875,242.2783125,-177.690875,-214.049,-297.2356875,-52.3578125,64.156125,198.1735625,51.3629375,-97.8625,68.06525,220.697125,-93.073,-6.8110625,-139.1858125,534.036625,202.1958125,-29.1343125,-80.0840625,66.5660625,-38.9011875,-78.4854375,14.4806875,224.021625,-255.359,-114.518875,253.1419375,-62.60075,161.777375,117.7849375,109.0578125,76.5440625,-147.40725,-439.36275,-199.3705,470.2465,62.31575,-211.7989375,145.5814375,164.7418125,-55.75725,-106.7043125,66.2840625,-285.172375,3.856625,135.6325625,30.392,36.6003125,122.7345,225.9638125,-43.6291875,112.7170625,143.373375,-339.412875,-215.248875,5.732375,-11.62675,126.847125,298.0731875,5.942125,-270.3309375,163.4585625,128.9909375,-87.7908125,-213.25075,-266.8394375,253.2684375,354.6166875,141.62275,-41.980625,206.432625,-7.089125,177.1794375,-122.632625,-193.9054375,-60.4768125,107.943,175.1035625,70.0638125,-47.1315625,101.0855,-157.108375,-18.939125,264.9974375,319.918625,-66.362875,-2.8455,-13.316375,-13.82375,113.3425,170.1168125,-271.61175,-523.3991875,134.6206875,-241.4501875,-134.3825,-6.0425,-47.9986875
3.4375179561561113,65.46125,-209.0211875,152.2545625,-395.2484375,-169.3816875,-41.7999375,-92.912375,-25.6561875,-124.2065625,-32.7416875,-39.444875,255.189875,-358.9435,129.14175,-137.573125,-112.963625,-224.43475,-13.6435625,-149.0286875,145.8415625,371.225125,366.310125,142.6481875,301.556125,54.777125,189.03325,-9.6144375,-41.3145,-9.8145625,137.21875,394.599875,357.3449375,-103.678375,206.5799375,-135.87425,-187.5808125,-256.2095,-75.6965,30.941,214.2835,80.66925,-132.0781875,6.8921875,215.6594375,-93.043125,17.2195,-169.26025,500.7575,191.9920625,-55.2005,-53.4665,88.861125,-67.4855,-94.35525,-10.941,251.0643125,-221.1915,-134.060625,257.122625,-83.9320625,166.4856875,129.66975,120.6370625,22.962,-171.8133125,-453.6103125,-173.7579375,488.2708125,45.5861875,-248.2089375,85.2671875,216.535125,-62.5283125,-181.3774375,-13.0564375,-253.68325,-14.2678125,133.7836875,64.6360625,42.1826875,118.0223125,196.311875,-118.9298125,175.1756875,106.222875,-316.170375,-189.1245,-9.8104375,2.5160625,91.298375,313.419125,44.5595625,-303.2699375,143.7613125,149.8961875,-49.79475,-167.5353125,-231.8699375,194.42475,366.1565,94.5278125,-19.9528125,240.6248125,6.62575,190.444125,-141.7275625,-241.453375,39.965375,83.8970625,147.6845625,33.869625,-37.9303125,63.296375,-216.1064375,-37.24775,251.6571875,351.8025,4.844875,56.8621875,-27.6119375,10.966875,121.5414375,203.6371875,-275.1154375,-490.88,193.687375,-218.992,-131.0690625,35.691,-3.278125
3.4415904788781804,96.4755625,-193.2274375,140.134375,-387.39775,-219.199125,-43.756125,-129.2515625,-41.52375,-110.4350625,-43.90425,-24.5149375,304.1391875,-416.4556875,187.4178125,-152.929625,-181.74825,-207.3866875,-50.8926875,-121.476375,155.5335,405.53025,342.9868125,56.75575,272.5774375,104.77425,185.5770625,23.366625,-43.484375,-13.8010625,172.7894375,388.2549375,358.2938125,-29.7845625,163.45425,-70.9451875,-151.6445625,-216.9625,-89.4625625,3.5183125,210.058875,106.7924375,-161.14825,-53.638875,212.3054375,-92.7070625,33.7815,-184.1940625,450.048875,187.020625,-61.709875,-35.933625,118.6388125,-99.3295,-133.56175,-46.6159375,256.2295625,-218.2281875,-156.521375,263.050375,-85.1500625,151.77,124.691375,122.4709375,-8.4784375,-171.7113125,-458.602,-149.56825,503.4526875,45.6495625,-257.9008125,3.1146875,245.1708125,-56.2149375,-234.5949375,-88.7604375,-221.8933125,-31.7774375,135.883125,84.0923125,49.9573125,113.0674375,166.4113125,-200.64975,237.5421875,86.097,-278.8541875,-170.52875,-3.4444375,9.1748125,66.4194375,297.232125,92.91725,-340.3024375,122.5331875,170.480875,-24.5941875,-141.2538125,-200.2625625,135.5983125,391.006875,45.9575,0.7828125,274.5843125,36.333,209.98325,-157.1494375,-279.27125,119.3470625,63.155625,113.7964375,-12.997375,-8.1139375,51.353875,-264.334875,-62.49575,239.7718125,371.8460625,66.9905,119.2373125,-38.7306875,49.417125,129.842,233.0211875,-255.2696875,-455.4048125,247.233375,-205.76275,-135.8544375,90.65175,59.10875
3.4456630016002636,104.27125,-172.683875,99.038375,-368.58325,-286.9111875,-21.259875,-163.4099375,-47.8940625,-106.1030625,-43.487,-13.8069375,336.98125,-461.896375,243.5138125,-166.8235625,-258.6041875,-188.0385,-88.9588125,-54.4005625,136.3665625,439.0741875,312.2108125,-20.678625,229.1213125,149.2719375,174.6734375,83.9688125,-52.4720625,-16.4560625,209.9530625,374.5933125,336.406,41.0095,120.3651875,-2.3903125,-109.9819375,-183.7414375,-98.821125,-21.3045625,192.0973125,122.3776875,-189.1558125,-103.276875,214.7449375,-98.268625,36.5519375,-178.6684375,392.372625,185.78725,-41.2274375,-16.3418125,139.3705625,-127.6838125,-183.6173125,-84.252625,249.601625,-248.4165625,-184.84125,277.3081875,-70.9670625,116.2794375,110.001875,112.190375,-17.330875,-138.2230625,-446.10425,-120.942,512.211875,62.8783125,-242.97025,-99.64425,247.0698125,-34.4750625,-255.52025,-131.1880625,-184.5251875,-41.5913125,145.0748125,90.8811875,53.041375,116.721625,139.958625,-270.941875,288.4663125,80.4728125,-244.3784375,-159.6476875,19.17775,23.0623125,58.7639375,259.472125,143.031375,-365.9430625,103.755875,175.36775,-6.8688125,-124.0870625,-175.847375,92.992875,416.7421875,10.0421875,15.4136875,301.1824375,80.2471875,216.9945625,-163.4588125,-302.1318125,165.380875,46.2581875,72.2244375,-56.786125,39.5325,59.662,-300.4449375,-82.9375,228.769875,383.2818125,101.3519375,184.8254375,-41.776,87.1805625,133.2703125,247.4870625,-218.475,-420.587375,281.3035,-198.3171875,-141.6434375,148.00825,123.280625
3.4497355243223327,77.3410625,-148.950625,40.014125,-345.8846875,-350.36675,21.90775,-183.6679375,-51.4995,-104.98575,-26.1476875,2.0768125,351.854375,-481.66375,278.3848125,-176.6559375,-335.3458125,-170.7038125,-111.03625,32.0855625,104.1043125,461.6035,279.5229375,-79.75825,171.5985625,174.0393125,157.0273125,160.420125,-62.9024375,-13.8885,248.1256875,344.6415625,297.5214375,101.5135625,78.8330625,53.6475,-60.0794375,-165.8019375,-101.2814375,-44.2035625,168.54575,131.86925,-215.3720625,-135.2759375,225.1409375,-98.616625,26.633,-151.4249375,340.5631875,194.352625,2.5015625,8.57025,140.2088125,-143.659625,-239.2644375,-113.76525,246.568625,-301.9244375,-206.3776875,302.98675,-51.5185,70.1146875,95.4785,105.14425,-10.1875625,-82.2129375,-405.386875,-88.1815625,504.2319375,91.0265,-209.744375,-212.8325,226.19675,8.4360625,-246.353,-129.3673125,-140.0229375,-37.612625,166.974,91.758375,54.612,127.7220625,114.3160625,-318.8281875,325.262375,82.6596875,-218.36475,-152.7479375,45.889,52.058875,72.7759375,224.9184375,184.4655,-364.6950625,90.0335,155.726625,14.618,-105.335875,-153.8913125,71.553875,427.57675,-9.369875,21.8215625,310.8046875,131.58275,206.768125,-156.62425,-306.7055,182.7805625,27.259375,17.1280625,-93.4501875,95.4271875,75.24625,-328.49875,-89.548375,213.814125,389.31275,104.053625,251.7564375,-42.7841875,112.0744375,134.1843125,244.055875,-167.044375,-381.2215,293.565625,-192.681125,-138.7879375,198.4846875,170.4788125
3.453808047044416,16.2975,-116.8788125,-25.1501875,-326.8089375,-392.09,77.5850625,-179.010375,-56.173,-97.2559375,4.171,28.718125,348.2390625,-467.8903125,276.686375,-184.4231875,-404.232625,-151.9018125,-97.0918125,115.5288125,77.598,466.1964375,253.9438125,-116.4325,108.1775,171.6605625,133.918875,232.3508125,-70.0171875,-6.679125,287.93625,297.156875,254.0351875,146.9458125,44.6650625,91.4126875,-2.791875,-170.7120625,-91.924625,-56.8658125,147.4030625,143.30675,-233.8118125,-148.967375,246.5300625,-73.0043125,4.22025,-110.3565,305.3821875,215.0515625,55.5765,32.144875,123.915375,-145.1199375,-298.0926875,-130.3553125,250.500125,-364.4448125,-200.9591875,335.2623125,-33.8538125,26.53,87.581,115.2885,-0.9101875,-27.120625,-327.4839375,-58.4990625,468.0551875,119.97575,-164.6549375,-316.754625,189.2298125,77.836,-221.95925,-95.895875,-89.8786875,-20.8913125,200.3441875,92.7886875,65.073125,133.1205,88.548625,-343.21125,348.1606875,87.6613125,-192.9814375,-147.7574375,61.5015,94.954,108.16125,213.8813125,213.1484375,-332.01775,86.847625,115.347875,48.1684375,-81.043,-129.4604375,66.358375,421.0685,-16.5771875,20.033,301.0004375,182.23575,187.9590625,-140.9120625,-288.953625,188.866125,-0.604125,-54.2381875,-125.793625,143.4498125,87.576625,-350.792875,-83.9425625,190.836,390.6006875,81.19325,310.8274375,-48.51325,118.864,138.2194375,230.565125,-104.2589375,-341.1446875,288.9133125,-187.360625,-120.4800625,236.389375,186.35425
3.457880569766499,-68.1550625,-72.5764375,-88.6924375,-313.372,-408.5665625,144.903,-153.8839375,-55.83475,-78.6458125,34.4075625,62.4296875,327.1540625,-427.2395625,229.353,-189.42575,-451.5309375,-122.6218125,-38.7026875,178.0461875,66.286625,454.655375,237.17025,-126.1866875,54.6490625,148.543625,114.1541875,281.844375,-73.6461875,0.954,327.5239375,241.11325,219.566375,178.68475,24.359625,113.269375,51.8945625,-192.2665625,-66.456,-48.6331875,134.8015625,155.9163125,-239.305375,-151.9020625,277.5825,-8.0820625,-34.5105625,-67.7936875,286.624875,242.8205,105.1975625,48.5775,105.2108125,-137.836875,-356.716,-134.7576875,252.1171875,-427.8501875,-164.7955625,366.618375,-25.77875,-5.088875,94.829875,139.7326875,-2.5126875,10.9018125,-215.707125,-39.299875,403.000875,141.994375,-113.3384375,-393.5035625,142.7710625,169.9973125,-201.173875,-53.5005,-38.0611875,5.302875,231.587375,96.9305625,88.731375,124.9553125,69.8269375,-344.3870625,351.0325625,93.6141875,-161.117625,-149.1355625,58.221,143.523625,158.1244375,222.8525,232.147,-275.15575,99.96475,61.6011875,90.501,-53.121875,-106.1024375,68.6416875,405.235875,-13.9306875,10.771,278.7164375,226.4464375,172.5893125,-129.299375,-250.0489375,199.921,-40.918375,-134.1538125,-152.5603125,169.8255,96.492625,-365.13625,-75.0614375,157.8156875,385.961125,41.102875,348.5344375,-54.453375,108.7389375,147.44325,215.007,-38.3345625,-317.867875,271.53325,-183.8408125,-90.6060625,254.3588125,170.069
3.461953092488568,-160.3820625,-28.08375,-146.2254375,-303.2568125,-409.3515625,219.2460625,-128.16075,-47.47175,-49.19325,53.961375,92.1063125,287.9814375,-379.289,140.14075,-186.27725,-465.3804375,-75.9138125,51.1810625,210.1425625,69.174125,434.3844375,225.76575,-101.6626875,23.6664375,115.1760625,111.2444375,300.8718125,-74.6753125,6.4515,357.8975625,184.9408125,202.25325,205.81625,20.05275,127.7661875,92.476,-218.50875,-26.7238125,-14.7486875,131.9973125,160.4976875,-236.510875,-157.048125,311.12325,94.9783125,-87.9361875,-27.38625,279.1505,270.223125,142.0239375,58.929,98.63525,-126.1790625,-412.6241875,-129.9555625,247.4423125,-488.79525,-116.047375,390.8880625,-35.1178125,-23.5959375,126.383,167.180125,-14.122625,30.594625,-90.5791875,-29.4960625,324.0050625,153.4456875,-61.646625,-433.6831875,93.3229375,272.9400625,-199.9733125,-16.4080625,4.7998125,40.208625,246.8593125,100.7276875,121.468,108.6790625,65.0924375,-322.76075,328.6831875,101.0206875,-124.59475,-165.4555625,45.5348125,184.7543125,209.182,230.6085625,250.417875,-206.2561875,125.0093125,-0.778875,131.087875,-26.1876875,-92.339375,69.4894375,390.6030625,2.0028125,-4.0398125,251.364,259.660125,168.681375,-131.485625,-192.868375,224.5090625,-89.8726875,-205.8845625,-169.657125,172.787,107.813375,-366.1820625,-71.9679375,117.2039375,375.914375,-8.7166875,354.3580625,-51.5254375,88.0321875,161.46375,198.1554375,21.1803125,-325.2918125,239.81175,-185.147,-61.0945,246.7809375,133.127375
3.4660256152106514,-243.0963125,-1.0999375,-191.919,-295.479375,-404.79075,284.7699375,-117.193375,-39.420375,-14.1039375,63.0538125,110.178375,228.940375,-341.8544375,26.535625,-170.739375,-447.9319375,-10.4371875,149.6305625,216.4283125,81.1304375,409.969875,216.71625,-49.420375,18.2330625,75.7425,134.1010625,289.31975,-69.6764375,10.9481875,370.1118125,128.4218125,202.3861875,236.2905,27.6428125,141.7261875,112.6243125,-244.4600625,14.92975,41.6245,134.4931875,147.8541875,-238.2765625,-171.625375,336.455125,222.9906875,-148.6613125,15.28375,278.2545,289.2578125,157.614875,63.285875,110.811625,-104.007125,-463.4543125,-119.57425,245.3085625,-538.490375,-76.97025,405.970625,-60.3576875,-35.7473125,176.67825,193.6735625,-28.0034375,36.8571875,16.787,-17.5186875,253.3485625,154.973625,-14.2564375,-438.3131875,41.0024375,369.9864375,-226.6348125,12.729,27.4384375,81.1940625,245.2266875,95.329625,157.7356875,95.7131875,74.2923125,-288.0229375,287.9860625,110.594,-88.2945625,-197.9655625,42.43275,207.607375,247.216,217.0638125,278.1348125,-137.72375,149.8663125,-65.722,161.548,-8.622625,-90.105625,63.30275,384.08775,29.5118125,-23.7585625,221.03625,275.103,176.7235,-145.382125,-118.53,262.4533125,-136.1841875,-257.5195,-174.26525,161.2414375,127.197375,-347.522375,-78.372875,76.7374375,366.9016875,-60.631875,329.7811875,-42.2839375,64.1926875,179.8360625,178.6735625,67.111875,-356.4706875,191.4885,-193.80875,-38.4190625,219.7658125,88.8915625
3.4700981379327205,-300.4213125,9.49475,-217.9561875,-289.217,-397.562875,326.7948125,-122.255,-46.631,14.7958125,65.4940625,117.273,155.069375,-318.57125,-92.506,-146.2519375,-413.4908125,65.833625,235.527625,209.6215,95.5095,379.96975,204.7999375,0.837125,37.6398125,32.2044375,178.7723125,254.3410625,-56.2018125,17.5325,362.739375,69.0521875,216.729375,270.6421875,37.158375,152.937625,114.841375,-267.8509375,45.7105625,111.7098125,136.4645625,115.215625,-252.0855,-191.680375,343.46825,356.4784375,-208.5270625,58.1775,274.7424375,291.7490625,147.6655625,54.0091875,141.182,-62.2076875,-504.6124375,-107.6675625,255.5874375,-563.063875,-54.9035625,417.4975,-90.904625,-48.5128125,223.349625,222.7484375,-45.53375,32.7473125,80.799375,7.9498125,204.694125,153.0071875,29.837125,-418.134,-20.2686875,443.449375,-276.0215625,30.965375,26.2065625,120.6851875,236.0445,76.4586875,191.189,91.5425,93.8453125,-257.098375,243.5368125,120.5124375,-56.903,-232.396625,59.97175,213.634,263.5703125,177.04975,314.326125,-82.5486875,169.8518125,-120.6430625,175.8483125,-8.37875,-89.7180625,49.2475625,384.0129375,49.155125,-49.20175,185.4590625,263.61725,191.0654375,-164.358375,-36.1565625,304.7109375,-166.188625,-289.2823125,-163.745375,143.4581875,158.9579375,-306.06725,-89.3298125,45.0599375,366.6976875,-102.3835,288.6705625,-35.8775625,44.4746875,198.524125,158.5345,94.992625,-387.4258125,134.3504375,-212.920125,-16.6614375,186.2956875,45.374125
3.4741706606548037,-325.21225,20.9013125,-217.363,-279.9309375,-388.962875,337.8496875,-140.170625,-82.7888125,28.734875,59.9863125,116.8286875,84.196375,-303.094,-204.8290625,-123.136625,-375.080125,138.7489375,291.6071875,197.7946875,104.30225,341.68,184.9190625,19.6458125,81.6385625,-10.015625,227.8766875,209.57425,-40.1504375,27.942875,344.464375,7.6250625,239.8641875,307.462625,36.1538125,154.4638125,106.391375,-286.425875,66.9624375,183.0841875,137.9290625,71.0744375,-273.3658125,-209.5443125,327.0304375,474.27775,-255.779125,89.4488125,259.0054375,272.7931875,119.067375,22.261,181.78375,-3.374625,-531.7525,-100.3004375,279.076875,-552.320125,-40.0133125,433.0135625,-117.157125,-63.5736875,245.519875,253.43625,-72.552125,21.169,94.6636875,49.1943125,177.6661875,159.085125,80.3690625,-383.4165625,-86.0921875,479.8854375,-329.754375,31.0458125,5.4210625,149.654625,223.7033125,49.320875,212.0823125,90.1589375,121.6449375,-241.7658125,208.7850625,127.00425,-37.3565,-248.8411875,93.3479375,216.3804375,256.0208125,122.3808125,340.5099375,-54.450125,190.822625,-150.099625,171.0383125,-21.2813125,-76.4228125,28.272375,380.1561875,35.326625,-75.1653125,144.580375,220.7963125,204.8850625,-187.410875,34.2244375,338.251125,-169.0626875,-307.5124375,-138.347625,121.97875,204.5156875,-247.970375,-96.1536875,25.8430625,375.341,-120.672875,247.305,-31.2110625,37.662875,206.388875,140.866875,103.008125,-398.701125,88.3395625,-246.1861875,10.083375,153.730375,5.140375
3.4782431833768728,-321.480375,39.871375,-189.65425,-266.1848125,-387.3278125,314.8368125,-165.6184375,-150.5968125,31.3809375,45.0569375,112.133625,36.4434375,-290.4279375,-301.4010625,-110.4415625,-333.71725,198.86225,311.0211875,185.23075,105.085125,299.58925,159.6913125,5.111125,142.0809375,-47.8555,260.1014375,165.476,-34.1448125,42.2069375,328.8020625,-55.0956875,263.0995625,348.0874375,17.623625,143.922875,89.0901875,-300.2001875,89.81,241.7735,143.17225,31.4161875,-291.616625,-217.4843125,290.5665625,561.890875,-272.8848125,98.96325,231.9126875,231.9291875,85.5796875,-29.9880625,217.94875,55.491625,-544.090625,-106.38125,313.7504375,-504.414875,-18.18725,451.5325,-135.760375,-75.5069375,237.2563125,278.9191875,-107.587875,5.653,69.2065625,99.59275,165.512625,182.5130625,146.4880625,-337.12925,-138.354375,472.2550625,-367.132875,9.8836875,-22.472125,166.2221875,199.3890625,20.8124375,210.5368125,82.8319375,156.8696875,-244.319125,192.556,128.8809375,-38.969125,-239.4089375,129.051,228.4315,226.9875625,71.6518125,336.8978125,-62.7878125,218.87375,-146.87225,153.511,-32.635875,-44.5400625,2.98075,361.9670625,-20.5256875,-88.8231875,105.3306875,155.02075,213.45275,-218.72225,76.521625,356.386125,-138.206875,-315.74825,-100.790875,97.8894375,257.126,-192.1971875,-93.137875,15.3175625,386.5235,-109.0205,213.19,-21.1033125,51.1024375,194.0026875,124.7175625,92.542625,-391.105625,68.7920625,-291.3424375,35.4946875,120.6756875,-29.7948125
3.482315706098956,-299.2281875,53.49525,-146.234,-250.8109375,-402.234,262.606625,-187.1641875,-233.177625,29.7611875,25.34275,104.739,22.797375,-275.387875,-372.264,-109.076375,-282.5161875,244.5896875,301.07725,178.5216875,103.6824375,261.52,136.5125,-25.868625,199.2074375,-81.573375,261.206375,124.533625,-47.5841875,60.9741875,323.013625,-118.5208125,283.43275,389.08625,-11.452875,124.7689375,56.938,-303.7444375,119.9308125,277.0604375,151.9499375,5.6856875,-300.468125,-208.3841875,248.2781875,618.4094375,-246.172875,88.1921875,203.749625,174.043875,55.4926875,-87.897625,239.4518125,95.0161875,-536.567875,-132.90375,362.2655625,-428.017,16.243125,464.567,-144.881375,-74.14825,204.0699375,294.060875,-144.0320625,-11.323,24.2750625,147.3369375,161.617375,222.680125,222.486,-278.9774375,-165.0705625,419.8625625,-382.1423125,-26.5964375,-43.389625,185.4223125,155.1678125,-4.0154375,182.249875,68.8230625,193.682125,-260.9610625,195.362375,126.02575,-62.7370625,-211.01825,154.3765625,251.2241875,184.2685,39.6391875,304.9545625,-105.4759375,251.253125,-116.7121875,135.59975,-33.456,-1.58225,-19.3464375,328.360125,-105.2899375,-83.3535625,77.8706875,84.0388125,216.7569375,-259.695,91.357625,361.4775625,-74.3165,-312.6916875,-55.8371875,72.8475,299.4543125,-161.292625,-74.7600625,7.5423125,393.462,-69.0071875,182.438375,-7.42425,84.6075,167.34225,105.6034375,67.2595,-375.09825,69.800875,-339.1816875,51.9379375,83.7509375,-53.304625
3.486388228821025,-270.2450625,49.8531875,-105.7591875,-232.575625,-434.118375,196.5150625,-194.90175,-301.3416875,23.259125,6.455625,88.631,46.625125,-252.8670625,-411.94275,-111.7676875,-220.1423125,277.090875,275.11125,183.09275,105.9070625,227.97225,117.8931875,-61.275375,235.2485,-103.1031875,228.069375,88.1041875,-77.8695,82.0710625,325.099,-176.7950625,310.2415,415.501,-29.3405625,101.8110625,2.1658125,-282.391875,151.9715,286.93625,157.2659375,-8.9761875,-300.02025,-182.03625,215.6005,648.79525,-179.231,69.1729375,184.964125,110.413875,30.1065,-136.9900625,247.9039375,105.0255625,-495.4506875,-177.907875,418.9614375,-341.1753125,58.5228125,465.692375,-136.3515,-52.74825,152.777125,296.6314375,-178.316125,-26.8041875,-17.379,180.98225,161.3055625,268.08625,290.1870625,-212.0785625,-169.346625,332.9316875,-386.3073125,-67.22575,-51.9911875,224.17725,92.900875,-20.096125,136.6853125,54.43925,220.8604375,-287.044375,210.4441875,118.3969375,-91.9015625,-171.407375,160.4258125,275.173625,139.5,30.985875,264.3056875,-168.44325,279.4290625,-73.04725,125.212875,-24.8806875,42.2375,-28.9023125,286.9725,-197.8455625,-71.5118125,70.398125,20.556,219.2184375,-304.0878125,92.6541875,355.375625,12.093375,-299.4418125,-13.9641875,48.941625,313.715625,-163.702125,-36.066125,2.083875,390.4315625,-9.210625,151.341875,-0.4946875,124.40475,145.2336875,83.6028125,34.3895625,-355.9088125,69.493625,-381.608125,65.2618125,43.5955625,-57.2415625
3.4904607515431083,-242.0169375,33.2419375,-83.57975,-208.2193125,-474.7945625,135.0349375,-190.22875,-333.4300625,12.4148125,-13.2851875,54.4329375,103.8309375,-225.0656875,-424.7065625,-109.4514375,-151.0864375,294.545125,243.027625,198.2698125,112.9240625,193.105625,100.554875,-97.9069375,252.13825,-96.896875,165.9015625,57.188625,-113.779125,96.255375,327.8183125,-219.01275,351.62675,410.3179375,-17.29025,78.0461875,-75.522875,-227.2944375,172.9286875,277.8796875,150.3024375,-19.4545625,-292.0135,-151.226375,194.2596875,654.044625,-92.70375,54.1535,182.209,53.0545625,9.31525,-173.192,247.0204375,86.3316875,-417.1886875,-231.8595625,456.4605,-262.345125,99.80925,456.4805,-99.794,-12.9276875,87.0615,287.177625,-211.670875,-35.6811875,-36.5639375,193.0418125,161.459625,299.508375,332.436375,-145.0634375,-156.000125,233.5920625,-390.504125,-104.1899375,-49.4720625,277.5586875,15.00575,-26.245875,98.0850625,45.1608125,230.1749375,-320.658875,231.1064375,112.1161875,-107.7479375,-123.593375,145.3481875,290.1988125,100.004625,39.01025,230.5764375,-231.5405,300.2770625,-28.8015625,124.9395625,-8.391875,78.675375,-19.447875,248.4024375,-282.03725,-77.9815625,83.2279375,-34.676875,222.8451875,-342.683375,96.1295625,336.2625,105.5468125,-282.0595,13.315625,26.7175,295.1861875,-187.9965,20.960875,3.52425,375.21825,54.5515,126.9190625,-5.5216875,148.4559375,146.0501875,64.44125,6.94025,-334.6525625,52.2723125,-413.5311875,84.309875,8.052125,-40.433875
3.4945332742651916,-216.007,14.5448125,-81.8358125,-181.7600625,-514.1010625,90.8460625,-181.1764375,-326.883375,9.369125,-40.121,6.1029375,177.2335,-201.8406875,-421.74575,-96.4476875,-78.8155,286.9921875,210.486625,215.7494375,123.9171875,150.69175,85.0183125,-136.399375,266.2731875,-53.8401875,88.0094375,31.8373125,-144.688625,94.7118125,324.3509375,-237.1346875,399.8108125,371.021625,19.1009375,52.0176875,-161.36375,-150.1656875,171.833875,257.200375,126.752125,-28.946375,-276.9225625,-132.4361875,172.4529375,632.1105,-10.1048125,48.208125,196.24925,6.337625,-8.4255,-197.35575,234.7645,47.342875,-320.9090625,-281.7030625,443.818375,-202.99775,132.7965,441.452875,-39.980375,35.775875,10.8606875,270.5305625,-244.368875,-34.90375,-28.608625,179.7368125,157.921125,301.90225,339.009375,-87.0043125,-125.2085,145.055125,-391.4334375,-141.8515,-36.8204375,327.2380625,-76.83675,-23.8061875,89.146,39.672375,225.5211875,-361.3185625,254.242875,116.551625,-111.8766875,-70.5285,116.003375,293.8935625,63.1020625,53.5205,204.7431875,-277.0014375,317.061125,6.4663125,136.4360625,17.5903125,99.1426875,9.2585625,220.0070625,-349.3616875,-119.4874375,105.3796875,-84.713125,223.5348125,-370.121375,110.995375,304.936875,192.657875,-263.1068125,19.8169375,5.516375,252.99525,-214.445375,87.6300625,16.1056875,351.662875,103.7783125,117.2113125,-18.1875625,144.3715625,176.2730625,50.9066875,-1.9431875,-314.046625,24.3814375,-429.888875,105.0023125,-8.944625,-13.0855
3.4986057969872606,-192.072875,4.5040625,-87.9354375,-163.567375,-539.33475,66.9694375,-172.327375,-297.9025,30.9859375,-77.2121875,-33.9279375,241.465125,-194.4945,-415.2525,-71.108125,-11.0308125,242.1299375,186.8375625,222.3478125,136.558375,98.7891875,76.822375,-174.217125,289.2296875,22.1449375,18.083625,16.464375,-163.074625,78.6538125,311.5911875,-231.5994375,438.34675,315.444,56.8366875,20.0685625,-228.395125,-79.31625,150.113,230.4583125,90.2984375,-36.140125,-254.748875,-128.35125,139.5908125,587.594125,51.8564375,49.025125,220.11075,-36.404375,-24.7370625,-210.06025,208.0754375,1.8296875,-233.89775,-314.275625,375.5161875,-166.006625,154.6148125,420.6265625,23.290625,78.1660625,-63.7418125,252.2825,-268.197625,-26.6123125,-7.4243125,139.494875,146.82225,280.31325,308.476125,-43.3585625,-80.3111875,77.9504375,-379.15125,-189.096625,-17.937,362.3535625,-172.205,-9.904375,112.338375,31.959625,219.8455,-406.5788125,276.7595625,129.7835625,-117.837,-12.1801875,79.64275,288.9364375,18.261625,69.89525,182.32275,-292.11525,330.7900625,24.040625,155.2639375,47.8560625,103.2428125,53.654625,203.27875,-400.1938125,-193.9638125,124.124875,-127.1199375,216.300375,-384.3125625,134.94925,264.7026875,264.406,-238.3159375,5.7103125,-13.8815,202.08525,-227.0005625,151.4740625,41.6488125,325.5921875,130.122625,119.6438125,-35.091125,115.966875,227.236625,39.001875,14.0630625,-299.3415,2.60425,-428.6465625,118.43575,-0.2840625,12.7026875
3.502678319709344,-171.8211875,13.996125,-85.0573125,-163.2889375,-536.938625,55.3665,-165.43275,-271.2595,82.2389375,-122.77125,-43.3698125,279.9559375,-204.736,-411.7796875,-32.5370625,38.7569375,162.9730625,183.4721875,211.1754375,147.5120625,41.9098125,77.3089375,-202.3469375,319.3173125,118.383125,-15.318625,16.058375,-163.9121875,56.3500625,288.907625,-207.9948125,456.88625,269.061625,80.126625,-17.602875,-250.1941875,-41.334375,117.668375,204.8988125,50.9300625,-38.4243125,-224.975625,-130.7703125,99.718,536.0369375,84.6941875,49.74175,241.655375,-86.1799375,-39.6956875,-213.966875,169.111,-38.029625,-168.736375,-322.670625,271.1595625,-145.382,168.2885625,391.2228125,74.949625,99.47525,-112.8755625,237.652375,-268.7426875,-14.4719375,10.596125,76.44325,131.986625,257.6570625,251.693625,-19.1725,-29.7030625,27.3735625,-351.8445,-242.563,-1.510625,385.3225,-248.90125,20.188875,147.894625,19.3801875,221.60125,-446.6755625,290.431625,132.78,-126.3868125,53.822125,39.649,277.488,-39.26325,90.86275,165.0515625,-270.201125,340.596875,17.0646875,166.528375,67.346,100.3644375,107.5135625,196.1658125,-441.7543125,-283.4271875,133.3338125,-151.687125,199.579625,-385.090875,158.588625,218.1274375,316.094,-206.0205625,-21.0963125,-29.333125,153.82075,-216.24,195.552125,80.811,302.0856875,139.1085625,127.1269375,-57.9934375,73.601625,281.7459375,22.9083125,54.2493125,-292.4796875,-6.1229375,-414.0018125,125.3165625,21.6846875,28.943625
3.506750842431413,-159.0279375,45.582875,-65.610875,-181.598375,-506.9624375,42.7766875,-161.6925625,-261.8114375,151.9928125,-171.2646875,-20.426625,295.0561875,-222.014125,-409.75275,18.32225,60.2198125,71.6808125,200.5064375,189.935375,153.35175,-11.2988125,82.3996875,-216.4498125,344.326,218.9729375,4.02625,26.4599375,-146.2621875,34.408125,259.8646875,-169.42575,453.1265625,246.0935625,85.504625,-52.105625,-218.4109375,-42.5811875,80.5124375,186.542,18.1385,-36.7519375,-187.420625,-134.085,68.627375,493.1736875,90.4515,46.170125,246.9189375,-144.3805,-57.5514375,-210.4205625,125.4706875,-72.021125,-116.3886875,-308.7133125,157.7326875,-133.321625,179.86825,352.7038125,112.6989375,94.6094375,-113.2965,234.01925,-237.84875,0.0285,22.87125,5.0523125,121.4665625,252.0063125,188.3036875,-19.81525,17.8755625,-18.653875,-317.1463125,-286.3635,0.967375,406.5306875,-288.457875,64.1785625,173.7769375,4.9080625,227.79625,-465.633,284.5258125,105.47075,-125.3324375,124.2860625,0.45125,255.0350625,-93.869625,120.6679375,157.3506875,-219.220125,350.52525,-14.7851875,160.11375,67.15575,92.2865,160.2765,190.6629375,-476.5645625,-367.9143125,134.8728125,-149.093875,179.639375,-374.715875,177.3231875,168.4769375,345.4121875,-173.3449375,-46.33375,-35.59675,110.896625,-180.5295625,205.525375,130.8885625,285.2225625,139.9195,138.57825,-84.9845,27.287375,323.023625,0.4065,109.5381875,-286.7874375,-4.5625,-392.698375,130.3315,33.3310625,25.5320625
3.510823365153496,-157.9890625,85.1078125,-36.09375,-204.8165,-463.7278125,21.9654375,-159.860125,-264.6825,222.3761875,-214.3685625,20.65875,301.4898125,-235.323375,-402.8376875,76.5635625,52.549,-5.4210625,225.8213125,170.19025,151.851375,-50.4965625,88.55475,-223.633125,352.874375,305.663375,63.4945625,35.5579375,-119.082125,15.46525,233.5124375,-112.61275,427.6161875,242.750375,71.567625,-68.689875,-147.36475,-65.147,39.8301875,176.2195625,-7.2544375,-34.7335,-145.8360625,-135.03525,57.2465625,463.8473125,79.0773125,42.97025,226.682125,-200.0853125,-90.0833125,-193.8375,88.1735,-108.38575,-60.0845625,-281.40175,59.047875,-125.0223125,189.9655,310.788625,141.9113125,67.096875,-64.2868125,242.790875,-181.933625,18.46525,35.5080625,-53.00425,116.7383125,262.06175,137.016375,-43.0633125,55.1010625,-67.946,-280.5889375,-309.889125,-21.1550625,433.3339375,-294.151375,112.6290625,184.827875,-5.008125,226.368375,-455.5840625,256.7321875,45.9428125,-108.793375,190.279375,-31.453,212.9003125,-118.0154375,156.2895,158.4484375,-163.1756875,367.73275,-59.4360625,143.9956875,55.1621875,72.2290625,200.2125,177.388875,-494.2721875,-436.0040625,136.09425,-123.13,166.2794375,-358.6423125,193.039625,120.8774375,348.0391875,-148.70575,-60.4095,-26.00375,67.37175,-123.7575625,184.2858125,179.5721875,275.6185,137.694375,154.470125,-106.723,-13.6279375,342.2595,-24.602375,160.6123125,-269.091625,4.522625,-369.8864375,130.1878125,21.973625,-9.9424375
3.514895887875565,-172.225375,109.635,-9.886875,-215.579375,-416.4361875,-0.652,-158.034375,-263.498,278.5881875,-243.5258125,62.621375,309.4455,-242.65475,-383.108,140.4646875,30.7843125,-50.5924375,245.6894375,154.640625,145.3439375,-66.5855,94.112875,-232.2328125,345.9959375,364.01425,132.3680625,34.850875,-97.4440625,-2.47375,215.1346875,-34.3393125,382.622875,245.9280625,40.2564375,-60.6951875,-61.6186875,-83.9073125,-0.598875,170.856125,-33.289125,-34.2389375,-107.744,-128.3225625,61.7495,444.4794375,62.27275,44.91275,183.41025,-241.1571875,-147.123625,-157.8735625,67.10125,-150.015625,9.9965625,-252.86825,-9.85975,-114.0131875,190.7475625,276.4794375,165.7890625,24.6406875,8.1390625,255.789125,-116.051,45.689125,53.2499375,-81.9345,113.702,276.188,106.6889375,-77.6179375,76.5793125,-119.9085,-239.185625,-321.4206875,-67.466,461.3979375,-284.98875,154.5901875,186.7065,0.9281875,203.524875,-423.9695625,216.816875,-31.750625,-85.2878125,246.3680625,-51.3781875,150.4105625,-98.34225,185.0114375,164.978875,-129.621875,391.1595625,-91.5941875,131.674875,43.7256875,42.8258125,223.3801875,156.4039375,-478.92575,-481.4435625,140.087625,-89.343,160.541125,-344.2103125,205.296375,83.710625,320.500875,-133.6675625,-66.66175,0.6845625,14.7050625,-53.921875,150.3573125,207.512625,271.2226875,135.0459375,168.5394375,-114.3685625,-42.1688125,341.0819375,-42.3179375,193.023875,-228.0119375,14.096625,-346.4653125,115.35825,-3.795625,-77.9959375
3.5189684105976484,-198.1776875,105.7080625,3.225,-206.8790625,-363.05375,-7.56375,-155.5089375,-244.9128125,314.667875,-251.3631875,89.3905625,314.4818125,-246.34825,-343.32875,214.403125,19.3743125,-59.7746875,251.6256875,143.589375,136.0578125,-55.7789375,100.2875625,-243.9133125,331.9848125,392.3238125,188.625125,25.814375,-87.4893125,-26.8651875,199.174875,59.04725,324.251375,243.647,3.3486875,-37.762625,14.865125,-83.58075,-32.4229375,166.6244375,-69.5193125,-33.5880625,-79.4584375,-111.02925,70.3895625,428.253,48.8188125,47.251125,125.9158125,-265.229875,-222.858625,-105.593875,62.2001875,-189.5855,89.8849375,-232.1075625,-44.92175,-96.838375,175.2111875,255.035875,176.95125,-20.51125,72.6325625,264.4085625,-53.0769375,85.9668125,78.3708125,-85.0965625,109.6299375,286.116625,92.17875,-114.369375,81.85025,-168.6093125,-189.5223125,-336.4178125,-124.673375,477.2865,-273.732875,180.3944375,181.3845,32.4440625,153.2566875,-382.065125,177.20425,-110.612375,-67.06975,291.1468125,-59.845625,77.051,-49.570375,190.8760625,173.17925,-136.51875,407.1738125,-89.9454375,126.104875,35.0929375,18.0209375,232.95575,136.2578125,-423.797125,-499.9789375,141.7246875,-61.800375,156.4505,-334.526375,210.7795,65.7805625,267.4055,-126.6999375,-70.03025,40.611125,-49.4414375,15.4625625,121.079,198.8388125,270.07325,134.7011875,172.68375,-107.602875,-54.20675,327.7006875,-39.698375,214.320625,-165.7606875,8.99625,-323.2518125,82.002125,-24.356875,-160.8085625
3.5230409333197317,-221.9345,78.9280625,2.6368125,-181.625875,-305.3519375,14.816875,-148.6749375,-201.371375,334.2723125,-234.2859375,89.6176875,305.16525,-245.6804375,-283.4421875,301.4441875,27.3144375,-45.61025,243.650125,140.8144375,123.7100625,-24.4375625,111.3358125,-258.5455625,314.2785,398.5308125,224.2745,15.2445625,-82.7906875,-63.17075,179.312,153.3475625,262.3638125,229.450375,-23.4440625,-15.8085,64.6271875,-60.035625,-47.554,165.03825,-118.3735625,-26.7170625,-62.3211875,-89.0340625,72.876125,407.4501875,39.9815,43.514625,60.2024375,-280.4289375,-299.799125,-46.751125,65.244625,-215.6750625,162.5506875,-221.2000625,-48.89975,-84.35275,144.7748125,237.6221875,165.8409375,-58.4775625,115.38125,261.8330625,1.182125,135.122625,110.8008125,-79.992625,106.4174375,292.073875,80.1733125,-151.3868125,77.0223125,-204.9510625,-136.52825,-355.262875,-179.23,467.813125,-257.845375,185.031625,169.1421875,84.652125,82.61425,-336.72,147.6341875,-179.0909375,-57.5175625,320.2385,-62.8388125,2.507375,-1.1268125,164.3900625,179.1585625,-181.1405,402.5420625,-55.41675,122.1966875,26.119625,6.1588125,227.251125,126.217875,-342.8221875,-494.389,135.8765625,-43.386875,149.1185625,-325.9154375,209.6661875,70.619875,199.7725,-128.1644375,-63.423375,90.5465,-121.553875,68.8954375,101.521125,152.7130625,269.4760625,135.224,164.4355625,-93.6500625,-48.6376875,308.37675,-9.9728125,240.4226875,-98.7945,-22.5641875,-305.2528125,34.9228125,-27.0425625,-240.1125
3.5271134560418007,-227.4381875,46.523625,-4.5709375,-147.4475625,-255.909875,61.5178125,-130.1045625,-131.35025,343.7360625,-198.5236875,65.3381875,277.6055,-238.3415,-215.0535625,395.106,36.576875,-30.798375,228.76325,144.468875,110.5179375,7.670875,128.5688125,-277.74325,293.516,392.746,237.6504375,12.4120625,-74.8946875,-107.2646875,154.852125,235.2190625,205.3560625,203.1310625,-33.093375,-3.260375,78.74675,-18.091875,-45.37475,172.608625,-173.195125,-6.6924375,-50.775875,-73.508375,59.0225,379.4775625,30.77275,33.011125,-6.9325,-296.0690625,-367.2146875,11.9746875,71.7771875,-222.404,212.2630625,-218.983875,-31.358875,-87.7614375,106.7568125,210.4244375,134.3413125,-87.846125,140.2913125,243.7158125,47.134875,179.9925625,147.879125,-79.8474375,108.3745,299.87325,60.254125,-188.4199375,73.073375,-220.8043125,-87.085625,-363.2766875,-225.02575,428.2444375,-231.6783125,168.60925,157.2004375,141.6809375,9.1989375,-294.8838125,136.093375,-232.852625,-51.6021875,331.8195,-67.7155625,-71.25575,27.413625,112.147125,186.0905625,-242.345875,379.5465625,-3.963625,115.7640625,21.876375,3.268375,200.99475,128.500875,-267.116875,-472.9191875,120.2853125,-26.16925,136.331625,-314.8913125,206.5870625,96.1741875,130.523125,-138.91025,-37.78625,145.8670625,-195.920375,96.548375,85.38725,84.2575,264.804,124.8750625,149.447125,-79.5428125,-31.8771875,282.062,37.5215,275.1486875,-39.876125,-77.7218125,-295.894625,-20.505125,-13.7748125,-312.85225
3.531185978763884,-205.6749375,25.128375,-11.5930625,-113.893625,-226.1880625,110.065,-98.6879375,-47.715875,342.003375,-159.5621875,36.572875,237.9534375,-225.8075625,-150.6715625,480.6770625,22.1841875,-32.220375,213.4944375,142.670375,100.556125,15.8651875,144.91125,-301.973125,277.0966875,385.138625,234.6531875,29.078125,-61.476625,-150.2495,125.765875,294.86125,153.4715625,168.826,-28.3025625,4.652,58.456375,31.1594375,-33.955375,188.973,-224.9791875,24.718,-35.17275,-71.177,19.2774375,347.3178125,20.90075,16.1705625,-60.476375,-314.62625,-424.6560625,64.9125,85.013,-211.2414375,235.79125,-225.6584375,-8.6370625,-96.4828125,72.34025,166.9128125,91.21925,-113.6220625,154.102,215.064,84.633,207.9383125,185.5613125,-85.8036875,112.576875,312.5734375,28.1135,-225.303125,80.359,-217.8493125,-39.2564375,-348.459625,-258.9040625,365.469,-198.59175,135.0684375,155.3270625,191.83275,-45.7215,-264.0855625,143.94925,-271.545625,-45.698625,334.498875,-73.9934375,-145.982,35.10375,57.483,207.4153125,-298.0573125,353.0035625,50.636125,107.7729375,33.673,4.808625,157.5865,138.911625,-222.31525,-438.06575,90.593375,-1.457125,119.325125,-302.22825,206.47575,137.44875,72.51225,-157.7435625,2.6390625,198.005375,-261.897125,98.42675,65.360625,11.402875,249.33275,92.08875,137.817625,-67.7096875,-15.9994375,244.7829375,82.196125,311.4696875,10.78875,-139.553,-293.025625,-78.3515,4.801875,-381.74425
3.535258501485953,-158.693625,24.492125,-17.1918125,-87.62525,-214.118125,137.099625,-63.3105625,27.5179375,319.6174375,-131.535,28.6608125,195.5050625,-213.1791875,-92.7756875,545.858875,-20.635125,-50.9883125,197.30275,123.3799375,96.2360625,-9.4496875,149.024625,-328.9356875,275.635125,383.42175,229.401625,71.157625,-46.9746875,-184.000875,92.8294375,325.696625,99.775625,130.3278125,-12.7124375,17.64025,16.9910625,77.38425,-22.1829375,200.4793125,-268.550625,56.7454375,-8.1669375,-78.251375,-44.9399375,312.0511875,15.8216875,-7.3693125,-87.0143125,-332.8083125,-470.01125,101.2015,111.7734375,-183.498,238.0558125,-238.8108125,5.73625,-88.592875,52.851875,109.730375,44.3583125,-142.6403125,157.9134375,188.775875,107.8180625,212.5899375,217.5604375,-91.71625,111.0525,325.13675,-14.4244375,-261.4865625,102.016875,-209.768875,14.491625,-310.5129375,-273.1640625,293.8773125,-168.11975,90.0610625,166.7066875,231.6706875,-68.03875,-248.0265625,163.7750625,-295.73225,-38.0473125,342.54575,-72.77775,-217.2704375,31.504125,25.2795625,252.848125,-336.019125,330.8529375,105.43925,100.1123125,63.5524375,11.54175,108.689,155.735625,-210.5081875,-383.5720625,44.210875,28.7535625,101.8089375,-288.4115,210.5154375,188.0193125,33.48325,-179.695,45.2635,237.5636875,-305.6855,79.441625,42.24625,-56.124625,215.9810625,45.5300625,135.568625,-54.6825,-6.5145625,197.44425,107.176125,338.576,55.7943125,-188.1153125,-293.79475,-128.2943125,18.4658125,-437.957
3.5393310242080362,-99.98325,42.991625,-23.87375,-71.6764375,-205.2899375,133.9414375,-32.8011875,81.3675,268.714875,-120.1401875,51.5523125,158.4150625,-207.609125,-45.0348125,583.634875,-74.003625,-76.9606875,178.9924375,84.028375,99.5864375,-57.0645625,136.809,-350.159375,292.352125,391.309625,232.7288125,127.7444375,-40.1695,-201.930375,59.1536875,326.3161875,41.9185,87.4843125,13.807625,40.7159375,-29.74225,114.7374375,-10.684375,192.232125,-303.5013125,81.53275,30.1331875,-84.4630625,-117.4255625,271.3074375,15.343,-35.4445625,-88.032875,-345.9061875,-498.5213125,112.3106875,155.039375,-136.35725,222.85975,-251.8395625,5.7305,-55.62925,53.7261875,44.1244375,2.5950625,-178.8499375,150.8391875,174.12925,112.070125,195.0565,233.9910625,-93.3165625,102.971,324.3850625,-57.856375,-290.727625,132.655125,-210.8133125,76.044125,-258.3486875,-256.2593125,226.813625,-145.8624375,40.647,186.5485,258.776375,-61.0683125,-247.953125,188.5505625,-308.3575625,-23.95175,364.49,-59.9360625,-273.7025,27.9364375,24.7101875,313.54,-355.5168125,305.2944375,161.899875,91.0795,97.19525,21.3385625,66.5373125,178.364875,-216.2363125,-302.9203125,-10.800125,53.4844375,82.2540625,-271.5304375,218.341625,240.8615625,13.783375,-195.6470625,80.7601875,254.1396875,-320.6346875,43.5105,22.1665625,-117.351125,163.4973125,9.905625,138.194625,-33.0988125,0.9833125,148.588875,109.05225,344.7935,95.396,-212.1955,-298.4675,-163.1011875,26.156125,-464.1495
3.5434035469301053,-50.391125,66.271875,-36.360125,-69.6018125,-185.8395625,107.3056875,-8.5416875,114.262625,192.983375,-124.0701875,92.7026875,129.9331875,-218.5958125,-21.42475,590.94325,-115.5648125,-95.6754375,167.5545625,27.3865,110.7815625,-107.9985,115.267625,-353.007,320.3655,408.917375,242.8935625,176.3885,-49.9246875,-198.784,27.3991875,300.7798125,-12.0808125,36.7995,51.94125,74.7146875,-72.08525,138.19,7.4721875,161.584,-330.4639375,103.1825625,75.2020625,-83.6503125,-172.6491875,226.516125,12.41375,-64.804625,-75.523625,-349.6135625,-510.6401875,104.2411875,208.8555,-69.5438125,191.5916875,-261.686375,-13.216375,-5.2453125,73.8645,-26.534875,-26.1329375,-219.28475,138.68775,170.16325,98.88375,166.23975,226.9639375,-94.145375,92.02825,296.957375,-90.2299375,-304.255125,164.364625,-221.466,136.1085,-206.9519375,-202.017125,174.9480625,-128.2291875,-4.839375,202.607,266.722125,-40.1285,-265.6400625,217.2086875,-315.596875,-0.6003125,394.7736875,-41.401375,-304.4200625,33.6683125,44.986,371.0076875,-362.2325625,264.8144375,213.158375,78.1376875,115.6993125,31.8794375,39.469625,202.3898125,-223.4,-196.0609375,-59.4009375,64.7574375,55.9400625,-250.99325,233.8364375,287.275125,11.7745,-193.7838125,103.299625,239.429125,-309.4080625,-3.5505,7.9015,-170.266625,98.6800625,1.8755,137.4876875,2.8431875,10.8483125,109.684,96.5230625,323.0761875,129.367375,-210.4618125,-309.5189375,-188.3789375,38.6263125,-453.7536875
3.5474760696521885,-25.2554375,80.5741875,-57.283625,-85.4389375,-154.2855625,72.7735,15.4046875,132.8348125,107.669375,-137.3885625,132.4993125,104.302875,-254.4753125,-30.5485625,573.8946875,-132.54075,-93.0800625,174.7531875,-41.4969375,125.1033125,-145.587375,98.0044375,-330.0294375,347.5854375,431.6804375,250.2978125,199.1478125,-78.1488125,-171.595,-1.5895,258.87575,-54.235875,-21.3096875,95.808875,116.519875,-105.431375,142.375875,35.686125,118.634875,-348.8386875,132.931375,126.1030625,-77.239,-187.271875,187.056875,1.760375,-91.627125,-60.2925625,-341.8123125,-513.3265,94.8021875,264.895375,5.162625,149.2609375,-269.3700625,-55.436375,52.67675,104.257375,-99.043375,-37.623125,-255.424875,132.149625,169.9934375,71.55325,137.8716875,198.9376875,-99.2481875,80.2760625,245.365625,-106.7276875,-301.872125,191.6463125,-227.218625,174.677875,-166.9200625,-121.54925,148.965125,-103.672125,-42.3994375,198.9026875,251.041125,-16.4146875,-301.1779375,247.891625,-320.2325,31.091875,416.703375,-26.5834375,-307.9600625,56.894,64.973,413.463125,-359.2518125,204.903875,246.7706875,63.0469375,113.0216875,49.2213125,26.915375,222.9705625,-227.23325,-73.9321875,-91.3480625,60.42675,26.832375,-231.584875,260.9928125,319.2395625,29.4361875,-167.2815,107.350375,197.648625,-275.2995625,-49.2513125,-0.7838125,-205.8234375,34.54225,21.204625,133.4325,49.8905,25.9766875,85.28,79.5874375,275.22575,156.316375,-186.8210625,-326.933125,-218.5513125,69.4144375,-418.997375
3.551548592374272,-22.681625,88.7764375,-82.8740625,-115.08875,-121.3025,46.875375,47.337,142.5653125,29.74275,-152.142375,160.609,69.627875,-313.10425,-58.344,544.9905625,-124.51075,-65.344125,201.7903125,-111.277125,133.1525625,-159.556,100.140875,-284.3904375,364.617125,451.9638125,246.804875,189.45425,-115.9866875,-121.609,-25.265625,211.756,-88.351875,-74.5314375,134.8414375,159.377125,-131.701,128.906625,67.3238125,76.429125,-362.0504375,173.912125,181.3425625,-67.78025,-156.921125,162.5074375,-15.998,-112.5228125,-45.8024375,-324.355875,-515.391875,95.4400625,318.545625,68.4633125,102.523125,-272.9535,-116.481875,110.8374375,128.781375,-166.44725,-32.181875,-279.2585625,133.8323125,166.7395625,33.724125,109.8048125,159.6410625,-110.7115,68.270625,191.7009375,-112.9355,-289.32025,208.8788125,-215.004625,171.13875,-138.0195625,-41.3673125,155.7094375,-62.38175,-70.5215625,167.80625,214.794875,8.2919375,-345.9335625,273.648125,-317.15225,69.7470625,415.732,-21.6428125,-294.7663125,103.369375,69.9605,436.40775,-342.0303125,130.567375,257.1669375,52.6586875,98.2823125,77.15675,20.3923125,238.7670625,-236.4695,42.1473125,-106.303,39.4044375,3.4898125,-220.6438125,294.65475,336.5346875,67.8740625,-121.2193125,94.818125,146.1209375,-221.8800625,-82.5516875,-2.1016875,-214.6280625,-16.50175,59.9215625,135.395375,92.8489375,48.3603125,70.1194375,62.9053125,212.357125,176.11575,-149.202625,-342.25225,-262.6103125,121.356625,-377.8361875
3.555621115096341,-32.9393125,103.500375,-109.5456875,-143.6494375,-99.895375,37.820375,88.153125,142.6919375,-30.18875,-164.15325,174.2118125,15.732875,-376.468625,-75.9764375,510.700375,-101.374375,-23.58175,241.421375,-169.9268125,124.295125,-148.2989375,131.06925,-229.122875,369.09975,466.5658125,230.690625,150.0405625,-149.026375,-55.8560625,-37.3918125,164.5176875,-125.08225,-108.0513125,164.7465625,195.2758125,-160.4605625,108.50225,96.9989375,40.6064375,-379.2820625,215.907125,230.0471875,-52.9305,-97.7228125,154.6584375,-33.5978125,-128.8566875,-29.87325,-300.30925,-519.9680625,101.395375,365.5775,110.5859375,51.9404375,-269.949375,-179.558875,159.8724375,131.7144375,-217.082125,-18.1970625,-285.9816875,135.5400625,155.751625,-7.9778125,75.7739375,117.2270625,-132.1734375,55.988,159.150625,-119.2008125,-263.6099375,210.094125,-185.346875,122.7466875,-117.0810625,19.095,189.630625,-7.4678125,-86.69975,119.0683125,167.7203125,34.4498125,-382.693,285.225875,-301.5840625,109.8684375,388.895875,-26.0405,-276.477625,170.4371875,60.12875,441.5510625,-302.9009375,56.123125,247.9939375,49.938375,82.6115625,106.8415,13.862625,252.8775,-261.6675625,130.728875,-111.727,2.3706875,-14.540375,-219.5040625,322.1719375,343.5425,119.7745,-65.827375,79.461,104.5753125,-161.533625,-102.3024375,2.613875,-197.0510625,-54.3825,106.3823125,150.76725,111.4356875,70.343375,59.8229375,49.2510625,152.4666875,192.80825,-109.8520625,-345.09025,-313.90375,178.07675,-338.5125625
3.559693637818424,-53.872125,131.200375,-139.8855625,-156.0136875,-96.18825,42.2134375,125.8354375,126.95825,-70.1456875,-172.4630625,173.07625,-57.676375,-420.96025,-63.491625,469.9494375,-78.731,15.059125,285.0874375,-212.9240625,91.075125,-116.663125,185.8646875,-182.4306875,363.9918125,477.6894375,204.771625,90.45325,-165.3114375,10.5703125,-33.6275,120.4825,-165.720625,-119.093125,187.52425,217.9601875,-197.2410625,89.6793125,129.0419375,12.342,-404.2526875,244.5220625,255.2878125,-30.0901875,-29.3690625,156.929875,-40.6446875,-144.626375,-13.9440625,-270.1985625,-520.7825625,100.3798125,396.4251875,137.6575,-6.2008125,-263.1204375,-227.0171875,188.5534375,103.858875,-241.710875,-8.86625,-270.896125,129.7808125,137.71875,-43.4028125,37.8740625,78.1319375,-166.872125,44.123625,153.476125,-129.6861875,-215.498625,193.0425,-143.43225,52.5021875,-103.1584375,61.6366875,231.535625,48.339375,-92.5135,70.763875,126.124375,60.2638125,-398.8765,276.386875,-276.7728125,138.694125,342.8361875,-32.2139375,-256.001625,245.8184375,46.18825,437.5569375,-244.23425,-4.649625,226.728125,50.8203125,67.859375,123.896625,8.8660625,265.9588125,-303.5333125,180.704375,-116.598125,-44.0543125,-30.0995,-219.077125,332.3074375,337.1674375,170.823375,-3.83,77.5575,82.983375,-112.639125,-110.386,2.83525,-167.493875,-88.2945,144.353875,172.010125,91.6823125,80.88275,56.335125,43.6155,113.7818125,211.3488125,-84.5179375,-333.42675,-355.33925,214.2393125,-303.654125
3.563766160540493,-90.305625,171.9440625,-176.1906875,-147.653375,-107.7530625,51.057,143.17275,88.416375,-96.1224375,-176.697,161.78425,-137.67575,-434.314,-24.5865625,424.6991875,-69.9166875,38.334125,326.310125,-239.9594375,32.1823125,-73.2225,244.6659375,-155.1468125,351.4965625,483.9274375,172.16925,21.1253125,-159.06825,64.5641875,-19.588625,89.2711875,-199.0476875,-112.44775,198.2728125,227.542375,-233.60975,72.430875,162.2191875,-5.8658125,-427.961625,252.7096875,244.8316875,-2.502625,33.1749375,156.89225,-32.3591875,-160.5906875,-9.6440625,-235.1375,-505.774625,86.6093125,399.835125,160.2890625,-70.253375,-258.9069375,-254.435,187.695625,46.379375,-241.991125,-9.347625,-230.4455,120.9993125,120.83825,-61.5966875,10.52875,47.949375,-210.0266875,33.355625,162.40925,-140.9419375,-145.1908125,160.5586875,-90.4603125,-10.2698125,-99.1673125,97.5834375,262.578,91.4275,-94.3486875,32.8386875,103.8556875,82.294,-395.961125,249.40375,-246.659125,146.6866875,290.278375,-32.269875,-231.8518125,313.222625,40.463,431.422375,-181.045875,-48.1501875,199.167625,50.2758125,47.22325,120.709,9.3509375,269.462625,-354.779875,191.80575,-122.6544375,-85.698,-38.03925,-206.087,320.426625,307.4151875,206.1434375,68.5796875,99.6420625,77.2690625,-87.1991875,-107.7386875,-12.9861875,-146.0135625,-122.732125,160.8513125,183.5098125,34.882375,79.703625,63.8303125,50.193625,106.7284375,234.076375,-84.666625,-309.846625,-374.9024375,219.198875,-280.357
3.5678386832625764,-146.6971875,223.2908125,-211.275875,-122.7313125,-128.8190625,58.7564375,131.447875,29.122125,-116.4843125,-178.2499375,149.354,-205.494125,-420.9774375,19.8186875,382.9408125,-77.0130625,38.6468125,359.3199375,-250.982375,-44.9004375,-29.9011875,287.8448125,-141.0626875,330.39975,474.55075,135.91175,-52.9423125,-133.1465,109.2618125,-10.723375,80.66325,-216.9530625,-90.7246875,185.968875,227.1083125,-256.2143125,55.861375,179.748,-14.8789375,-438.1893125,245.485,202.3466875,21.677375,78.3045625,146.0373125,-13.197375,-172.06075,-31.3356875,-200.673375,-465.8045625,62.7836875,372.890375,183.4910625,-128.35125,-261.5973125,-267.1815,156.833625,-26.0259375,-228.598375,-10.3214375,-169.84475,124.5406875,113.771625,-53.5598125,8.5203125,29.52675,-252.6949375,20.6721875,165.911375,-153.5884375,-65.55425,117.966375,-32.455625,-55.50525,-108.306,128.6078125,275.7385625,117.0806875,-95.8091875,6.489375,97.89975,96.6163125,-385.1613125,212.5641875,-210.21125,136.7211875,247.869875,-25.4635,-208.6155,357.627125,47.997125,419.6774375,-131.1948125,-78.4351875,167.3923125,47.270125,16.9104375,101.1916875,15.7859375,254.5039375,-404.1596875,170.75925,-121.8533125,-105.6484375,-34.557125,-175.9434375,291.901625,251.8815,217.876125,147.589,142.991625,75.8980625,-84.440125,-98.5780625,-42.3733125,-142.7796875,-154.785125,153.774375,180.5911875,-44.5070625,76.1229375,86.6823125,64.1506875,128.9373125,258.092875,-112.7630625,-272.0511875,-372.969875,201.0864375,-273.0890625
3.5719112059846454,-221.5135625,276.606375,-230.6395,-85.36525,-157.4185625,62.355625,95.7993125,-33.75925,-135.34675,-173.9750625,139.1655,-248.143875,-393.8955625,49.8304375,351.8214375,-90.96125,10.8016875,375.5859375,-246.0026875,-128.0614375,2.0465,308.4375625,-125.9779375,303.17225,438.0976875,103.0151875,-130.94125,-97.944875,155.291625,-22.079125,90.633875,-220.9655,-58.578,145.349375,217.508625,-255.8690625,44.237375,168.7033125,-21.1691875,-431.5030625,234.4815,148.3346875,36.156875,99.9508125,130.6918125,7.4668125,-174.588125,-83.3513125,-177.7661875,-406.5254375,32.1245625,322.761125,204.144125,-161.07775,-271.0401875,-266.667375,109.11025,-93.717125,-210.246125,0.1030625,-102.6854375,153.4415,121.9705,-19.535,30.0980625,20.952625,-290.8204375,4.0588125,148.568375,-174.8255625,9.1659375,71.16725,16.933375,-90.0889375,-125.504375,145.119,270.833375,136.802,-91.796375,-6.962125,94.5695625,101.7303125,-375.2544375,173.4945,-167.63525,115.6213125,231.187125,-16.4920625,-198.7976875,366.338,65.6471875,396.8254375,-105.862625,-100.752375,136.69625,47.1015,-15.5864375,76.17975,24.779125,224.9628125,-437.730625,131.2324375,-103.090875,-96.362625,-27.1069375,-138.6251875,263.3071875,183.6865,208.670625,219.6771875,190.4879375,65.194375,-94.0483125,-87.0433125,-66.089375,-150.4995,-178.03175,129.2568125,172.3409375,-129.1034375,78.3843125,123.9286875,71.8223125,168.438375,276.827125,-165.097625,-215.1535,-358.0428125,172.1176875,-273.987375
3.5759837287067286,-303.5760625,317.536875,-227.24075,-34.5149375,-199.1116875,55.2925,51.191625,-81.89175,-152.1264375,-152.247625,124.4316875,-264.0421875,-361.930375,58.7931875,332.5388125,-102.9179375,-40.4445625,367.619625,-229.4904375,-206.148625,18.3086875,304.1025625,-99.9723125,280.9865625,375.905125,84.537875,-211.8029375,-62.3375625,204.28525,-56.128125,104.1814375,-210.6469375,-24.5951875,82.7454375,205.238375,-227.6639375,41.9768125,136.17675,-29.832,-411.951625,227.862125,105.21825,42.3235,102.07175,126.8128125,23.146875,-167.486,-157.06675,-180.791875,-347.641375,-4.8866875,260.8548125,213.72975,-154.1324375,-282.7105625,-249.627125,64.244875,-144.269875,-187.5364375,21.333625,-41.85075,200.7928125,151.025375,28.1870625,54.6794375,13.87575,-323.9538125,-9.5148125,110.3610625,-207.633625,70.0970625,26.837125,52.457625,-123.775375,-141.0130625,139.5845625,249.784875,168.4305,-74.1858125,-5.6474375,87.701125,99.970625,-365.9255625,136.1310625,-123.5791875,85.82675,248.2539375,-11.0303125,-210.6098125,334.27525,89.53675,368.7368125,-105.7681875,-117.942625,120.2736875,56.0170625,-37.952375,55.4383125,31.1305,191.2230625,-445.125625,89.4983125,-59.3028125,-64.397375,-27.4921875,-107.8316875,251.075,122.3554375,188.2601875,274.7808125,223.7475625,33.3741875,-104.1371875,-69.1603125,-64.75,-152.56,-186.6025,96.4239375,169.1976875,-205.1005,90.7826875,162.7950625,62.6314375,210.289,284.506125,-229.4983125,-140.3555,-339.7781875,139.5844375,-266.660375
3.580056251428812,-372.4456875,335.589875,-209.2289375,29.4498125,-259.4881875,30.158375,11.8329375,-113.0425625,-163.0389375,-105.8529375,100.288375,-260.00225,-326.9833125,51.5483125,319.7366875,-112.874625,-97.319,335.7788125,-213.2185,-271.0331875,26.0456875,272.5443125,-58.77925,273.2419375,302.80525,87.137375,-291.3344375,-28.1943125,248.0594375,-98.1130625,109.088125,-180.8646875,2.5926875,16.64925,207.2283125,-175.9216875,44.445875,98.0675,-41.9794375,-382.747375,224.0295625,82.81175,42.73275,98.2255625,146.12025,32.5885625,-149.5879375,-236.6989375,-217.6815,-305.7526875,-48.923625,197.22625,203.9158125,-112.6085625,-291.78725,-219.7686875,30.63125,-170.8244375,-160.0555,43.4695,7.1769375,239.9425625,201.5645625,78.0306875,62.91525,-2.49275,-352.706625,-12.4736875,65.9101875,-244.753875,112.366125,-11.026625,85.2355,-165.6635,-150.0149375,115.2861875,217.401,218.7075,-40.6645625,7.3901875,80.7400625,95.51175,-353.774,97.4616875,-83.0608125,49.702125,290.5200625,-11.5980625,-239.09175,271.5266875,119.6088125,348.5976875,-125.209875,-129.787,129.9474375,74.100125,-43.5760625,42.851875,28.560875,157.529875,-423.8394375,55.42125,2.586875,-19.4404375,-39.7886875,-86.9883125,257.9828125,79.5735625,169.698125,310.76875,233.2615,-20.6038125,-106.966875,-35.3565625,-37.4255,-137.4885625,-179.923,61.898625,175.4049375,-261.1806875,117.848125,183.4219375,36.7675625,236.4400625,277.8116875,-287.7178125,-56.48925,-325.4439375,107.6979375,-238.365875
3.584128774150881,-406.0511875,327.3925625,-189.8908125,94.655875,-331.1271875,-11.3720625,-20.5475,-138.129875,-162.244875,-43.0223125,77.1934375,-241.316625,-290.5501875,38.41025,308.7549375,-126.4758125,-144.2665,285.1710625,-205.5173125,-322.6839375,39.639375,220.3394375,-7.12,275.37075,234.592875,107.7274375,-357.16925,5.452875,278.8048125,-124.859125,100.3665625,-131.71475,14.661,-32.1360625,236.6915,-115.49975,41.837375,63.8858125,-61.916625,-345.6686875,214.4785625,77.2514375,33.39875,102.7874375,188.47475,33.7040625,-118.085375,-306.2841875,-276.95175,-279.252375,-98.095375,137.0980625,174.2920625,-59.2033125,-297.2815,-187.3355625,-2.964625,-169.6965,-133.6859375,62.410875,50.1540625,246.1046875,259.7773125,127.084875,58.8245625,-33.3718125,-379.8608125,-9.1425625,30.4950625,-275.6853125,134.563375,-44.684625,131.6614375,-217.6784375,-154.4245,80.58575,180.3729375,281.0643125,5.4168125,22.6478125,76.40275,92.397875,-338.4665625,48.3393125,-48.3371875,13.252625,331.021,-13.732375,-270.168125,200.0416875,156.4485,345.8645,-153.2049375,-133.7260625,162.677125,94.98975,-32.7044375,38.3883125,10.1820625,125.6723125,-377.5138125,29.3886875,59.8729375,35.2655625,-56.6628125,-70.364625,274.1995,55.2486875,162.8930625,330.1959375,221.4564375,-80.1313125,-97.72475,19.92525,0.8571875,-105.2128125,-161.453625,29.837125,188.8006875,-285.87775,164.1745,172.1344375,2.1481875,231.5305625,256.062,-327.8985625,22.540375,-320.9274375,82.851375,-188.330125
3.588201296872964,-393.2013125,293.8340625,-178.0585625,142.6918125,-396.653625,-55.47075,-52.3155,-165.6205,-144.3905,22.3383125,73.6945625,-205.30275,-256.6035625,33.9749375,301.36625,-148.3324375,-182.972,219.9135625,-203.994875,-368.5085625,64.7883125,162.6728125,39.2920625,272.6164375,177.727,135.346625,-394.350625,36.9783125,296.9240625,-123.616375,80.833375,-70.9068125,5.848125,-54.5714375,285.458125,-62.3134375,34.367875,33.4155625,-95.187375,-305.9348125,192.4005625,80.633,9.0761875,122.06925,244.3303125,26.1781875,-73.816875,-354.4059375,-331.7739375,-251.4575,-144.0955625,85.0800625,136.933375,-17.6953125,-296.6901875,-155.6219375,-48.8513125,-146.694125,-117.906625,84.450875,96.5968125,212.06,303.707625,171.612375,65.24425,-73.410625,-407.8824375,-11.15725,8.411,-296.107,138.44725,-78.75525,197.8089375,-269.8114375,-159.844625,41.873125,149.1465625,346.3438125,62.18825,28.2928125,73.002875,90.346,-318.9058125,-18.30075,-17.7134375,-19.645,344.9175625,-6.5880625,-288.251875,139.754125,197.530375,362.8365625,-176.2916875,-126.136875,197.8715,107.077875,-5.9685625,43.5726875,-25.659625,99.4473125,-316.594625,7.7173125,93.309625,96.5516875,-64.5373125,-57.207,287.6970625,42.0843125,166.8234375,337.683375,199.8533125,-120.7405,-75.79075,91.4550625,36.6426875,-61.659125,-136.5945,6.6219375,203.4014375,-271.8904375,227.858125,127.770625,-29.6935,196.54175,221.376875,-350.977375,79.7975,-328.787875,72.9676875,-125.79275
3.5922738195950332,-336.6099375,243.600375,-180.084125,164.7811875,-444.0528125,-83.85675,-80.5165625,-194.90675,-110.9673125,81.989,95.1591875,-147.1029375,-227.8924375,52.5989375,302.3179375,-179.2145625,-225.4685,146.3640625,-201.7,-410.379,89.44475,112.494875,63.898625,257.15625,130.18525,156.382625,-402.1385625,63.8830625,309.15175,-100.749125,60.4700625,-10.055125,-20.757375,-55.904375,328.482875,-25.903,32.69325,1.1091875,-135.474875,-273.7805625,160.0291875,87.534125,-27.3110625,154.344625,306.197,19.998625,-24.0785,-378.2745625,-362.0205625,-208.70125,-174.6498125,48.146,106.532375,2.31725,-282.44075,-117.451375,-102.9001875,-111.406,-119.3525,116.227,144.552625,150.165875,321.237125,201.40875,100.3449375,-106.5823125,-435.9585625,-27.4213125,-2.575125,-307.591375,128.9530625,-114.0729375,274.3130625,-305.85175,-167.0776875,7.1015,135.2278125,405.902375,127.404125,16.5891875,68.92975,81.7301875,-289.4375,-101.036125,12.816375,-49.8215625,331.027125,22.0356875,-283.709125,100.2163125,235.254875,395.28725,-187.8730625,-104.3308125,212.744,99.67175,36.58125,61.8796875,-72.18325,78.0396875,-253.7010625,-7.33325,105.5209375,152.6250625,-56.6429375,-58.774,290.419625,29.1743125,172.4468125,333.7944375,178.9290625,-130.664,-47.1331875,162.3480625,66.9049375,-11.6271875,-110.87725,-1.7681875,210.2408125,-225.930625,294.2769375,58.79875,-48.4561875,151.0690625,179.595625,-368.968875,102.3311875,-344.0273125,82.210625,-63.4550625
3.5963463423171165,-245.959,196.0130625,-199.3094375,166.7890625,-470.1605625,-86.8934375,-88.1149375,-220.841875,-74.26075,130.7654375,127.5833125,-70.3,-202.7780625,97.231625,318.1855,-214.8371875,-274.4389375,74.7649375,-194.0113125,-440.943,94.8443125,74.0085625,60.68975,234.304125,83.933875,166.0666875,-394.4105,88.37325,319.9231875,-70.1556875,47.2369375,39.8051875,-51.364375,-48.854375,345.810125,-6.3440625,40.443625,-29.5960625,-164.4215625,-257.8831875,127.6335625,93.9720625,-60.4585625,195.4268125,371.001625,27.7645625,21.97725,-382.1159375,-367.413,-154.2388125,-185.2073125,31.55625,85.3673125,5.72675,-252.132625,-64.95225,-149.0143125,-65.3465625,-134.9153125,155.8724375,180.082375,83.99975,317.8299375,208.935875,163.2065,-116.07425,-461.528,-60.9921875,-2.18725,-312.0600625,113.564125,-145.497,340.4314375,-311.6991875,-168.638625,-15.254125,141.26225,450.404,189.3250625,-10.98625,67.827625,57.518375,-244.055,-189.6888125,42.0534375,-76.0809375,309.283625,79.5804375,-256.5145,82.8505625,260.2085,435.7676875,-187.5059375,-69.270625,201.24975,73.1496875,87.912125,86.90675,-121.5998125,56.3551875,-192.419625,-8.551875,115.3179375,191.3386875,-43.301875,-85.5069375,278.98325,6.917,173.297125,318.7129375,163.1365,-116.7319375,-19.076625,216.03425,93.89625,42.621125,-84.6059375,3.0995625,200.9749375,-168.4435625,341.32825,-20.8334375,-51.845875,119.4823125,138.38375,-397.8766875,94.84075,-355.3055625,109.2066875,-8.902875
3.6004188650391855,-136.8121875,168.2851875,-229.247625,157.941375,-477.6933125,-72.922375,-60.90275,-238.9345,-50.2083125,163.8599375,149.9609375,12.9605,-174.096,153.1171875,355.7095,-244.0783125,-314.382625,11.609125,-182.44575,-455.3861875,74.731875,44.8275,34.3460625,208.1544375,30.6426875,171.7905625,-383.2174375,116.7633125,324.23625,-42.525,38.0754375,74.9733125,-71.282625,-45.5490625,335.197375,7.889375,46.8176875,-42.5004375,-168.3559375,-254.64025,102.5835625,94.502625,-71.9265,239.5755625,431.1945625,48.567125,61.7283125,-367.8541875,-360.5735625,-107.624375,-185.3530625,33.592625,65.6945,-0.2094375,-213.9805625,2.9150625,-169.0715625,-8.1065625,-151.39,192.7310625,191.5180625,32.3251875,306.9211875,194.255375,235.7683125,-99.4908125,-481.836875,-108.47075,11.1121875,-308.9518125,98.278125,-165.7835625,372.628125,-286.084625,-162.6690625,-26.172875,160.3345,473.5318125,234.291875,-47.75125,77.280375,15.7005625,-182.612875,-272.8744375,61.5035625,-92.5664375,304.5904375,162.0494375,-213.571,82.06975,273.254125,474.372125,-174.584375,-23.3514375,178.883125,35.488,134.686625,100.2754375,-167.1423125,32.69675,-129.987125,2.4919375,137.1894375,212.149625,-44.220375,-129.49225,256.002,-26.543,168.973875,300.97275,153.0391875,-96.904625,6.5688125,249.0670625,122.9340625,97.9280625,-54.9611875,10.8475625,178.9401875,-116.0776875,355.750375,-94.5405625,-44.1151875,117.485625,102.88575,-447.461375,80.874125,-351.6126875,149.3368125,38.810625
3.6044913877612688,-29.384,163.2340625,-254.7734375,142.206625,-473.264125,-61.7730625,-1.853625,-246.848625,-46.2798125,183.7338125,146.6070625,94.99575,-136.9194375,197.5194375,413.7853125,-254.48625,-321.4896875,-43.62325,-172.911625,-457.7524375,42.5110625,18.7493125,-4.57175,172.530375,-27.0049375,178.9675,-369.787875,150.2218125,310.37475,-24.081875,25.2653125,99.2670625,-76.982125,-49.422625,308.908875,33.3665625,39.995875,-29.605,-147.522875,-250.906375,80.09325,78.9994375,-57.9561875,278.215,478.4528125,67.3736875,100.6020625,-333.2755625,-354.0979375,-90.8424375,-185.8624375,44.869125,44.2220625,-14.4744375,-175.0354375,81.2738125,-151.8125625,54.17375,-155.8949375,210.7665,181.634875,-0.2444375,295.456875,161.272125,295.204625,-70.112125,-493.5651875,-162.2741875,31.0059375,-292.96625,86.04375,-172.3571875,356.3864375,-245.2963125,-162.6428125,-34.3794375,184.136375,475.344875,261.1388125,-89.926125,98.579625,-34.9708125,-111.502125,-344.5624375,62.6799375,-95.1024375,330.240625,251.44575,-161.4348125,83.4485625,288.524375,498.67925,-149.852125,34.580125,170.9938125,-5.5831875,168.311,89.226,-197.6801875,7.966375,-67.752125,14.264125,169.8431875,221.395875,-74.3420625,-168.609875,230.61725,-68.067625,159.60225,289.377875,147.71075,-89.4858125,30.60775,268.685625,163.0161875,144.63575,-25.3666875,13.134,155.7715625,-72.1079375,339.552625,-145.479875,-26.914,148.2996875,73.7265,-513.4235,83.87725,-330.723,194.9116875,80.4865
3.608563910483338,56.2268125,174.6640625,-263.7745,118.84425,-463.5395625,-64.2518125,70.3503125,-244.40875,-58.2754375,198.288,112.42025,179.1796875,-100.3315,215.14425,476.9301875,-245.9808125,-281.48625,-90.8653125,-172.0336875,-454.483875,17.6918125,-8.4456875,-44.8371875,117.901375,-76.4079375,183.80675,-348.6556875,177.2383125,272.0865,-15.11525,9.64825,117.3423125,-77.7805625,-51.0646875,282.24875,79.61275,20.2795,-3.264625,-109.7303125,-239.1825625,49.8625,37.3538125,-32.3811875,304.823125,512.1040625,70.998625,142.20925,-280.829875,-350.4474375,-110.5595,-186.383875,56.016625,24.301875,-41.9271875,-132.7840625,160.697375,-102.9011875,114.1030625,-144.0709375,193.7841875,166.356,-17.726875,282.103875,113.5515,329.0771875,-44.127375,-492.6499375,-215.748375,41.186125,-256.1795625,78.4614375,-165.2381875,295.1300625,-211.9139375,-181.3475625,-45.073875,203.9859375,461.7475,274.83375,-135.912,123.9340625,-77.1896875,-35.754375,-400.2365625,39.179125,-87.0725625,379.51,325.840875,-103.52425,67.975,318.7745,502.1828125,-117.552875,106.4331875,190.9233125,-38.952375,189.1773125,56.10675,-201.4720625,-15.79025,-9.8893125,18.77225,201.4014375,223.98925,-133.3874375,-187.8614375,215.405125,-114.6908125,142.694,285.0414375,150.71525,-104.1179375,48.6309375,282.5561875,215.48425,167.8910625,-5.039,9.15725,140.181375,-32.539625,302.547,-165.575375,0.7738125,202.951375,46.7740625,-574.05575,107.544,-302.51125,235.925,111.8585625
3.612636433205421,105.325125,195.6610625,-255.2483125,88.805625,-452.6824375,-70.9378125,131.086,-234.5341875,-76.5796875,208.741375,52.5788125,270.6165,-77.954875,205.745375,521.304875,-230.28175,-199.119125,-125.4201875,-186.34825,-447.001125,7.5859375,-31.0665625,-79.1989375,42.9430625,-108.727,182.7691875,-314.603375,182.55975,213.2455,-9.810625,-3.5115,131.24975,-84.995375,-37.6118125,262.7989375,143.1986875,-3.652625,20.1144375,-63.1396875,-218.885375,9.1854375,-29.5920625,-13.151875,318.70775,536.3894375,55.881375,181.059875,-218.0668125,-341.593625,-156.544,-182.2578125,65.0629375,10.56575,-87.778375,-84.2738125,227.174375,-43.2548125,164.3625625,-120.1879375,133.231,160.42975,-22.5373125,265.4275,52.365125,337.851125,-27.143625,-476.980625,-264.58875,24.9865625,-198.6075625,72.8023125,-142.6026875,205.7998125,-199.9446875,-214.6095,-55.2370625,210.1454375,438.776375,273.9174375,-181.6588125,145.1855625,-92.355,43.0740625,-431.2014375,-11.6829375,-78.51475,432.513625,373.274125,-48.6456875,26.24975,364.1658125,489.3785625,-84.0656875,185.864375,230.689125,-51.3123125,200.2554375,16.577375,-176.1599375,-31.54375,42.5253125,17.4781875,221.3438125,223.2593125,-200.8000625,-192.87725,219.5919375,-155.756375,116.4420625,286.1071875,172.0439375,-141.31775,51.9125,295.1415,265.563,161.69475,-0.193,-1.9663125,139.0489375,8.5541875,258.7375,-163.0100625,33.997125,260.588125,17.7538125,-602.878375,137.336625,-278.516125,264.51575,133.024
3.6167089559275043,111.95525,221.6290625,-234.9635,59.5963125,-440.8858125,-64.8515625,165.165125,-221.713,-91.9595,209.223375,-24.08475,363.991125,-73.037375,180.289625,528.814125,-212.5825,-95.6380625,-146.5914375,-218.785375,-434.42125,8.64475,-36.253,-102.3728125,-40.8095625,-121.7933125,179.9503125,-265.94875,164.072875,144.6983125,-2.2070625,-14.855,140.9101875,-103.6995,-6.878125,249.2290625,212.4363125,-25.5135,39.817125,-14.8905,-189.3561875,-37.43225,-104.461375,-10.1219375,318.9305625,555.5275625,23.0170625,207.4326875,-154.7486875,-320.7126875,-214.9251875,-171.6203125,74.73875,6.5823125,-149.872,-34.525375,270.4460625,9.6060625,196.6574375,-94.06875,34.23125,162.42975,-12.6829375,246.21275,-17.4665,327.7325625,-14.1571875,-446.2341875,-302.1745625,-23.4184375,-132.314375,61.0409375,-110.4943125,106.910125,-209.668125,-248.53575,-56.4486875,197.3105,411.20275,256.0804375,-222.663375,158.4761875,-71.18975,117.6571875,-428.5009375,-77.7458125,-77.867375,473.1054375,393.6818125,-10.90925,-31.4821875,413.9736875,471.0824375,-57.0083125,257.689625,275.127875,-38.7834375,200.5834375,-6.90575,-131.2648125,-32.0930625,89.7241875,16.9710625,224.9510625,221.018875,-250.7110625,-202.66075,243.245125,-172.0956875,84.0624375,292.1084375,215.3998125,-197.098625,33.2778125,309.8283125,294.931625,135.752625,-8.0061875,-23.9019375,161.2389375,54.661,223.6931875,-153.4000625,65.01975,297.4116875,-8.523625,-589.2630625,156.5823125,-258.6964375,275.9461875,152.716
3.6207814786495733,80.317125,254.23475,-205.441375,40.7708125,-425.264,-35.420625,176.613125,-208.932875,-95.57875,196.9545,-110.1263125,442.16625,-80.8551875,152.5185,497.0303125,-182.002,-0.09075,-164.9004375,-264.764625,-420.3139375,17.1453125,-15.0084375,-109.4364375,-115.9325,-115.320625,180.6123125,-205.45525,134.1668125,83.4984375,9.7079375,-28.920625,148.7511875,-134.524875,30.2988125,237.4041875,274.7383125,-46.4600625,66.6291875,29.159375,-150.1859375,-85.5818125,-160.3779375,-21.054,301.4821875,573.6514375,-23.769875,216.2285,-103.1403125,-288.7850625,-273.6731875,-151.3985625,86.9353125,12.8591875,-213.0294375,9.0295625,297.2906875,54.013875,207.1149375,-73.202125,-87.1724375,158.0170625,10.883875,224.3078125,-79.456125,308.731875,-2.8089375,-400.38475,-318.12275,-94.9395,-72.8665,38.0485625,-87.156875,15.8135,-231.42975,-276.090875,-41.31,167.4875,385.421,228.6063125,-256.7454375,167.033125,-19.5205625,174.638625,-390.2754375,-131.558875,-84.1865625,502.3423125,389.275125,4.2168125,-85.4025625,456.670625,456.686625,-40.9189375,306.2990625,313.814375,-11.030875,184.243625,1.8856875,-81.618625,-19.5153125,128.3044375,22.469625,209.7731875,218.23725,-273.25925,-226.5023125,275.5475625,-151.1345625,53.062375,302.0658125,268.667375,-264.8528125,-3.5810625,327.7438125,297.4786875,102.062875,-16.709625,-58.20325,211.1146875,102.970875,209.69375,-141.4238125,91.6704375,303.6166875,-19.7725,-541.886125,156.9356875,-237.252,267.6525625,177.014125
3.6248540013716566,25.2320625,299.245,-162.9230625,38.1333125,-405.497625,19.923375,181.926875,-195.1445625,-79.2211875,176.1045,-195.452,488.776125,-93.05,131.7850625,443.188,-128.8714375,64.26275,-195.2755625,-310.5168125,-409.8953125,30.4486875,30.2161875,-100.4695625,-165.74,-90.6875,180.8310625,-141.014375,106.386125,43.747875,20.8684375,-46.24875,158.1483125,-174.0769375,59.692125,227.128,321.2154375,-72.14175,108.2795625,66.0565625,-100.201375,-128.705,-177.973125,-37.2594375,264.6119375,591.467,-75.39325,209.3879375,-73.5055,-251.08725,-320.69675,-117.746125,101.2641875,26.694,-255.313,43.8291875,326.57525,91.9674375,197.196625,-56.32075,-208.267375,136.1870625,37.9175625,201.030125,-113.4983125,293.62375,1.8648125,-343.68075,-306.108375,-171.0759375,-28.14775,10.0234375,-85.593375,-52.7238125,-252.964125,-298.8185625,-11.863,129.0639375,364.807,201.9098125,-283.945125,182.7359375,46.6701875,204.6386875,-324.332375,-150.43275,-91.7485,529.922625,359.5598125,3.398125,-120.9014375,486.8566875,445.85125,-27.6948125,324.96825,340.48075,20.0518125,145.3203125,44.2029375,-38.4339375,-0.4589375,156.79,31.86525,179.3444375,215.0924375,-273.680625,-254.5874375,297.6811875,-95.80425,30.3451875,313.70625,312.2135,-335.73275,-37.9409375,343.567625,278.2008125,67.6088125,-11.0510625,-99.9836875,278.076375,151.706125,223.1545625,-116.3378125,114.8025,286.4174375,-7.9303125,-477.240875,139.9243125,-213.7475625,242.2088125,199.318
3.6289265240937256,-33.69,355.7061875,-104.9595,56.030875,-386.5836875,95.7894375,194.15275,-176.7369375,-43.5554375,149.81975,-263.639375,501.8074375,-101.32175,117.7465,394.3909375,-62.6851875,92.5119375,-246.391625,-335.51425,-400.9936875,43.8540625,87.0585625,-86.4448125,-183.1005,-51.5423125,174.8330625,-81.2031875,86.690125,27.8155,20.4205,-58.760875,163.474875,-215.029625,74.281625,226.0549375,349.233125,-101.7549375,164.8956875,98.2398125,-37.924125,-152.715875,-157.9569375,-51.15675,211.772875,604.9973125,-119.4796875,193.2833125,-66.146875,-212.0105625,-348.7591875,-73.592625,112.99825,41.9235,-266.795375,70.913,370.7985625,117.3988125,167.8330625,-37.7505625,-302.4850625,96.887375,57.5508125,178.59725,-113.9021875,286.801375,-2.778,-285.3678125,-270.97975,-231.270125,5.3233125,-7.278625,-100.3509375,-91.91475,-264.6516875,-318.383375,16.6820625,96.217875,344.064625,175.47975,-306.69275,219.4245,111.353625,208.1455,-246.940875,-132.0820625,-99.0779375,556.3235,306.631,-3.2168125,-132.4875,502.1331875,427.804625,-0.553125,322.66675,353.045,48.977125,87.478,108.5635625,-6.2576875,22.0828125,182.293125,34.532875,145.009625,205.711,-260.164375,-271.06125,293.792875,-20.6533125,17.5770625,324.5169375,333.66675,-401.230125,-46.3655625,347.0865625,244.093875,41.0185,17.0953125,-140.68825,338.586,207.887625,260.140875,-68.3258125,133.033125,258.4063125,22.4158125,-407.8606875,112.8941875,-189.701125,208.84625,206.928875
3.632999046815809,-82.715,413.857625,-37.04025,96.7966875,-371.4195625,176.8703125,213.99825,-152.4515,-2.876,114.0925,-297.016625,490.7149375,-105.4799375,103.2155,366.965125,-5.376625,96.3978125,-314.482,-326.7864375,-385.19375,48.8250625,137.598875,-87.2694375,-178.65375,-2.91175,169.11675,-27.4728125,74.807875,30.60425,1.09725,-58.2744375,149.847,-249.8445,76.5156875,241.5633125,361.938875,-123.0045625,228.7380625,128.7998125,29.389125,-142.2613125,-118.735125,-55.79825,152.151125,612.5886875,-147.15425,174.0306875,-72.013125,-171.3105,-360.4500625,-28.1166875,113.8418125,51.1378125,-257.5213125,90.518375,425.870625,120.597625,119.567125,-15.3668125,-351.1963125,47.6874375,71.9559375,151.572625,-90.082375,278.3851875,-8.8481875,-234.9034375,-225.0880625,-261.7258125,32.6176875,-0.844875,-116.4954375,-105.0055625,-264.028125,-333.4303125,26.732875,83.5405,311.69275,142.90775,-327.606875,284.188375,165.0521875,193.5624375,-177.620625,-88.8861875,-104.378125,571.1568125,238.0011875,-9.667,-124.2209375,501.5705,388.770125,44.9733125,318.3178125,354.6565,69.79325,23.5020625,178.7753125,15.99275,44.1643125,209.766125,16.6958125,115.5283125,181.0525625,-237.525875,-267.225125,259.0185,57.9415625,11.3091875,329.71525,334.1043125,-452.3309375,-27.1983125,332.38775,198.7234375,29.7515625,62.8198125,-174.9000625,370.717625,278.3661875,307.86225,-4.443875,143.178625,230.7730625,55.5613125,-337.1860625,84.0090625,-160.9300625,176.8369375,194.823375
3.637071569537878,-121.8575625,465.3888125,31.6908125,153.6911875,-354.3331875,244.0790625,233.3980625,-124.8836875,27.9205,65.4835625,-287.3941875,462.1316875,-114.0538125,87.8875625,361.316125,23.927625,91.7474375,-383.035875,-289.4215625,-356.844625,37.7319375,164.6048125,-112.65125,-169.8441875,51.3440625,175.827,21.6504375,65.4610625,45.0655625,-31.214625,-49.3095625,105.6746875,-273.0124375,71.675625,269.004125,365.2039375,-122.315625,286.8255625,154.275875,86.752,-95.0995625,-80.9315625,-43.4111875,98.9923125,617.5763125,-159.186625,153.9395625,-83.595375,-125.28575,-359.73275,12.5298125,100.762125,52.2355,-245.0778125,98.72175,476.20825,96.9143125,60.339125,6.7745625,-354.495,-2.1310625,90.8900625,109.543,-53.220875,259.001125,-4.13375,-197.679375,-179.8284375,-261.5655625,52.5164375,32.276,-126.1320625,-102.329125,-254.86325,-343.7100625,11.395625,96.38525,261.3266875,108.0213125,-344.4550625,369.01725,209.1058125,169.94975,-131.5024375,-31.9764375,-99.53,562.3461875,165.8739375,-15.18175,-106.0898125,489.945625,325.202625,92.2055625,326.8415625,355.2559375,73.4096875,-36.878875,241.703375,32.8566875,59.8153125,227.283625,-27.1535,93.547125,143.5834375,-207.5275,-244.45225,194.5355625,130.4521875,10.3853125,322.4693125,321.7895,-480.3331875,-1.7966875,305.5383125,139.8051875,30.983875,116.1481875,-202.47725,368.2493125,359.5293125,350.709,53.9608125,144.0840625,209.7818125,74.3165,-261.727375,60.483375,-120.6598125,149.28425,169.3339375
3.641144092259961,-158.174375,507.4983125,91.55125,210.419625,-327.1681875,290.2445625,244.8183125,-97.8845625,48.817125,9.8491875,-241.9355625,419.5769375,-135.000875,82.4156875,372.1975,23.2381875,90.5766875,-429.601375,-239.5013125,-317.154625,11.4825,161.248,-149.5621875,-162.197375,109.124375,197.6994375,61.1606875,52.6056875,65.0131875,-59.664125,-45.3110625,35.50275,-284.0644375,63.7274375,296.4720625,361.7145625,-93.80825,329.74275,169.35525,125.1200625,-30.5699375,-54.6988125,-14.05425,61.902875,625.0146875,-163.2475,135.617875,-100.5979375,-72.7305,-341.2564375,48.9369375,79.3743125,52.9678125,-240.35,87.61,507.7550625,52.0939375,7.105,24.9869375,-325.7530625,-44.4430625,113.0731875,52.3001875,-13.448125,231.5118125,17.2288125,-173.6370625,-145.9375,-238.7321875,62.2656875,84.3014375,-131.9393125,-94.074,-237.4178125,-353.060875,-27.103375,130.036625,201.87875,83.760125,-351.7741875,451.9065625,252.1483125,143.8284375,-115.218875,33.4179375,-79.5444375,528.4936875,105.9730625,-20.98425,-87.935,473.20175,251.926625,119.6885625,352.2140625,368.56375,59.8383125,-87.732375,290.1149375,48.8463125,67.9604375,212.006125,-86.755125,83.3838125,109.4294375,-173.352375,-206.7326875,107.757,191.6148125,17.735125,300.3184375,298.487,-484.501,12.08375,278.849125,64.9605625,36.7408125,167.3045,-222.6285,342.2728125,441.2994375,374.6484375,87.3695625,136.326625,194.02,70.2230625,-180.561625,49.6810625,-67.591875,127.091125,141.2375625
3.6452166149820444,-192.939,537.8861875,128.1941875,251.99325,-288.6181875,321.5031875,248.641125,-73.487625,72.1175625,-40.6886875,-179.3910625,372.4069375,-169.97975,94.0874375,391.338,11.565375,98.8045,-436.774125,-191.4480625,-273.591375,-18.896875,134.3433125,-177.244625,-151.8128125,164.0464375,230.019,81.3140625,38.6625625,84.9321875,-72.8281875,-53.684875,-39.930125,-288.7755625,56.9286875,316.042125,352.2539375,-41.3265625,354.645125,173.652875,146.406625,16.8173125,-39.8438125,19.9186875,39.5915,641.3596875,-166.1523125,126.3530625,-127.0800625,-18.846125,-295.185625,83.7659375,55.81675,65.4308125,-246.865875,55.6356875,515.8455625,-0.421375,-19.6500625,44.7556875,-278.8299375,-69.5023125,122.0579375,-5.6944375,15.08,202.0160625,52.2790625,-160.746625,-133.2229375,-203.443375,61.237625,137.029625,-138.61225,-86.012625,-206.9615,-362.948,-82.207125,174.9055625,150.5390625,80.3863125,-346.323,511.592375,294.7413125,121.3749375,-128.062625,99.9515,-53.91625,481.039,67.5688125,-27.739125,-75.677,449.4565,191.5208125,118.1779375,387.8714375,401.6973125,43.05075,-121.0469375,319.3358125,66.9696875,71.75,152.7399375,-145.30825,92.5295,93.8455,-139.8435,-154.4943125,21.055875,230.2725625,33.781875,267.876625,256.9638125,-473.2709375,17.1318125,257.6103125,-18.21875,44.43275,202.783375,-231.1195,310.10725,512.7298125,374.8325625,89.3235625,122.8016875,180.5578125,45.881,-103.006375,57.5491875,-8.15875,113.43225,118.2415
3.6492891377041135,-220.343,551.6164375,128.793125,274.239125,-245.615125,341.3685,253.3328125,-50.51025,104.203125,-74.4775,-119.8164375,332.872125,-215.7300625,119.0319375,403.719375,10.59625,114.90875,-402.326,-151.073,-233.3386875,-37.29675,98.68925,-185.265375,-140.3838125,202.9610625,268.007,79.599375,32.8229375,99.944875,-75.7743125,-68.4190625,-100.4286875,-295.72225,55.87575,323.5623125,342.7839375,21.35175,363.6974375,167.4836875,156.0459375,20.8219375,-24.760125,46.1690625,22.6100625,672.0109375,-171.881875,135.0895625,-163.3765,30.71175,-219.53475,116.079375,33.1504375,91.9695625,-268.88925,14.507625,504.580125,-48.89725,-8.3458125,73.961,-221.8276875,-67.09875,100.4754375,-45.897625,21.8029375,171.8011875,94.4930625,-159.5695625,-142.661125,-164.2819375,53.9649375,170.9446875,-143.8154375,-79.3911875,-161.0620625,-371.47425,-140.4835625,217.3396875,113.2211875,98.0550625,-327.5233125,539.9866875,328.1094375,106.3361875,-162.04625,154.0138125,-40.6735625,434.366125,44.5711875,-35.71575,-68.1049375,414.1946875,160.576625,89.5285625,419.3156875,447.086375,36.41275,-131.31525,326.543,84.3219375,72.73375,65.2340625,-191.9133125,123.070875,103.8893125,-111.2238125,-88.4665625,-36.7354375,231.037125,51.7008125,233.114375,194.88325,-457.6336875,29.351375,240.85325,-93.23675,54.32525,210.8383125,-227.284125,285.2685625,562.839625,359.4521875,64.7809375,112.8021875,169.97075,8.84725,-43.4758125,82.431875,45.5438125,111.33925,101.2384375
3.6533616604261967,-233.8075625,545.7470625,95.7890625,282.52225,-208.0615625,346.2209375,263.1080625,-25.4543125,138.3796875,-84.4386875,-74.7451875,308.0930625,-266.308,148.484625,394.3781875,28.1775,136.328125,-339.684625,-115.719625,-195.6965625,-34.178125,68.2221875,-173.5470625,-135.038125,214.142875,303.4845625,66.824625,38.6066875,110.1440625,-83.002875,-77.0860625,-137.1826875,-313.431625,63.33875,314.620125,339.2969375,77.9710625,363.4394375,151.5506875,155.396375,-18.62025,9.1493125,61.7054375,7.7501875,711.08775,-179.6259375,164.8805,-198.112,76.93025,-128.9865625,140.041625,16.257875,122.2771875,-309.2428125,-20.3369375,479.683125,-82.992625,32.2798125,108.4519375,-158.53225,-34.6021875,47.2878125,-57.7666875,12.563625,142.42325,137.5296875,-170.1695625,-169.487375,-128.2470625,53.1003125,179.1475625,-141.2135,-69.4343125,-102.747875,-377.702875,-184.204,241.0481875,78.9870625,126.3184375,-296.668,542.9314375,350.17825,96.1389375,-199.3778125,182.265375,-51.2733125,399.257625,26.50975,-44.6756875,-58.2153125,369.916125,165.2594375,37.0045625,433.494125,483.5538125,40.297625,-119.6481875,314.1595,94.9528125,69.323375,-17.0913125,-219.782375,166.6200625,138.033875,-91.9125625,-15.6855625,-53.199,190.818375,60.5851875,202.032375,125.383875,-444.506125,60.481625,227.1201875,-144.542,64.385625,192.885,-213.3093125,273.12125,584.4845,343.4070625,24.7448125,117.0696875,163.7035,-33.3406875,-12.8258125,115.3879375,80.8101875,119.9386875,85.787625
3.6574341831482657,-228.71,525.705875,44.972125,285.4423125,-180.402375,335.35175,268.042375,1.5281875,169.4686875,-68.8146875,-45.0171875,294.5093125,-316.50675,174.39475,364.75525,61.5948125,165.0021875,-267.414875,-81.21825,-154.3123125,-12.6843125,52.7246875,-151.93925,-137.725125,196.9994375,326.533625,56.5713125,49.2693125,118.32725,-103.817875,-71.4619375,-148.57925,-346.2134375,78.1359375,286.0026875,334.140375,120.4953125,357.8905625,135.4370625,144.9301875,-83.61275,69.5595,67.34575,5.2001875,737.8264375,-182.2736875,207.4500625,-214.5083125,124.87925,-47.0055,149.75425,11.26175,143.0448125,-358.63075,-40.88875,440.577125,-92.2888125,82.6675,133.7985625,-94.4701875,16.835625,-17.35875,-43.1916875,7.24,119.7095625,171.443,-188.4355,-212.254375,-100.766,68.9556875,170.218625,-129.6504375,-49.2205625,-40.4356875,-377.2894375,-203.4866875,234.3266875,34.7448125,153.068625,-258.133375,531.167625,365.3923125,81.8004375,-214.8906875,180.20425,-81.537625,380.4998125,15.262875,-49.896,-39.5400625,324.6083125,201.7013125,-37.056,429.40675,490.726375,43.8813125,-90.423125,286.8258125,101.4184375,57.0568125,-68.172125,-221.777125,208.76975,186.441625,-85.0053125,50.744625,-42.84025,129.04175,55.4266875,174.8944375,68.9234375,-430.0866875,104.7933125,209.1214375,-164.1609375,73.8683125,160.48175,-188.8565,270.083625,578.4560625,334.9500625,-16.511875,138.96075,161.944875,-73.05525,-14.5908125,147.35575,91.496,133.87525,62.4268125
3.661506705870349,-205.454625,500.441625,-8.74275,290.635125,-155.597375,316.2539375,257.7785,22.7666875,199.375125,-28.5838125,-26.6628125,279.3876875,-364.9001875,190.7701875,334.7655625,107.170375,202.06275,-197.528375,-52.1410625,-106.0165625,21.775875,58.634875,-137.1484375,-144.2016875,162.667875,336.31675,53.6155,54.32175,125.2715625,-133.4735,-52.2009375,-134.151875,-389.0945625,95.1643125,243.56975,312.9401875,149.4289375,343.996125,133.452875,129.697875,-153.8166875,142.8518125,61.976875,23.4725,731.7751875,-175.36175,250.4439375,-206.2654375,177.4895625,13.7315625,142.60375,20.4225625,146.0883125,-396.6055,-42.9393125,381.0550625,-74.660125,129.70425,138.5684375,-36.179125,66.2619375,-64.0558125,-13.2420625,26.13175,111.246375,184.323,-209.8336875,-268.367625,-82.893,99.37175,160.3789375,-113.388,-21.7914375,12.7896875,-361.301,-204.1795,197.136625,-21.737125,172.016625,-220.3395625,512.14725,373.995625,54.53425,-190.4166875,157.441875,-114.6250625,375.1521875,23.587625,-46.6116875,-10.534125,283.1429375,259.4235625,-126.9039375,415.8145625,467.38775,35.213875,-45.0634375,247.7366875,110.3191875,32.906,-85.2179375,-198.54325,235.3045,232.6911875,-87.4410625,96.8719375,-30.38725,72.6228125,42.4328125,150.4058125,36.739625,-401.3363125,146.998875,175.1800625,-151.1641875,83.851125,123.491375,-157.94175,267.6881875,552.41,329.5208125,-43.69225,170.829625,165.248625,-103.4239375,-44.629125,172.85175,84.1609375,141.7060625,19.6320625
3.665579228592418,-170.34275,471.9514375,-56.110125,300.4123125,-123.328375,297.6723125,238.5414375,29.210375,227.36,33.583375,-16.838125,252.81075,-411.79925,191.8814375,326.618375,161.8875625,244.4434375,-132.5584375,-38.308875,-55.8529375,69.6645625,86.20025,-137.0665,-146.865625,127.901125,343.64,55.6834375,46.9879375,128.9514375,-159.539625,-28.970875,-97.7751875,-430.824625,108.383,204.9951875,273.5006875,162.608875,321.7780625,148.055125,113.2289375,-209.148125,204.388125,44.5313125,55.085375,690.2593125,-165.1114375,291.4694375,-185.2341875,235.097875,50.9759375,117.43725,43.6956875,131.865,-403.6361875,-23.5016875,300.779,-36.56275,167.561625,125.476125,16.193125,96.211375,-72.315875,18.6985625,75.9010625,119.195125,171.0373125,-235.922,-324.7701875,-71.0868125,131.78075,165.5905,-94.92925,-0.0358125,44.230375,-328.5851875,-201.6244375,143.2773125,-81.214125,178.8766875,-190.171375,487.0645625,375.2758125,17.406625,-130.8744375,129.2604375,-133.9795625,373.844875,57.253,-39.7263125,25.9106875,244.8783125,327.073125,-220.3735,401.8099375,433.738125,10.0634375,15.5399375,202.2746875,120.658375,5.0321875,-85.0375,-164.816,239.8445,257.4501875,-89.7295,114.711125,-25.1846875,34.436875,35.290125,134.5360625,26.049375,-350.0375625,176.60275,126.3800625,-112.3031875,88.84225,86.6599375,-133.96775,260.303125,514.3246875,320.5899375,-44.1685,195.579625,174.9283125,-123.22425,-92.09325,187.5473125,72.0288125,131.015875,-43.8941875
3.6696517513145013,-132.423625,434.0688125,-90.5280625,312.025875,-83.87075,281.1948125,227.3,19.0006875,246.91425,110.243,-13.7639375,215.867,-455.272375,172.9065625,348.267875,217.8763125,288.8119375,-72.4890625,-42.053625,-13.0898125,127.4425,125.797,-144.070875,-139.5526875,106.30725,360.441375,58.1834375,26.7350625,125.22025,-172.0585,-12.7095,-51.5640625,-462.0976875,115.1221875,186.3328125,225.767875,152.175875,301.93425,166.1756875,90.1066875,-231.3045,237.4676875,20.549,85.4235,625.1828125,-161.06125,333.867625,-171.61825,297.1718125,62.6345,74.3208125,81.3208125,105.6126875,-374.0181875,12.4965,212.4229375,11.23825,190.562,107.6088125,66.5709375,102.2778125,-40.7545625,42.8508125,144.0125625,136.2485,137.660375,-274.6664375,-361.8243125,-60.9085625,149.360375,191.4525,-71.74825,9.6070625,51.4389375,-291.603125,-205.418875,92.1580625,-123.747125,170.787,-164.6505,452.5376875,372.555625,-12.6768125,-61.6171875,102.1014375,-132.223625,366.2306875,103.137125,-40.9304375,62.97425,209.7605625,392.3161875,-302.3705,393.238625,411.336,-29.5729375,84.5496875,160.8679375,129.859,-10.1720625,-85.807875,-138.16825,230.603875,247.14325,-85.8643125,106.086125,-18.8521875,12.345875,46.2724375,137.448375,27.7528125,-281.74675,190.2395,78.4333125,-65.5363125,79.2449375,52.1665625,-131.6280625,250.523,466.3056875,307.73975,-11.0000625,195.747875,192.036875,-135.1513125,-140.410375,182.92675,61.2888125,100.2994375,-114.4064375
3.6737242740365845,-100.4395625,382.9186875,-108.06375,323.6625,-49.206,264.67975,232.544875,-0.7266875,249.59875,186.1275,-14.7713125,173.2705625,-493.113875,136.066125,388.0226875,260.825125,329.7369375,-19.2485,-57.4689375,16.5495625,181.4465,161.055375,-144.917375,-123.560875,101.4080625,388.20125,53.931,-2.1318125,110.4828125,-164.8153125,-6.0795625,-8.57175,-477.9189375,116.3229375,189.5021875,183.4304375,116.8591875,294.7701875,173.673625,52.3833125,-210.9833125,242.3840625,-2.717,103.70275,550.8785,-168.703,371.0614375,-175.440125,358.5960625,50.504875,19.9519375,130.4145625,73.0733125,-320.7826875,51.519875,134.54475,55.451,197.030125,90.8135625,113.293375,91.8755,18.7128125,55.451,207.3094375,148.3886875,99.8355625,-328.83375,-369.7109375,-45.80125,142.33425,224.7730625,-42.5508125,13.3488125,44.36725,-263.898,-214.20825,55.49625,-126.474125,154.0214375,-131.919375,405.2170625,366.292125,-20.615125,-8.3300625,72.900875,-107.459625,346.6856875,139.5925625,-58.910625,95.1611875,180.1136875,440.7173125,-362.782875,394.51725,402.2778125,-78.5556875,150.2694375,133.655125,142.278875,-7.9495,-92.2833125,-125.2765625,222.8065,204.5684375,-76.24075,80.4894375,-1.8705,2.959375,73.87625,160.6191875,36.1903125,-211.155625,191.042875,44.649,-33.7523125,57.73425,19.66775,-156.946,246.30475,405.5293125,292.498125,51.5995625,167.2513125,211.3865625,-142.0525,-174.2209375,145.6095,48.526875,60.644,-170.6915
3.6777967967586536,-80.542125,323.8744375,-108.7924375,334.4845625,-30.11625,249.7369375,249.14775,-21.7525625,225.6635625,243.9955,-17.79825,127.07,-527.289625,91.1428125,422.438875,277.391,356.045875,24.17275,-76.9959375,38.2405625,212.86525,179.459125,-127.2308125,-102.3339375,108.514375,419.14875,30.520375,-33.6753125,82.7971875,-135.858875,-2.9335,24.547375,-475.1943125,117.0728125,205.830875,161.2099375,68.562625,298.4398125,169.1845,-0.9235,-153.4600625,229.110375,-25.539,101.333625,477.85725,-190.1106875,387.1841875,-191.098375,411.1191875,23.50975,-33.867375,183.071875,40.10625,-264.4821875,80.1619375,83.086875,85.3393125,192.923875,71.1585,146.472,74.8195625,90.8233125,56.851375,246.668,142.3869375,75.7215625,-386.770375,-357.2491875,-17.063625,117.2469375,246.435625,-12.4119375,20.832375,36.776875,-245.270625,-223.4744375,33.743,-82.9540625,138.771,-83.7315625,345.2029375,352.82225,-5.7631875,18.9008125,37.3250625,-58.6488125,313.9393125,152.864,-93.319,125.09925,156.34875,464.0319375,-397.854375,408.814875,391.969625,-128.488125,201.2560625,126.8610625,162.1789375,0.1035625,-99.956375,-121.0360625,222.1015,153.6535625,-59.878125,51.4116875,24.2380625,7.811625,99.91975,192.6644375,52.671375,-153.1396875,187.5103125,27.214,-27.671,39.8558125,-14.4520625,-203.8921875,253.768,330.6843125,276.34525,123.5500625,122.209625,220.2353125,-150.988125,-189.055375,70.0345,25.92325,27.58125,-194.5035
3.681869319480737,-72.40225,266.0301875,-96.1423125,340.2819375,-28.193875,236.2446875,267.184375,-42.502375,166.37,276.010125,-22.912875,78.7275625,-560.6379375,49.2145625,428.6395,264.0458125,360.3386875,52.817625,-94.7603125,68.5916875,207.5028125,181.6701875,-82.904875,-73.3253125,121.2954375,441.2254375,-22.025875,-59.4020625,43.08375,-91.653375,5.5539375,47.84675,-454.8965,127.0435625,226.5693125,169.19625,23.44775,301.3220625,163.0285,-62.671875,-77.2625625,205.2083125,-55.5096875,71.3528125,408.958125,-221.8015625,368.45275,-207.9830625,453.3165625,-12.204625,-79.3979375,228.2729375,11.505875,-220.01425,93.236875,66.1185625,95.1764375,181.681375,49.8591875,157.3254375,52.223625,163.642375,47.15,254.2428125,116.438,71.7066875,-428.6528125,-341.3564375,26.8325625,88.2089375,247.594625,10.7448125,32.9674375,37.5211875,-223.9265,-230.2170625,21.80775,-10.088625,123.3873125,-26.6755,277.120625,331.700875,20.0973125,25.8266875,-2.6485,7.920625,271.66975,146.5848125,-135.4179375,156.18875,135.29325,462.9145,-405.052125,432.4843125,364.3490625,-170.909375,234.0495,141.8788125,185.2611875,6.415375,-106.5676875,-116.5015,224.792,125.4810625,-35.157,33.16675,45.5155,27.2789375,103.6178125,218.549,81.912,-113.9365625,189.0431875,20.5056875,-40.360125,37.3736875,-57.42475,-260.01825,270.514375,249.4015625,262.7606875,181.268125,74.3225,210.3159375,-168.032125,-190.472375,-32.1773125,-12.0744375,12.7649375,-177.52775
3.685941842202806,-69.2165,212.8908125,-75.776,336.3541875,-42.0060625,213.0179375,278.0773125,-63.212,73.6471875,282.407625,-29.941,29.562375,-590.522875,17.8053125,393.0789375,230.3785625,345.6326875,63.04125,-106.6369375,122.7806875,166.3131875,178.812125,-17.22675,-32.34625,134.4355625,442.712375,-97.676,-66.591125,-4.005875,-44.1435625,21.47075,64.8724375,-423.964125,151.9854375,247.745125,202.177125,-9.86825,293.5941875,165.92775,-121.5749375,-3.1338125,171.58125,-100.1463125,14.688125,340.4905625,-251.5248125,311.3476875,-216.3078125,489.2039375,-61.1795,-113.270125,257.074125,-8.894,-194.91225,95.233125,76.6071875,83.2905625,161.6811875,35.7578125,148.7508125,21.348375,231.06675,28.2485,233.5876875,80.8704375,80.0831875,-442.4716875,-329.8725625,76.0693125,62.947875,226.6154375,23.32825,40.0424375,47.0695,-193.053875,-233.70575,14.7841875,67.06075,95.721125,22.782875,207.146625,310.3790625,42.893,25.6675625,-36.1336875,76.1554375,230.858625,140.749875,-173.3526875,184.09925,113.6344375,439.39875,-382.4071875,450.7754375,310.364125,-198.779125,258.829375,171.0455,202.5135625,16.66675,-113.181,-106.469375,231.25325,135.644375,-3.2951875,35.4880625,46.3581875,54.804625,79.3385625,228.186125,124.4463125,-91.7019375,199.2698125,15.5200625,-60.57625,49.11875,-115.6646875,-313.4635625,283.5759375,176.549375,251.5585625,214.8546875,27.803125,186.5130625,-186.31975,-185.588375,-139.668875,-65.3091875,19.234,-124.6718125
3.690014364924889,-66.9965,160.289375,-51.834125,322.0501875,-72.6020625,163.9614375,274.8355,-79.5541875,-32.81225,262.7716875,-37.273,-19.867125,-608.983375,-1.177375,318.7610625,193.55325,318.484625,61.9028125,-112.0269375,199.008125,103.2975625,178.5669375,52.653375,18.112875,143.782625,423.137375,-175.184625,-45.7449375,-48.0391875,-2.7331875,36.6949375,79.5523125,-387.7979375,184.170125,268.0080625,236.8879375,-31.5389375,276.637125,181.0149375,-168.0815,56.3280625,128.8453125,-156.2886875,-54.271875,268.4536875,-265.0419375,228.150125,-209.6319375,517.0864375,-126.2215625,-128.9959375,266.68375,-17.8945625,-189.753875,95.7096875,93.7848125,54.0148125,139.2871875,34.2164375,129.7869375,-11.8008125,288.6239375,8.132625,194.79425,46.09,95.7373125,-433.6268125,-317.57375,119.82575,43.718875,181.679875,27.284125,33.6009375,60.79375,-157.575875,-238.1270625,10.918625,134.2265,49.7474375,51.829375,138.5049375,303.0256875,58.7016875,29.57775,-52.18925,127.771625,204.5300625,153.4789375,-199.2866875,200.2516875,89.63225,396.985375,-332.851,448.7445,233.4434375,-206.0629375,291.283875,201.6261875,208.074625,33.6454375,-119.9335625,-92.78225,244.63175,177.0704375,30.813625,60.3574375,26.00925,77.912875,38.889875,218.1598125,173.8525625,-85.7340625,208.8581875,5.020375,-83.312375,67.1895,-184.2173125,-357.427875,279.3464375,123.9735625,235.2091875,226.42925,-12.446375,159.963625,-191.0754375,-178.7631875,-234.6969375,-129.983625,40.6753125,-55.9005
3.694086887646958,-67.1229375,105.14125,-24.09875,298.25875,-120.2274375,82.8933125,252.578125,-90.5026875,-126.418875,222.437625,-41.927125,-67.7914375,-607.118875,-12.5988125,227.3553125,166.431,282.6096875,65.9535,-116.068,278.8885625,35.0026875,176.791125,113.1361875,69.215,150.5634375,396.375375,-232.963375,-0.071125,-71.578,26.2078125,38.02525,95.8413125,-347.164625,207.6993125,285.1365625,246.5228125,-44.0586875,261.939625,203.327375,-196.381625,92.516375,85.5965625,-213.6064375,-113.7600625,193.0728125,-257.618625,143.2131875,-189.7938125,530.4595625,-197.24225,-117.742375,257.91825,-11.8728125,-197.4044375,103.95225,99.8865625,20.4186875,127.6648125,40.1880625,100.8513125,-33.7441875,329.4419375,-3.9539375,147.8386875,15.673375,119.367,-413.9746875,-298.7404375,154.34725,34.919625,114.5664375,22.2648125,16.0505,76.655875,-125.4385,-250.3935625,6.812375,189.8819375,-9.2324375,58.1289375,72.4418125,321.1310625,74.48925,39.59375,-50.983375,151.9016875,197.4145,184.4851875,-212.672,196.438375,63.882375,346.0489375,-268.227125,428.061375,147.5245,-193.36075,335.6635625,223.1789375,200.6821875,48.838,-126.143,-83.072125,261.06775,229.2796875,57.174375,103.3203125,-1.7343125,88.8719375,-1.731,194.6544375,223.0599375,-99.432875,200.41925,-9.0373125,-106.7939375,85.9221875,-247.671,-391.5365,257.8741875,100.0944375,211.1030625,220.769,-33.7160625,139.8193125,-172.08875,-172.799875,-307.1836875,-194.436125,66.8568125,1.460375
3.6981594103690414,-67.002125,49.556875,7.0385625,265.9969375,-184.20325,-17.7770625,213.5034375,-104.964625,-193.064125,182.157125,-42.9679375,-105.278125,-580.602875,-24.161125,149.4649375,155.5905625,242.01575,88.1844375,-125.611375,344.2753125,-24.7456875,165.471625,163.2394375,113.0986875,158.500125,375.989625,-261.767125,51.15225,-61.94625,36.7075,17.32525,120.11325,-307.2156875,213.1711875,297.2310625,216.2024375,-50.5000625,258.834875,222.8470625,-205.087375,94.63825,57.1924375,-266.5316875,-150.1680625,120.7990625,-234.59725,78.0533125,-161.7389375,528.5111875,-257.5025,-79.8513125,231.5728125,13.22575,-207.5620625,124.2298125,90.3500625,-3.3995,128.598625,41.7981875,58.33525,-33.821,347.2779375,-4.666875,99.0049375,-8.625875,149.7315625,-388.6923125,-277.5461875,180.09,40.5625,38.557375,3.168875,-0.455375,94.2606875,-102.251625,-271.258,-3.4120625,232.9170625,-72.93625,46.8964375,11.7568125,362.6798125,96.6799375,50.378625,-41.354,151.3971875,203.5604375,216.717875,-215.87375,171.5849375,39.42675,301.6244375,-210.952,403.7435625,64.8255,-172.0215625,379.7735,228.2575625,182.2370625,55.9273125,-131.947375,-86.838875,270.8599375,271.5806875,66.197375,154.1868125,-24.029875,93.2995,-32.13975,171.007125,268.5688125,-134.5295,165.31575,-15.14875,-124.7793125,107.211375,-294.00225,-414.7109375,232.8441875,109.0843125,188.791,202.613875,-25.4324375,136.3564375,-133.04325,-169.902875,-351.9746875,-238.8228125,89.51125,27.9354375
3.7022319330911246,-60.8991875,-5.683125,37.0431875,226.10025,-259.871375,-113.9109375,168.5699375,-131.78025,-235.91525,162.49225,-42.28925,-115.919,-530.593875,-38.9425625,106.941875,166.2178125,205.496125,126.99975,-142.854,389.79875,-67.6134375,145.5124375,208.8429375,148.4323125,163.4611875,362.4785625,-264.2145625,79.7744375,-23.3763125,27.938375,-17.958625,157.925625,-276.1625625,202.9475625,304.78025,146.9641875,-56.0733125,263.8583125,232.8985625,-199.386375,58.2900625,53.3519375,-314.7231875,-165.1869375,59.746625,-204.3481875,43.6585625,-124.255,516.5335,-291.351875,-30.8065,189.3195625,59.44425,-215.5246875,153.389,67.87675,-12.9469375,132.192625,29.7709375,12.18075,-12.6076875,342.7865,1.765,46.0683125,-19.8563125,181.07475,-358.717875,-263.7203125,199.1024375,56.819125,-26.3805625,-32.4011875,-0.0625625,111.793875,-94.547625,-292.8035625,-21.442875,256.9481875,-131.80175,26.831,-41.3375625,413.079125,127.3708125,55.2318125,-26.674875,137.2216875,211.3985,234.46225,-211.93675,135.4444375,17.965,276.588,-182.0864375,384.5325625,-5.7613125,-154.3455625,407.860875,214.3596875,158.9870625,58.032125,-141.3498125,-110.08575,267.8959375,292.8815625,55.3733125,201.8515,-39.9248125,103.9045,-47.4965,155.727,307.2841875,-183.444625,109.0219375,-3.6649375,-128.8156875,139.407375,-322.0660625,-420.928875,218.3240625,141.8641875,179.490625,179.657875,11.230125,162.575875,-87.1695,-171.29675,-369.657625,-250.8980625,103.2881875,21.2895625
3.7063044558131937,-47.935625,-59.302625,60.1836875,180.3973125,-330.3535,-185.71025,130.149375,-170.0944375,-265.467125,161.674375,-39.1186875,-89.955875,-459.832375,-56.2323125,100.897625,198.7255,184.231,165.7786875,-162.284125,415.8454375,-94.5079375,126.1318125,253.4251875,177.242875,155.403875,342.11275,-247.9595625,69.475125,26.5859375,7.73375,-49.781125,207.8375,-253.83875,185.9640625,306.000625,56.87475,-67.6221875,265.7846875,236.5375,-186.9746875,-6.8229375,69.163375,-356.2968125,-168.387125,10.1525625,-173.8104375,45.391875,-75.0748125,499.6490625,-290.31625,9.4936875,141.352875,119.150875,-223.690375,182.792375,37.89625,-10.2058125,133.0341875,6.081875,-17.8826875,19.8350625,323.499625,6.514375,-20.066,-8.5705,204.554375,-325.455125,-261.8694375,214.42625,74.274625,-67.7170625,-75.999875,23.337375,122.431375,-107.562875,-305.4415625,-44.1463125,255.942,-171.6670625,9.4388125,-89.43875,456.8171875,166.7044375,47.6958125,0.880625,119.6664375,208.5284375,240.1910625,-204.529375,99.343375,-1.16225,275.264875,-182.282125,365.224875,-50.124125,-144.55825,413.25525,187.1974375,137.9716875,58.74425,-159.7965,-149.05775,257.2521875,296.277625,26.7448125,240.907375,-56.5761875,126.119875,-47.8504375,149.090625,333.6259375,-226.770875,42.1656875,23.98525,-118.2278125,184.292125,-336.8115,-404.88675,220.300125,179.97225,185.4361875,165.6205625,62.668,221.5875,-40.077,-177.0394375,-366.6348125,-234.3053125,108.773625,-5.246375
3.710376978535277,-37.551875,-105.5505625,77.0165,135.238125,-373.1036875,-223.4841875,105.5488125,-216.7410625,-291.459125,162.6260625,-25.527,-39.4,-376.17725,-76.0594375,113.9564375,244.0778125,182.2314375,189.6200625,-169.7453125,421.3024375,-110.8269375,114.2979375,294.21925,197.64125,130.073125,299.9018125,-225.2883125,27.54575,69.612625,-9.27,-66.065,260.42525,-232.89625,170.3745625,294.392375,-26.1769375,-90.5520625,258.5870625,241.6923125,-172.0848125,-79.77825,90.565375,-385.4939375,-168.2558125,-36.36825,-146.9864375,84.8195625,-21.874875,480.7180625,-258.41575,31.37775,109.6295,172.44,-231.38325,202.9534375,7.7045625,2.93975,132.44275,-17.59825,-22.8538125,54.197125,301.749125,2.9725,-96.22175,25.380375,215.3975625,-290.708,-265.1824375,225.728625,82.988625,-84.981875,-111.283875,55.436,111.603375,-137.281875,-301.3630625,-66.404125,232.160625,-181.119,4.9765,-136.4175,484.205,211.2935,23.7283125,48.7033125,105.1455,188.1070625,248.510125,-193.6368125,70.3321875,-14.82425,288.7805625,-193.484375,337.3790625,-54.6045625,-141.5795625,397.317375,155.018625,122.353,59.320875,-183.4401875,-189.399375,250.253875,295.0503125,-16.213625,268.373625,-72.9581875,155.35425,-38.4454375,149.8161875,343.05125,-242.983375,-30.050125,57.945625,-101.3024375,229.91625,-340.6510625,-366.0438125,231.03225,208.8929375,200.832625,173.787625,110.183375,296.474375,11.3389375,-183.22475,-350.1635625,-200.321875,113.7638125,-35.054375
3.714449501257346,-46.0199375,-142.413,98.904875,96.116625,-375.29,-226.5969375,98.0806875,-271.454125,-321.72075,153.4788125,9.7153125,7.7776875,-297.3654375,-99.5730625,122.5094375,286.2535,191.6125625,198.0056875,-149.73575,409.398,-115.6168125,109.093375,323.212,206.5443125,95.9789375,237.1336875,-211.33075,-25.6665625,98.73775,-2.965,-69.743625,303.017125,-207.855375,158.1648125,262.51025,-78.4984375,-120.4493125,246.082875,252.619,-154.9470625,-133.980125,107.1325625,-396.0476875,-168.286,-88.039,-121.9378125,157.6225625,20.0414375,460.90925,-209.552125,39.255375,112.0171875,201.9428125,-228.38025,208.531625,-17.68125,22.2830625,131.739,-32.7098125,-9.555,86.184875,292.312875,-9.0459375,-159.1853125,69.6035625,215.9428125,-258.935375,-261.0629375,228.49425,71.9836875,-82.405125,-127.238,75.0910625,69.5918125,-167.9065625,-276.359125,-82.092875,199.0904375,-162.0288125,15.489375,-182.3969375,490.16225,253.9965,-12.957375,111.206375,96.622625,150.2929375,267.423375,-175.9200625,49.927875,-13.933125,300.21725,-200.4806875,302.00025,-19.906625,-143.863625,363.9678125,118.9791875,113.6856875,63.777,-197.9833125,-214.3910625,252.2594375,299.8620625,-68.269625,278.0375625,-77.5431875,183.217,-22.2458125,157.291,334.575125,-222.171125,-104.9389375,88.241375,-88.6210625,265.26125,-332.973625,-306.202375,230.775125,226.1750625,220.01525,204.2025,140.3725625,362.5095625,66.5233125,-181.3068125,-322.85075,-158.9528125,125.632,-57.99475
3.718522023979429,-80.288,-175.422875,133.039875,61.5423125,-334.260875,-202.937,111.19125,-330.882125,-357.642375,133.8364375,67.696625,30.7983125,-242.6979375,-126.3285,110.8225625,311.84925,199.4235,195.9154375,-97.9736875,388.2974375,-102.029375,103.992,334.021875,208.06925,64.256375,168.38625,-215.8354375,-71.4701875,115.0611875,43.3635,-76.1791875,327.4148125,-178.1235625,144.960375,206.8895625,-90.179,-139.41475,233.4780625,264.2426875,-136.6124375,-146.279125,121.4175,-385.7810625,-167.5164375,-144.53475,-90.5908125,252.6785,36.2893125,442.374,-154.318625,46.844875,144.6626875,206.2168125,-202.6073125,198.631,-36.7133125,40.667375,130.435,-40.976125,13.13425,111.88775,303.1819375,-26.099625,-184.128375,107.980375,209.4803125,-241.0355625,-242.32775,222.6684375,32.0948125,-64.1311875,-121.3541875,75.6303125,4.3708125,-180.5733125,-237.1305625,-89.035125,170.340625,-129.8788125,33.069625,-225.00825,473.40775,288.806625,-54.145,170.3190625,97.5694375,99.874375,290.284375,-150.3025,29.7090625,10.2475625,300.075375,-200.031625,266.256625,40.3913125,-144.57825,318.45875,75.2760625,113.3040625,77.8003125,-193.2626875,-217.2174375,258.716125,307.9165,-120.81225,263.23575,-68.0038125,199.325875,8.9234375,169.700625,308.05025,-169.868125,-170.52925,110.6571875,-85.7566875,292.518,-316.4585,-229.8935625,206.65925,238.255375,240.6965,242.7851875,151.0705625,406.674375,119.737375,-163.898125,-282.378,-119.9098125,140.4781875,-67.750375
3.7225945467014983,-131.050125,-210.409125,168.16175,30.0918125,-252.7133125,-161.943125,144.7223125,-388.508125,-389.43125,109.40475,131.7895,29.4245,-220.09975,-151.7965,78.71125,319.510875,195.648375,183.8723125,-24.851625,360.2030625,-69.1273125,96.4639375,327.37675,212.1776875,35.1719375,108.99175,-238.452,-99.291625,116.4944375,130.0839375,-98.2635625,331.05175,-149.3469375,127.52325,131.43175,-70.768125,-130.1439375,217.9304375,267.888,-123.638875,-108.79075,143.9888125,-360.1060625,-164.184375,-192.740625,-48.0299375,351.9804375,18.1938125,427.1036875,-94.9565,67.7664375,183.8656875,194.0726875,-151.6814375,170.4963125,-48.058875,54.827625,125.8295625,-46.6690625,42.64925,122.6159375,327.421625,-46.876125,-158.8274375,130.9730625,195.4775,-245.4225625,-210.206875,215.336,-32.8346875,-38.51625,-91.425375,66.5265,-63.50175,-166.9795,-204.3945,-95.1141875,144.795375,-105.2693125,48.5081875,-259.444375,439.0555625,313.0343125,-96.38425,205.4950625,110.5164375,47.8658125,306.059875,-121.0884375,1.2898125,56.356125,293.5771875,-191.753875,234.6635625,112.070125,-128.1339375,270.1153125,20.945625,120.4693125,102.4129375,-173.653625,-207.0964375,263.5349375,308.0106875,-163.5846875,224.091625,-59.8375625,192.3733125,66.7955,184.7151875,266.0825625,-100.5933125,-210.6700625,125.4728125,-91.306,318.85875,-298.881375,-149.5275625,162.847875,247.5366875,261.05075,275.0294375,149.521125,431.6646875,167.6259375,-134.016875,-227.81375,-92.577125,147.646,-60.3901875
3.7266670694235815,-182.5589375,-247.5706875,187.6464375,9.600875,-144.732,-111.382375,188.079125,-440.0906875,-401.7155625,84.281875,178.4239375,13.337875,-222.330125,-168.2583125,37.8534375,314.5164375,175.3823125,159.221375,52.3841875,319.872875,-28.7460625,94.3193125,305.4600625,226.0740625,7.8169375,73.4691875,-270.531375,-105.9100625,103.9846875,241.2294375,-130.692875,315.438375,-133.7385,109.129875,45.5534375,-42.69725,-90.803625,192.9328125,265.1430625,-119.6273125,-34.36425,178.304625,-330.6726875,-159.1441875,-212.900125,-1.546375,433.1854375,-28.871875,413.5196875,-35.94675,106.8980625,203.274,174.8255,-87.2268125,118.2869375,-55.0470625,64.0680625,113.8115,-50.82925,78.4358125,110.758125,352.793625,-73.9024375,-87.2155625,137.2945,171.3624375,-263.0789375,-169.9695,211.6025,-101.45375,-16.8628125,-37.68625,59.46775,-111.8265625,-134.8718125,-201.1285,-110.0539375,113.2443125,-98.2435,60.3395625,-279.5390625,399.7564375,325.9403125,-139.4831875,206.59625,131.13275,7.510625,312.6651875,-94.2263125,-27.7034375,106.3951875,290.5673125,-175.987375,212.255875,183.3926875,-84.6049375,230.1464375,-44.239625,131.79125,133.6886875,-152.0613125,-198.8815,265.65225,292.828,-191.369625,171.147875,-69.9363125,156.5839375,149.4958125,201.0096875,218.0811875,-30.4310625,-221.141625,134.4214375,-102.313875,345.22425,-286.3916875,-80.447125,109.532,247.564625,278.13025,297.0173125,146.29825,448.18875,212.061,-109.523625,-165.50425,-78.082375,146.82025,-41.8995
3.7307395921456505,-220.8670625,-280.3084375,185.9335,12.588,-36.646875,-62.799125,227.429625,-484.59775,-386.7155,55.129625,192.7249375,-13.8265625,-237.188375,-166.6574375,2.8751875,295.40825,137.58125,119.9775,119.740875,265.1251875,2.86775,108.5426875,269.0499375,247.03625,-8.5009375,73.8031875,-300.3759375,-91.9938125,90.6193125,353.0275,-156.4009375,286.81875,-139.8860625,95.2906875,-42.1083125,-24.0555625,-32.6175625,163.0244375,265.85825,-114.130125,50.5513125,214.745625,-308.385,-153.847875,-195.6769375,34.722,477.160625,-85.907125,395.6534375,12.92075,159.80075,191.42575,156.11175,-29.4401875,44.03175,-68.7978125,61.9309375,91.5399375,-56.028,116.9766875,79.788625,376.08875,-107.635125,9.05825,130.6613125,133.699625,-271.7836875,-130.359125,209.3476875,-149.1923125,-4.2236875,31.753,57.6561875,-122.743,-105.04125,-233.3131875,-133.722875,76.6456875,-100.224,72.31325,-283.9163125,367.8225625,330.4868125,-177.4913125,177.4531875,150.5094375,-16.450125,316.078125,-73.99675,-38.772375,134.0319375,296.5116875,-154.7199375,206.3525,241.491375,-20.16125,204.95275,-115.411875,141.903875,169.592625,-140.771875,-197.5348125,264.2180625,266.561375,-206.20875,121.07325,-98.23825,101.1550625,241.106625,215.2038125,177.73675,26.791875,-211.4140625,138.46925,-118.0075625,365.9501875,-273.71025,-31.5845,52.322625,231.682625,289.259375,311.3828125,146.484,467.417375,256.4274375,-108.1004375,-103.0525,-69.986625,148.2409375,-30.9723125
3.734812114867734,-235.81575,-298.8156875,165.0545,44.94575,46.2845,-28.7238125,255.0609375,-518.9691875,-350.970125,14.0338125,170.4235625,-48.7823125,-260.2285,-138.311375,-12.7330625,254.8916875,86.1373125,69.8675,170.5584375,199.84925,19.73625,140.7785,225.316375,264.4535625,-6.41225,113.6553125,-318.33125,-62.3111875,90.7023125,442.4004375,-165.9564375,251.463125,-160.6733125,86.344125,-124.4045,-17.3684375,26.560875,143.566,272.493125,-92.1278125,121.094,236.72825,-294.3905625,-145.1218125,-151.4314375,51.4405625,478.996625,-137.609375,363.05775,47.27325,215.6461875,156.815875,142.1043125,5.8118125,-36.2666875,-95.8841875,37.3151875,60.6615,-64.66925,152.1203125,41.9095625,399.304375,-142.459125,101.7335625,119.57675,80.793625,-251.65725,-101.6484375,203.7101875,-165.182875,4.3640625,105.6938125,55.2473125,-91.3465625,-98.933375,-286.753875,-159.0630625,46.566125,-98.6406875,85.3275625,-277.291875,346.313,329.3713125,-196.4153125,128.7964375,160.8536875,-26.9028125,317.428,-65.211375,-22.0780625,126.9105625,314.3436875,-128.438875,217.452875,275.44775,53.6051875,193.0936875,-184.8801875,146.573875,211.9015625,-146.0258125,-200.6978125,258.4681875,240.7980625,-212.1576875,84.943625,-129.2534375,48.4453125,326.3629375,220.864375,154.4926875,62.8620625,-194.9694375,135.499375,-140.8608125,374.2174375,-247.03275,-7.5014375,-8.7333125,201.8828125,296.432125,316.437,143.285,493.9645,297.441875,-126.882625,-39.9149375,-61.62075,157.56575,-48.6595
3.738884637589817,-223.011375,-294.47275,125.259625,98.017,93.5425,-14.929,267.10025,-534.67325,-308.2585,-40.9609375,111.3448125,-77.2768125,-296.1001875,-82.5486875,-4.2278125,192.4665,29.0611875,21.83075,204.425625,127.6929375,27.551625,180.5354375,185.805,269.1605625,9.074875,185.866875,-320.3353125,-27.552625,109.321,493.9610625,-162.839125,214.3236875,-176.805875,75.200375,-192.7103125,-12.5258125,64.2986875,141.1411875,278.9720625,-48.6834375,165.7260625,231.1731875,-279.6843125,-129.1889375,-99.3769375,49.62825,449.3523125,-181.2029375,306.6950625,71.2235625,259.8295,117.014125,129.25125,14.937125,-103.7580625,-129.2413125,-11.906625,26.73925,-70.33275,176.2730625,9.31575,421.56125,-173.6035625,170.5555,110.9263125,15.72425,-195.403375,-87.1556875,194.4251875,-154.709875,17.8019375,173.9275625,43.7614375,-32.58775,-120.064625,-340.8440625,-181.1430625,33.753625,-89.722125,95.098,-266.1323125,331.39375,317.661625,-180.582875,72.794875,156.3345,-24.3786875,308.9048125,-70.57825,12.748875,98.1636875,343.9128125,-100.586625,235.335875,282.6444375,132.455,184.87225,-247.2026875,143.4929375,258.1635625,-166.805375,-207.513625,250.841625,219.0918125,-211.872375,59.8775,-147.238,15.1816875,396.0738125,216.5065625,149.2438125,76.3845625,-181.2298125,122.438625,-173.1974375,365.145375,-196.9838125,-12.4515625,-71.8423125,169.75925,304.3985,307.1208125,126.9005625,519.3255,323.35975,-146.611875,27.768625,-49.119625,170.7879375,-101.079
3.742957160311886,-187.857375,-260.740375,67.925125,150.303875,113.1606875,-18.5306875,262.1395,-521.417875,-269.5679375,-100.411375,17.9598125,-82.6325625,-352.788375,-11.7795625,14.42075,119.26975,-22.2703125,-8.083625,227.2775625,52.820125,31.5226875,214.9783125,156.7865625,261.9783125,31.274125,272.994875,-309.2676875,1.9990625,144.481125,506.4655,-152.95425,183.5265,-173.7485625,52.8881875,-239.78375,1.264125,65.815,144.452625,280.1346875,12.05475,185.0966875,196.1855,-253.5380625,-110.3870625,-52.170375,37.5565625,400.5086875,-216.4594375,231.4369375,89.76025,280.10925,81.9060625,110.0629375,4.0098125,-149.4173125,-155.452125,-71.1111875,-6.5664375,-60.780875,183.95625,-6.4205,440.093125,-202.6893125,208.9894375,102.8585,-54.5940625,-114.3391875,-80.5565625,186.0780625,-129.2591875,36.4794375,225.0519375,20.7584375,29.0154375,-152.9729375,-378.856875,-201.9570625,41.897875,-73.6400625,96.1439375,-256.22175,319.3923125,291.4179375,-124.324875,18.46275,133.6038125,-7.0156875,284.6578125,-87.061,44.3006875,71.761375,380.526125,-77.4738125,246.86025,269.1555,218.126125,168.857875,-297.7098125,130.650375,295.5504375,-195.8609375,-214.846375,243.4560625,193.1698125,-207.9538125,34.72025,-144.6391875,-2.209125,446.50125,211.754625,157.643375,73.110125,-173.322375,102.290125,-207.9501875,338.936375,-125.4715,-45.03075,-123.834875,147.94875,313.0903125,286.198125,96.43175,525.1466875,328.9594375,-153.325875,93.8794375,-33.8943125,183.44175,-171.2811875
3.7470296830339693,-146.542625,-198.150375,1.0861875,179.8951875,122.7956875,-30.5586875,245.4863125,-477.5115,-237.1840625,-153.4563125,-102.3206875,-61.1886875,-430.5571875,58.258625,22.491625,52.3005625,-56.350375,-12.6180625,248.7935625,-12.4304375,32.5459375,236.555875,138.6938125,252.8021875,60.2624375,349.058125,-293.2349375,25.9573125,188.4355625,494.209875,-139.9318125,165.877,-153.620125,16.719125,-259.8580625,24.694875,37.9100625,136.6721875,275.7598125,80.6038125,187.826875,140.5339375,-213.45725,-99.244375,-15.1231875,22.71875,335.7214375,-239.256,159.1106875,105.311125,272.1421875,46.3600625,83.102875,-16.38725,-173.307,-165.343875,-123.313625,-38.630875,-31.3865,172.484625,5.5811875,449.2456875,-230.43675,222.5674375,89.69425,-120.692,-29.5864375,-72.7461875,178.769,-97.0565625,51.1069375,249.1844375,-7.7418125,75.5483125,-180.336,-388.2260625,-227.6824375,66.6411875,-44.0321875,84.8379375,-248.21025,309.2123125,257.2473125,-39.2225625,-31.11775,97.504125,22.69475,249.9399375,-106.6515,56.44925,64.940125,415.795375,-58.5565,245.5495,245.8868125,311.229625,140.3841875,-329.7840625,108.16775,311.659,-221.184875,-214.28575,237.6368125,156.1513125,-200.195375,4.5525625,-117.271375,-16.169625,479.93,219.188375,172.190375,62.35025,-169.9825,82.919375,-230.298875,305.0778125,-43.6545625,-89.1003125,-144.6610625,140.017875,317.73475,265.277125,57.394,499.780375,322.9758125,-148.71675,139.890875,-23.158,197.74925,-233.963125
3.7511022057560384,-117.1393125,-118.2421875,-64.0806875,177.5065,132.50225,-39.3755,228.9865,-414.1973125,-206.6764375,-200.4978125,-235.387875,-25.2561875,-513.7569375,117.951375,17.13525,4.4525,-69.028375,1.7559375,271.9989375,-52.605,29.2298125,241.4038125,127.767125,250.0840625,96.5375,388.892,-278.937375,52.34425,232.061125,473.384375,-127.2729375,159.5316875,-127.0920625,-26.6783125,-248.284875,48.3534375,2.2330625,114.0774375,270.8541875,144.0908125,188.9985625,77.34525,-167.795375,-102.7808125,10.5308125,9.32475,253.1744375,-247.6975625,115.51475,117.2414375,241.209375,1.645875,57.130375,-31.9058125,-178.8606875,-154.825875,-163.3343125,-66.67625,9.570125,140.1549375,47.6750625,439.4658125,-251.4240625,222.2674375,71.3718125,-169.66675,48.5888125,-60.9550625,166.45875,-63.700875,54.1538125,245.476,-33.159375,97.0395,-191.73175,-363.725625,-259.04975,99.7485625,10.653,62.70425,-235.748875,299.4198125,225.902875,52.1236875,-75.0388125,64.721,60.778375,219.374375,-118.6285,45.590125,85.1783125,440.038125,-35.8655,233.1938125,221.5130625,406.542,103.6573125,-336.287375,79.4359375,306.5998125,-234.7138125,-198.53375,233.210375,113.0036875,-182.586,-22.7688125,-60.4895,-27.9580625,501.251875,238.9453125,182.569375,48.1325,-168.1455625,69.1248125,-232.803125,279.3926875,34.3594375,-118.0881875,-126.1781875,141.35775,312.80575,250.74525,15.2841875,451.02775,318.2489375,-140.56425,152.4214375,-24.7978125,219.434625,-274.4288125
3.7551747284781216,-107.053625,-33.9099375,-119.3873125,147.185625,135.3050625,-37.403,223.5570625,-347.47675,-175.508875,-249.918,-363.3191875,11.616,-580.44525,161.93025,14.7215,-19.6335,-61.5778125,22.524625,288.2736875,-63.12375,16.427,225.8733125,116.5863125,252.7325625,136.0931875,387.346,-265.94075,86.1235625,268.401625,447.851,-114.8580625,156.9568125,-101.32175,-63.1950625,-208.2813125,65.833375,-24.716875,91.529625,272.145625,190.56725,202.555625,15.8320625,-127.459875,-116.2196875,29.78475,1.8839375,153.3575625,-245.3815,110.362375,123.17975,203.631125,-49.1933125,45.2135,-28.630375,-170.138625,-123.217625,-193.0266875,-85.6410625,47.31375,92.601875,107.19075,403.8671875,-260.9411875,215.94125,54.4886875,-190.40575,126.5245625,-49.7350625,147.172125,-36.8210625,46.89525,222.4611875,-51.97025,86.8480625,-180.8045625,-313.2521875,-286.906125,134.783625,92.4885,38.71775,-215.7183125,281.9958125,204.860625,130.6400625,-108.1179375,53.58325,108.376125,204.8490625,-115.7111875,17.8700625,127.2801875,448.1454375,-4.055,216.644625,197.8156875,493.4243125,69.058875,-315.1628125,53.434125,286.7366875,-238.9185,-165.133875,228.590125,75.89775,-150.352625,-34.7064375,25.36625,-28.238875,512.3565,254.0159375,177.472125,29.5106875,-164.00925,64.0148125,-222.0005625,271.24375,96.2325625,-112.83625,-78.8323125,146.6365625,297.04025,236.83825,-23.83275,398.1036875,325.716875,-130.7756875,138.169625,-39.403625,251.7590625,-292.74475
3.7592472512001907,-108.507625,49.51675,-161.876,96.2321875,118.9620625,-26.1806875,233.822875,-289.2589375,-146.0846875,-303.8294375,-473.391875,48.546,-617.366,186.9960625,30.3001875,-20.0258125,-37.31075,39.5971875,289.5338125,-50.69925,-9.17325,188.76675,101.4145,254.485125,173.7993125,361.7361875,-251.680375,119.7805,290.2501875,412.6175625,-97.993125,153.4324375,-80.883875,-76.786125,-152.2925625,79.774375,-38.565125,85.431125,281.0640625,214.053125,229.846625,-39.2650625,-94.626375,-127.244375,52.6255,4.7165,44.18575,-236.059375,131.9994375,124.845,180.3029375,-91.730375,54.15075,-5.1234375,-150.614125,-76.3671875,-211.61025,-91.5426875,69.8054375,44.7146875,163.8388125,346.3986875,-260.679625,199.8135625,41.666875,-183.624625,210.2926875,-43.077,126.331875,-28.0503125,36.4845,193.2394375,-66.811125,46.66675,-145.99025,-252.068,-298.8101875,165.46,187.314625,20.9596875,-198.5745625,247.63225,196.9571875,190.62325,-120.9655625,69.898,172.124,200.708375,-97.842375,-17.107,173.5775,437.7756875,33.263375,206.205375,173.6324375,560.9056875,44.472875,-274.9994375,42.8739375,255.8558125,-240.4560625,-118.9270625,222.5696875,48.0695,-106.999125,-27.3565,128.9393125,-13.25925,507.6541875,247.428125,147.948375,7.426,-152.985625,72.6236875,-207.6880625,277.843625,135.1729375,-73.5901875,-19.242125,152.3658125,277.64075,218.1430625,-53.2976875,355.030375,352.027875,-119.7824375,115.07725,-53.635125,292.4459375,-296.177625
3.763319773922274,-103.0996875,127.0169375,-190.0133125,30.341625,81.57225,-11.1443125,258.1254375,-245.522125,-122.5116875,-353.9258125,-560.674125,87.1394375,-622.87125,198.0319375,63.36075,-1.890875,-5.12775,45.739,280.5698125,-24.09925,-40.718875,136.3008125,89.3313125,253.19325,206.3006875,331.4970625,-239.1245,139.567875,292.8569375,365.488125,-72.2910625,150.1615,-70.7825,-60.5295625,-90.45425,97.2329375,-42.1005,96.8728125,291.8359375,217.41725,260.812125,-82.4793125,-59.8245625,-131.2419375,89.4419375,15.7266875,-58.997625,-216.4681875,162.7544375,130.242,183.9266875,-109.7359375,81.7655625,23.4495625,-122.4718125,-27.0299375,-214.040625,-85.9826875,75.3103125,9.692375,204.2135625,282.7643125,-253.0085625,163.582875,29.3429375,-161.9528125,291.5666875,-41.4995,108.855875,-47.063125,29.8775625,167.4921875,-79.5998125,-6.5704375,-95.0104375,-193.918875,-287.3813125,185.4109375,270.1748125,6.53525,-201.5774375,201.0744375,200.2273125,234.2754375,-111.1945625,101.649125,255.1066875,190.044625,-70.078625,-50.72425,204.3841875,404.153875,66.9660625,211.1154375,148.109625,601.983875,27.8135625,-229.79625,54.0189375,217.6906875,-242.991,-74.8204375,214.062125,19.812625,-60.5735625,-7.8471875,230.788625,9.4764375,479.0754375,222.5028125,94.75275,-15.330125,-135.4015625,97.500125,-195.0090625,294.6060625,154.917125,-17.2114375,37.281375,159.0408125,261.3899375,201.8539375,-69.7545625,321.38625,397.4493125,-114.5063125,94.946,-49.19275,335.4478125,-288.1244375
3.767392296644357,-73.7993125,187.32175,-201.176875,-45.393625,31.3303125,4.9223125,290.987375,-218.9268125,-110.24875,-389.1286875,-623.4269375,119.2484375,-600.7388125,207.35925,101.436125,25.3943125,22.0116875,37.2723125,273.333625,7.6691875,-67.8998125,80.937875,89.9814375,250.446125,231.4603125,305.61975,-235.7786875,142.2055625,275.4823125,310.907,-35.1984375,148.662875,-75.71575,-24.85875,-24.106125,125.1304375,-40.505,119.3263125,296.6085625,210.456,287.3733125,-112.848875,-10.688125,-131.8366875,144.9694375,24.3815625,-139.2886875,-177.6165625,192.4800625,148.31025,209.7630625,-95.76875,119.322125,37.418875,-88.980125,10.58575,-197.1465625,-77.453375,72.8665,-9.5285625,223.591,233.5415,-233.7981875,108.1231875,20.2015,-138.5359375,352.6733125,-44.296625,90.4460625,-92.1186875,30.6750625,145.79975,-85.9201875,-46.56,-44.522625,-147.3695,-255.8066875,194.2513125,320.2715625,-16.1371875,-233.8506875,155.6008125,212.438625,260.668,-86.34125,126.5993125,343.2584375,164.8593125,-35.4591875,-75.54525,208.29625,345.67275,91.2679375,229.99375,122.349125,616.2369375,13.5194375,-187.084875,79.2423125,181.2769375,-248.382625,-50.981875,201.4070625,-14.4009375,-17.112125,15.9755,314.36725,30.26725,426.917875,195.3726875,33.9,-35.8646875,-114.6065,136.3015,-186.9310625,318.4710625,166.0946875,36.5906875,77.5516875,175.436875,243.767625,201.8789375,-77.468625,284.3685625,457.5848125,-122.659125,75.5421875,-20.7681875,376.192125,-265.0368125
3.771464819366426,-19.5145,218.549,-198.37575,-123.8379375,-20.3618125,20.7875625,329.4185,-208.2785,-116.3783125,-398.8823125,-661.68,136.6945625,-551.75125,221.073375,130.5303125,55.3808125,36.923625,19.2119375,272.9009375,32.596625,-91.753375,30.5971875,103.1180625,244.8075625,249.7918125,285.5185625,-249.8075625,137.3679375,238.7308125,255.80375,14.84625,147.4270625,-96.7895625,8.04775,47.4256875,164.3901875,-36.0500625,150.27825,289.8361875,205.4851875,306.1784375,-137.2923125,58.1058125,-128.783,211.50675,18.8488125,-186.605,-117.831625,219.812875,182.4925,239.25025,-58.6010625,158.6449375,28.133125,-53.8165625,25.3974375,-165.299375,-70.3840625,73.609125,-15.5313125,220.8300625,211.5046875,-198.61075,52.07675,26.4885,-117.173,381.9699375,-49.112125,61.055375,-149.641625,39.0631875,126.755625,-77.28125,-52.9515625,-10.768625,-111.749125,-216.1125,197.0745,334.9366875,-56.1841875,-289.2009375,118.0311875,235.58075,265.66425,-53.848625,125.1326875,409.8228125,127.638875,8.446875,-84.641125,186.177,273.4538125,106.178,249.026125,101.1703125,609.629125,1.7908125,-145.4333125,103.8213125,160.9738125,-260.610375,-53.4315625,181.1689375,-46.407625,19.38825,40.3578125,369.0015,44.3235,360.887125,177.3749375,-13.9335625,-48.4929375,-90.138625,183.0360625,-183.1394375,340.2871875,173.882125,79.07025,94.9953125,210.585875,216.212625,225.7385625,-82.99225,232.1319375,523.566125,-144.83,48.5355,21.398,414.323625,-223.628875
3.7755373420885094,40.734625,217.2896875,-191.423875,-194.7283125,-63.42675,35.6608125,376.11475,-207.988125,-145.419875,-372.5874375,-674.892875,138.220625,-478.0171875,235.0011875,142.7256875,84.0513125,43.256375,1.0921875,272.856625,36.557375,-126.9669375,-16.6154375,123.5438125,226.7010625,263.7883125,268.7344375,-282.099625,137.8045,187.4585,209.056625,77.0194375,146.8616875,-129.0450625,17.920375,121.6653125,207.463625,-25.013875,186.356125,267.58225,210.5065625,313.20425,-159.582375,139.566375,-117.8034375,273.085375,-5.217,-205.436125,-51.6954375,248.8050625,228.3671875,256.248,-15.6739375,196.80925,2.0409375,-15.600875,11.361875,-130.428625,-58.7224375,84.59475,-8.0855625,203.321125,213.5123125,-149.9665,21.821,54.964125,-94.25375,382.783625,-54.9969375,19.524375,-200.7435625,52.6331875,114.1041875,-47.3448125,-21.30125,1.93075,-82.2020625,-178.31,198.9018125,327.4239375,-112.871375,-347.9413125,88.9875625,267.1779375,250.8695,-18.9539375,88.6953125,438.6385,85.147125,62.76675,-72.8965625,151.0991875,212.319875,113.6289375,257.6249375,87.96575,590.8013125,-5.1689375,-101.0861875,121.4398125,166.5118125,-283.3095625,-70.9773125,151.8973125,-66.0885,40.8018125,63.8051875,384.664375,51.768625,295.9028125,172.115625,-41.001,-43.03125,-60.96675,230.151375,-177.8955,345.9679375,175.65225,114.0040625,92.942,257.9710625,178.1660625,266.7415625,-83.7978125,165.5383125,579.4805,-175.2781875,11.0434375,65.78125,451.674875,-167.47775
3.7796098648105785,85.0421875,194.2090625,-186.9895,-248.0164375,-91.4068125,49.5690625,431.0403125,-211.7613125,-194.8555625,-305.1049375,-661.669375,125.24275,-393.826625,244.0773125,139.657375,103.2164375,51.0558125,-12.1358125,263.8911875,12.0518125,-187.4553125,-63.279125,149.45,185.7544375,273.794375,253.654875,-318.778625,153.576375,132.65025,181.3594375,148.5230625,149.3969375,-163.1759375,-0.8341875,194.54875,241.0264375,-4.896125,216.3974375,228.4179375,222.8368125,307.2121875,-175.14125,213.7364375,-98.529625,314.8601875,-39.175375,-214.3369375,-2.3475,282.02325,277.3921875,257.191625,23.28175,231.7609375,-27.23725,30.6461875,-30.724,-103.627,-36.9286875,109.25075,15.5834375,189.5143125,225.968875,-93.34975,33.5706875,92.7641875,-66.763875,368.796625,-62.0618125,-22.418875,-232.8843125,67.0156875,114.99175,2.612625,38.8900625,-0.1015,-59.6921875,-144.417125,204.6675625,313.97575,-176.9074375,-388.27125,67.550375,292.196375,227.8878125,12.471875,24.2055625,434.934375,46.063,119.506,-43.5524375,120.2326875,188.3866875,116.623375,262.0951875,83.373375,567.969625,-4.3436875,-49.4225625,137.930375,192.96175,-312.950875,-87.3158125,119.5349375,-72.7096875,33.5759375,87.389875,356.5263125,54.654875,249.4180625,180.7430625,-54.357375,-10.9143125,-32.9200625,272.29175,-164.2243125,330.768375,169.05,146.7578125,78.8036875,298.1104375,134.4975,307.6743125,-74.4919375,94.8328125,604.5773125,-201.7429375,-31.3404375,108.47175,488.4793125,-106.27425
3.7836823875326617,108.7278125,169.6613125,-186.2820625,-278.1826875,-103.9728125,60.615875,485.66225,-212.681875,-255.998625,-203.5948125,-624.5833125,102.456125,-317.4754375,247.7950625,129.1639375,101.5674375,68.415,-20.542875,240.5883125,-33.942875,-271.5603125,-104.0640625,175.0863125,125.857625,273.3311875,243.9309375,-343.4831875,186.8374375,82.9620625,176.2875,226.9424375,155.363,-192.146375,-36.1188125,258.6255625,253.190875,15.000625,231.6285625,176.008125,232.180375,296.395,-177.171375,257.069625,-77.6414375,327.7954375,-64.8739375,-228.5485,15.698875,314.848125,321.039625,246.9529375,58.28175,260.5893125,-47.2719375,84.6618125,-92.688875,-85.4625,-9.3341875,145.2395625,55.826125,194.8870625,237.1973125,-33.9631875,81.926375,118.3094375,-36.24925,353.347,-63.9019375,-50.2395625,-248.4505625,78.97,133.53175,61.479125,108.63725,-10.4921875,-48.0560625,-113.0954375,220.0306875,300.6844375,-233.624375,-397.1815625,50.1125,294.7025,210.386625,35.2169375,-47.2840625,415.0235,14.1975625,162.37875,-10.0441875,105.0336875,211.8590625,118.405125,277.179375,92.7265625,547.13125,12.2895625,16.8255625,155.2655,224.032625,-337.4594375,-93.8498125,94.570125,-75.024375,-10.0646875,111.5196875,293.9216875,52.141125,231.474875,204.792875,-63.62675,46.359375,-18.986375,309.883375,-136.8538125,306.944625,155.4015625,175.769875,54.29725,314.409625,88.2560625,335.3693125,-55.9396875,29.876125,588.090625,-209.2688125,-67.797,150.2645,521.1445625,-50.122125
3.7877549102547308,122.4205,159.6145625,-191.9876875,-287.2896875,-107.6460625,64.7396875,529.7483125,-205.5175625,-315.8258125,-84.4251875,-571.0300625,77.4961875,-258.22575,246.4593125,120.78075,74.048375,92.84475,-23.5871875,201.3684375,-84.710375,-362.9918125,-130.5651875,193.6654375,65.22025,252.5498125,245.28375,-351.4315,230.4770625,35.9810625,184.52925,310.5451875,163.604875,-214.868875,-72.96475,299.748125,241.4165625,19.45175,238.2860625,118.9648125,229.33575,293.9718125,-162.290875,261.7121875,-66.0611875,311.51325,-67.04625,-244.334375,3.570125,336.544375,351.0156875,229.03025,87.8945,278.72625,-51.062375,138.4963125,-158.0620625,-70.560625,15.8199375,181.676875,108.0766875,217.4494375,240.385625,18.9153125,145.2156875,121.732875,-3.66925,343.1833125,-51.154,-58.1104375,-258.9236875,86.188375,166.5928125,114.582375,165.327625,-23.519125,-45.8589375,-82.9845,248.2735,280.99975,-268.39175,-371.6759375,28.3831875,273.484625,201.42175,47.3620625,-99.458125,391.700875,-14.1095,177.441,14.4440625,108.811875,271.7800625,117.894875,309.9299375,124.67725,531.4440625,48.6606875,102.406125,163.9988125,242.722375,-344.3161875,-94.2286875,85.1818125,-83.5214375,-82.088625,135.5084375,218.5453125,37.759375,234.9424375,240.531875,-68.93875,118.67375,-27.44975,348.9529375,-93.9965,289.63475,139.1571875,195.9549375,16.9275,302.2309375,46.8318125,348.3586875,-33.1201875,-24.7914375,538.9070625,-193.01475,-88.77175,191.7818125,543.250375,-2.0760625
3.791827432976814,136.16975,167.93625,-206.608,-280.214125,-113.245125,59.224125,555.347625,-193.90175,-359.96325,37.8585625,-504.6809375,53.3075,-219.037,239.099125,121.11375,29.3626875,111.498375,-15.2325625,148.238375,-123.8630625,-441.8314375,-142.48,211.0655,21.3098125,214.438375,259.25,-346.5646875,274.3758125,-17.2430625,188.9790625,394.679875,173.0488125,-232.2073125,-105.2445,303.321,213.2676875,4.9493125,247.404375,70.4814375,209.4699375,307.2428125,-134.0690625,244.8304375,-69.6696875,272.680625,-43.9538125,-245.50725,-27.5215625,340.0715,361.04825,201.4034375,104.55875,280.947,-40.6821875,183.283625,-204.494375,-56.0908125,36.1440625,205.9505,160.0645,243.08825,230.715,56.2080625,197.8486875,107.19225,32.238375,340.3794375,-24.1955,-50.811625,-270.2365625,85.968625,207.8914375,151.4660625,197.2933125,-29.1804375,-47.012375,-52.8326875,287.83125,247.7968125,-276.9031875,-318.62275,-2.4201875,240.23075,191.4025625,50.272375,-114.7199375,365.7281875,-43.7775625,166.404625,29.214625,127.5785625,345.7431875,110.754375,352.0535625,178.478625,518.4876875,92.8563125,200.4411875,155.9368125,237.6395,-331.8939375,-98.831375,93.2819375,-102.660625,-160.3369375,160.491125,153.5610625,7.3174375,242.8096875,278.392375,-59.1234375,195.9733125,-52.14625,392.595875,-37.4359375,282.911125,127.99025,208.56725,-31.4516875,271.5175,25.5919375,350.166875,-13.666875,-69.400875,473.2760625,-164.853625,-88.6670625,232.5518125,551.6965625,42.388
3.7958999556988973,151.136125,188.451375,-221.7733125,-259.63525,-129.394,47.0460625,554.4050625,-184.7689375,-381.9199375,154.35375,-421.613875,23.35325,-197.8661875,225.259875,129.021875,-14.56175,112.7634375,11.9061875,87.34525,-145.1404375,-493.7546875,-150.56825,239.8753125,0.4440625,177.056375,280.0050625,-333.4965,312.47575,-79.5740625,175.229,467.9683125,184.5828125,-241.022125,-132.646125,266.68275,179.8139375,-16.8151875,257.0034375,40.8153125,175.07075,334.1395625,-101.849,231.4869375,-82.7646875,220.5705625,-8.98375,-220.2155625,-63.3819375,329.0654375,350.056,164.0981875,101.2860625,269.5445,-26.0974375,215.552625,-220.4643125,-43.034125,52.9065,214.988375,195.3601875,259.49075,208.144375,79.021,220.668125,84.5148125,66.5133125,346.073625,4.332875,-36.0663125,-275.734625,79.441875,254.0448125,167.887625,210.2451875,-19.4485625,-48.7073125,-22.7351875,334.762375,201.8810625,-263.8130625,-250.3344375,-35.1641875,205.749625,168.9945625,47.7645625,-91.751,329.133125,-74.368125,144.15425,46.330625,148.596125,412.3501875,95.3138125,384.124,240.4785,497.3315,125.3360625,291.1974375,133.0375,204.9959375,-307.589875,-112.8476875,116.2228125,-130.530375,-219.433375,190.044625,116.7544375,-33.5261875,243.0554375,311.5969375,-25.3175625,271.130125,-76.778,435.1308125,29.438875,282.95425,126.6365,222.555875,-83.015,240.923125,29.746375,347.294,-3.924,-105.879875,400.7003125,-146.486375,-65.471,274.942375,548.699375,85.5844375
3.7999724784209663,163.7446875,208.021375,-221.8985,-228.87775,-157.269375,36.93675,523.035,-175.5738125,-387.5388125,256.1859375,-321.56425,-23.4576875,-183.2820625,205.979,136.833375,-44.680625,94.876625,58.100625,32.5814375,-154.1376875,-515.163875,-166.314875,282.8170625,-1.6700625,154.1255625,298.37325,-314.1106875,344.7575625,-144.07625,140.63925,513.3768125,203.3399375,-233.101875,-156.6923125,202.6596875,149.1993125,-29.99175,257.3850625,29.1506875,138.507,366.4694375,-71.75975,232.68975,-92.3508125,164.4740625,16.6900625,-168.044875,-92.946625,312.697,325.51575,128.9831875,79.463125,256.7454375,-16.1025625,234.6533125,-214.9919375,-36.1555625,63.62975,212.6385625,205.296875,260.162625,180.86725,97.176375,208.6013125,60.7993125,90.136875,358.6630625,22.3985,-14.729125,-265.5145625,71.3961875,302.8184375,163.9736875,216.5779375,3.2524375,-52.475,4.93875,384.7983125,152.0285625,-233.125,-179.1070625,-56.9819375,175.2178125,134.1784375,43.8465625,-43.369875,278.6799375,-99.1373125,122.51875,77.30375,154.033375,458.6655625,73.006,391.821375,296.4958125,455.809125,137.3004375,353.34225,107.5115625,152.94975,-276.9789375,-131.2218125,148.312125,-160.6883125,-245.20775,228.802375,118.5153125,-73.89175,234.8753125,340.097875,25.7520625,335.8846875,-86.12425,466.4435625,99.9471875,282.625,126.4146875,242.931875,-125.3836875,223.01575,47.56825,348.10475,-4.180875,-136.2108125,324.7220625,-152.75575,-25.439625,322.7224375,537.5571875,120.8693125
3.8040450011430496,170.2643125,215.2085625,-204.29925,-193.826375,-191.5995625,35.3034375,470.7191875,-159.9175625,-383.348875,331.920125,-216.7060625,-90.6030625,-159.866625,184.0696875,135.28825,-63.094875,63.878625,115.292625,4.94425,-158.155125,-512.3475625,-190.3614375,331.6695,4.239625,145.83225,314.145,-288.6819375,373.656875,-198.843125,95.82075,513.0935625,233.5216875,-202.8268125,-177.793125,131.2268125,126.70975,-25.340125,246.1059375,30.2744375,114.3153125,394.099875,-40.9809375,244.218875,-85.01875,113.0699375,18.5125,-95.9888125,-111.0870625,300.0399375,301.0948125,113.0966875,51.1376875,254.479375,-13.7548125,242.0620625,-205.0549375,-37.101,64.156875,202.166625,196.66475,239.634125,160.5718125,119.853625,172.3203125,34.9251875,100.255375,370.48375,31.756625,17.4590625,-238.5744375,63.8518125,349.746625,143.804,226.5659375,29.1509375,-55.927125,24.7144375,429.5419375,113.585875,-188.1979375,-115.526375,-58.23725,152.259375,99.8325625,40.4903125,7.96325,222.9914375,-112.2844375,104.9425,121.258125,133.2,481.3858125,49.3755625,379.177625,342.0725625,390.4174375,132.94625,380.5598125,95.9820625,99.227,-241.5088125,-145.5569375,181.30925,-185.6913125,-243.6075,274.6049375,156.81525,-106.2154375,224.5855625,364.9301875,76.3629375,378.0636875,-72.1990625,479.679875,163.0949375,269.414375,111.2289375,266.384625,-145.8770625,218.0768125,70.1324375,350.48075,-9.823,-163.4225,253.1400625,-179.602625,17.4280625,370.2414375,519.20825,139.634875
3.8081175238651186,168.3025625,209.7368125,-182.7455,-161.3095,-222.0099375,40.5561875,419.1614375,-138.3215625,-368.6285,370.6939375,-123.2400625,-167.0674375,-120.718125,162.64725,118.6953125,-81.93575,27.97625,169.72825,15.941625,-157.13225,-493.4000625,-215.12825,375.7995,9.2733125,143.935875,335.1080625,-261.006125,400.710875,-227.9314375,59.330125,460.9455625,267.216375,-155.770875,-196.38,68.399375,115.307875,-5.361,231.1960625,42.3055625,106.898375,410.4916875,-3.9886875,258.759375,-51.675125,72.3654375,-0.2218125,-11.5573125,-116.9954375,297.3389375,285.365625,122.8056875,32.765125,263.2693125,-17.9894375,244.3016875,-201.76225,-37.6504375,56.77975,184.6531875,185.1875,194.4284375,152.2648125,146.67925,132.844625,2.3179375,102.5463125,371.8858125,42.862875,56.5464375,-203.853375,54.0623125,388.103,114.9520625,248.7185,50.5435625,-57.5786875,29.203,455.308875,101.4634375,-133.6074375,-65.6786875,-35.8535625,138.6189375,78.0503125,38.2795,38.3958125,175.3451875,-114.325125,94.304,166.033875,91.37175,482.2938125,32.7033125,366.6339375,379.912125,307.6714375,119.9404375,383.1925625,106.2381875,56.945875,-201.22875,-151.7266875,210.397125,-199.579875,-234.7371875,315.8825625,217.7029375,-129.6094375,219.1115,379.5169375,110.6745,386.3225,-36.3519375,478.954125,208.3553125,233.174125,77.413125,288.0876875,-138.9283125,219.29275,99.6733125,342.345625,-16.3815,-191.03625,196.468375,-213.5056875,51.186125,401.110875,492.0255625,143.4515
3.812190046587202,159.9785,198.8385,-171.8876875,-136.291875,-238.344875,45.956625,388.23025,-114.2025,-345.2575625,371.6110625,-48.487375,-230.888,-71.8121875,143.285,89.415625,-105.9113125,-6.851375,205.5596875,55.266625,-143.1280625,-460.1689375,-233.2876875,405.455125,14.6495,135.5999375,357.521375,-244.40075,428.0605625,-215.6805,46.4040625,376.725625,284.6845625,-107.68625,-217.739375,17.845625,111.91675,16.551,223.566625,62.8995,110.241125,415.6800625,36.6715,271.2730625,8.4870625,39.9275625,-22.7093125,76.73725,-111.3729375,304.03275,279.648875,152.3184375,34.5413125,274.9175,-23.837625,244.523125,-204.736,-28.6529375,51.026875,159.3276875,182.3839375,127.591625,151.4675,164.715125,110.5039375,-37.3553125,105.9435,360.3471875,62.216875,86.2925,-172.5695,40.6710625,409.5926875,83.53375,285.8663125,65.9538125,-65.0536875,12.5176875,452.077125,116.70925,-73.7103125,-30.029375,1.6423125,133.25225,69.985125,40.357,36.2649375,145.3629375,-108.1414375,97.5976875,199.9168125,44.189,463.54325,27.30075,374.7514375,412.2141875,220.600875,105.2351875,371.8146875,133.251375,25.472625,-154.7246875,-150.11275,235.5313125,-195.5623125,-237.2765625,344.5563125,285.7860625,-145.2635625,221.3415625,375.646875,120.4073125,358.474625,7.3956875,476.6349375,229.4325625,182.0969375,37.0740625,303.154875,-107.572,219.6791875,134.8009375,322.530625,-24.1113125,-214.6314375,157.8426875,-249.4135,71.35525,403.484375,453.4291875,141.70125
3.816262569309271,150.1035625,185.0520625,-177.1935,-120.581875,-241.1600625,43.701875,383.515875,-88.1161875,-326.539875,348.946,8.0878125,-262.9261875,-27.003125,125.736875,57.523625,-123.93575,-36.6256875,211.10675,102.3385,-107.408125,-412.5336875,-243.803125,414.229,26.4808125,109.5418125,362.3699375,-255.851125,454.928125,-160.120875,58.707125,300.6054375,269.19775,-74.151875,-245.9959375,-26.3650625,107.4855625,23.1366875,227.281125,82.223,118.1265625,411.257,70.716,275.7445625,86.4074375,6.5471875,-33.941875,156.7994375,-98.984375,312.4921875,282.704375,192.1915,54.3785,281.949625,-23.599625,232.492,-203.1425,-12.43725,55.063625,128.8819375,188.321,46.6565,147.8418125,161.1061875,113.660125,-82.8043125,115.3956875,338.7314375,89.6146875,88.8469375,-148.7065,29.768625,409.1774375,50.6429375,327.52475,75.6954375,-84.6554375,-22.9336875,424.9004375,146.975375,-13.3085625,-5.7669375,34.883125,130.81325,69.121625,55.8348125,9.294125,137.7838125,-95.389875,118.8468125,222.099,5.5341875,431.69425,35.2796875,406.7265625,438.990875,142.234625,95.9001875,348.4170625,167.7593125,-3.714,-103.3826875,-143.1005625,256.9211875,-164.4025625,-257.46725,366.45875,351.078875,-149.732875,230.8618125,354.9926875,106.8955,304.00825,40.2619375,479.4404375,226.142875,138.0128125,-0.5621875,309.7849375,-62.1075625,216.2353125,163.454375,304.86675,-33.62725,-219.769375,135.48775,-293.7408125,78.9848125,380.2,401.05475,138.5651875
3.820335092031354,138.432625,165.612625,-197.0035625,-110.429875,-239.8926875,30.0845625,397.0338125,-57.5510625,-329.85475,320.3821875,46.865875,-261.4640625,4.7278125,106.96425,35.0823125,-121.765625,-56.468125,188.35175,142.528625,-51.7489375,-356.6495625,-252.4373125,403.2918125,48.478625,66.24725,336.42,-295.364,472.78475,-76.071625,86.87125,264.7890625,221.4965,-58.7503125,-275.71475,-66.5463125,99.041125,7.0181875,241.02075,87.3875625,127.49575,395.2955,91.2595,266.2740625,165.2175625,-28.8700625,-27.509625,219.0503125,-90.937125,312.3933125,288.5166875,232.7056875,80.3120625,280.5829375,-11.1829375,194.591625,-186.9731875,-0.7271875,70.3145,98.6645,193.761625,-38.68925,130.539375,137.275375,140.23075,-135.7211875,130.6455,306.7976875,122.9363125,57.2619375,-128.181625,27.73775,387.06275,17.98275,354.644625,79.5174375,-107.277625,-60.72375,391.9079375,184.123875,42.412625,9.716,50.0596875,124.3525,71.717,90.469375,-23.805,150.901,-77.877375,151.1435,240.49625,-18.542,399.6465625,57.6445625,446.984875,460.256875,78.2933125,96.97775,315.198375,203.652375,-33.62875,-55.3720625,-136.199125,274.79775,-100.135125,-289.485875,392.80675,407.95325,-138.8639375,247.984875,325.177875,79.3205,236.4975625,56.340375,480.2736875,208.367875,114.433625,-39.7946875,314.2728125,-18.6883125,209.5020625,176.3163125,298.05525,-39.3948125,-199.989875,132.400375,-352.6360625,78.649875,345.026375,333.29,133.062625
3.8244076147534374,121.1921875,141.9284375,-227.48,-96.811125,-238.3666875,9.6126875,415.620625,-19.7201875,-362.00425,292.4884375,68.4471875,-237.697125,31.514125,83.86725,27.045125,-97.7254375,-65.2148125,152.406,169.79525,7.1425,-304.7155,-261.918125,382.91175,80.43625,17.6500625,287.3539375,-337.3368125,473.7850625,13.27875,120.2605625,270.472375,158.8873125,-51.34,-295.0664375,-93.5704375,98.976625,-19.1353125,266.02025,76.5654375,134.0025625,364.79525,99.356625,245.5276875,229.603875,-54.5880625,-2.8498125,261.342375,-94.0053125,296.70075,287.3683125,262.8113125,98.6035625,269.504,13.5646875,133.37,-157.2504375,-0.1975625,91.354125,65.5410625,188.3098125,-119.1685625,96.199625,102.284625,185.7261875,-195.3036875,149.5333125,259.6329375,160.2603125,-2.45575,-104.6884375,29.4203125,345.7910625,-3.83575,356.561875,79.2883125,-114.4845,-80.5869375,366.7948125,226.6784375,90.264,14.3879375,50.7336875,112.946375,81.123125,134.547625,-48.2119375,173.420125,-54.9585,181.279375,263.4004375,-28.11875,369.638,87.002,475.7460625,475.34625,29.7688125,106.2755625,279.767375,239.847875,-57.022,-18.8990625,-132.3150625,290.6731875,-8.547,-323.1464375,426.8211875,453.6173125,-118.62225,272.8235,287.62575,45.4714375,168.0383125,66.9686875,465.085375,192.168125,107.9800625,-85.2100625,325.0314375,7.8288125,202.1440625,175.987875,297.810875,-35.0218125,-168.3146875,153.3196875,-419.156625,76.0906875,313.94325,250.9445,125.7433125
3.8284801374755064,101.8523125,120.0058125,-258.295125,-75.7644375,-227.7725625,-10.082125,429.2045,22.2740625,-413.0516875,261.7160625,79.938,-203.4934375,71.466,62.0385625,28.53275,-63.8329375,-68.0510625,113.1393125,177.0781875,47.4745,-268.3533125,-265.1349375,367.654875,114.501875,-25.5499375,232.0464375,-354.3149375,459.8353125,86.6830625,153.90875,293.1065625,100.9740625,-40.0943125,-293.661875,-93.27675,124.8910625,-32.898625,304.7454375,62.501125,129.636875,317.626625,100.869375,226.7183125,273.3490625,-59.2495,34.961375,287.2600625,-103.0536875,266.027625,274.272875,275.1935,101.91375,252.436125,43.3579375,69.880125,-125.9821875,-3.0248125,107.472875,19.8785625,165.7535,-188.7424375,52.140875,60.56075,241.12725,-252.060875,169.7779375,192.3760625,197.4139375,-77.8049375,-76.788625,22.23725,292.022125,-2.469875,337.2476875,76.5065,-99.72,-73.230625,349.9135625,274.026,125.3453125,3.9779375,50.043125,104.283125,100.81875,172.941125,-59.7516875,188.355875,-23.5975625,199.5496875,295.6305625,-27.081625,325.68025,111.4191875,484.6910625,480.8054375,-0.523875,116.6025,246.271875,276.54575,-68.4605625,4.7260625,-125.4449375,309.1876875,92.32775,-347.6876875,460.7878125,488.525,-102.8669375,300.0099375,235.7521875,10.7571875,108.5896875,88.8385625,426.0475,186.049125,109.1005,-129.2155625,343.1666875,10.602,198.054,169.9910625,296.5133125,-22.227375,-141.648875,194.55125,-476.5289375,74.9335,297.7601875,162.5609375,119.5894375
3.8325526601975897,90.4933125,102.1203125,-271.3535625,-55.1780625,-194.406875,-22.548875,434.821,61.9595625,-464.1000625,226.567125,91.7294375,-165.0736875,130.41625,56.1018125,31.7059375,-35.67275,-69.79825,67.5033125,156.80725,58.3486875,-252.771375,-250.275,365.7779375,138.708125,-59.0961875,181.1788125,-342.0699375,436.3611875,132.367625,184.9994375,306.9364375,58.419375,-21.5179375,-267.662875,-58.110875,181.6145625,-21.2074375,355.2704375,60.761625,107.6309375,253.035875,106.22875,223.0118125,299.1531875,-40.985875,78.3245625,298.8015,-109.1831875,228.128875,255.3694375,272.6989375,87.6225,239.0355,67.4689375,28.009,-107.571,5.1125,111.944125,-38.7631875,125.138375,-247.5818125,10.1334375,14.7255,292.8446875,-291.295375,191.2463125,109.2115625,225.9589375,-154.9159375,-51.4874375,2.625375,236.8901875,20.6916875,305.8205,68.9189375,-74.9248125,-42.095,335.2815,327.802125,139.97075,-16.92275,58.783125,106.165875,126.4010625,199.3265,-61.240125,185.3855,11.8591875,202.2906875,334.8078125,-20.703125,257.8638125,126.5175625,478.6098125,473.3121875,-9.9716875,123.4800625,211.5818125,310.7894375,-74.74925,20.87725,-103.8465625,335.1624375,182.416,-356.8675,481.3165,516.207375,-97.846125,321.1064375,170.797,-12.1695,63.481375,128.7731875,364.256875,185.72175,111.069125,-160.5739375,363.6286875,-5.520375,199.7001875,162.5248125,290.133125,-10.946,-124.1665,245.4778125,-508.6440625,73.10675,298.7358125,84.0856875,119.5068125
3.8366251829196587,92.0303125,83.66475,-253.66375,-44.6965625,-134.77775,-24.55125,435.9178125,94.8675,-497.85925,192.5038125,110.792875,-122.5035625,192.83825,77.2773125,33.9428125,-22.185375,-68.3016875,12.919875,115.345625,44.230625,-252.9335625,-210.43325,372.588125,151.0730625,-81.004625,142.4685,-311.8158125,407.0580625,148.7254375,205.23175,303.3083125,31.1055,1.6330625,-219.1593125,4.2371875,256.8895625,12.3015625,411.3915,78.689375,71.347375,175.9108125,126.0284375,237.249,312.6161875,-7.05625,124.3338125,292.1381875,-110.072375,194.37075,243.2888125,261.640875,54.0835,233.7248125,77.4248125,18.0935,-107.695375,29.4441875,111.1749375,-97.2840625,69.2006875,-301.683625,-23.4180625,-26.880375,330.5388125,-304.458625,218.583375,26.219,236.3905,-222.1459375,-36.1183125,-17.8306875,187.443875,50.3985,266.9261875,54.0551875,-53.611125,4.9155625,315.2355,385.619875,132.4699375,-32.0759375,80.9011875,114.454875,146.8715,215.2950625,-53.94075,169.5280625,38.4020625,191.891,370.4606875,-10.612375,179.7548125,136.273,467.2223125,454.0915,-2.3401875,128.0723125,176.9763125,341.6086875,-88.4849375,36.755,-57.0740625,367.2643125,252.6495,-352.379,480.188125,538.249625,-97.763,333.5239375,112.862375,-6.97825,28.9380625,176.41725,285.2855,182.9093125,110.82225,-176.3504375,384.424125,-26.755625,205.7613125,153.16,281.880125,-14.4773125,-110.8540625,295.3376875,-504.253875,64.1160625,309.7683125,29.0448125,126.7131875
3.840697705641742,101.721375,59.1526875,-207.0598125,-46.554875,-62.2129375,-18.879625,437.099125,117.6853125,-506.2358125,165.1653125,142.6960625,-75.9606875,234.15525,123.04325,37.8045625,-21.41775,-56.7445,-45.7394375,72.800625,16.5708125,-254.1139375,-148.7066875,376.1458125,162.509625,-88.8925625,124.6198125,-272.815125,375.0714375,141.927375,204.5963125,286.79325,14.7928125,24.3385,-151.26625,68.861375,332.4563125,52.9381875,465.5369375,115.0098125,33.51075,99.582125,160.7458125,262.2901875,313.7245625,30.3284375,173.2759375,263.0049375,-108.037625,171.341375,247.478375,245.4085,8.076625,226.217625,68.1655,32.858,-124.925625,60.658375,116.3301875,-139.7803125,4.8788125,-352.7709375,-49.2199375,-53.00375,350.5769375,-293.0348125,255.08725,-39.415125,223.067625,-272.5689375,-29.5031875,-25.73775,142.9805625,70.6960625,221.507375,34.2465,-38.786,60.4881875,282.2004375,437.158375,111.1329375,-23.7806875,113.886875,116.1695,152.498875,227.9665625,-35.3691875,152.44375,44.5818125,174.664,391.3125,7.3346875,113.974,145.829125,456.2626875,429.5451875,13.169,129.5114375,152.737375,372.7825,-117.2943125,52.9056875,12.5735625,398.174375,304.4011875,-338.3301875,462.2686875,549.8478125,-93.812375,339.1765625,83.47975,29.7373125,-5.37775,211.31075,200.2120625,173.117875,108.005,-176.4265,410.258,-45.0031875,213.364125,140.423375,279.71925,-39.8323125,-95.9941875,337.7835,-463.0511875,46.5493125,318.41225,2.187125,135.401375
3.844770228363811,111.957875,29.289875,-147.3168125,-55.95175,5.4350625,-8.2840625,440.0344375,131.4605625,-493.411875,144.0451875,190.1375625,-30.18975,241.6159375,177.7585625,42.06675,-26.579,-33.800125,-101.5448125,45.3763125,-15.5188125,-242.46475,-76.4186875,369.6238125,181.8879375,-85.299625,129.595125,-230.319875,342.5401875,124.735625,182.2813125,263.888625,8.167625,40.18375,-65.0065,109.7395625,394.2511875,88.902625,515.4304375,160.3711875,1.8590625,40.0895625,203.433375,285.74675,299.2530625,60.2614375,220.244625,211.5775625,-100.75475,156.0684375,271.60125,228.724,-32.327375,200.3106875,39.8546875,55.4876875,-158.4636875,84.8460625,126.6205,-156.4891875,-51.2699375,-397.609,-69.8720625,-59.9384375,349.2778125,-259.18775,291.2333125,-79.8229375,187.0880625,-299.932125,-27.3576875,-19.616625,101.3615625,73.8361875,176.362125,16.4184375,-27.319125,118.5050625,233.6734375,473.8055,89.6708125,15.95375,152.6126875,103.96725,141.311,247.60675,-7.2944375,138.452,27.9446875,155.4116875,393.5301875,39.038875,72.8945,159.60825,442.9736875,409.31075,29.4293125,119.318875,142.7995,404.3214375,-159.1994375,64.219125,87.851375,416.0534375,338.696125,-319.1766875,439.2603125,546.573,-79.625125,336.6733125,85.3645,85.246125,-42.743375,219.20025,121.5155625,157.5031875,105.5544375,-156.0345,444.89775,-63.120375,222.912375,125.040875,285.456,-78.6423125,-77.2660625,373.2631875,-400.9238125,25.5310625,317.7034375,0.5094375,138.386125
3.8488427510858942,118.52425,0.6856875,-94.4856875,-64.2754375,58.0595625,11.985625,445.6873125,144.1889375,-469.467375,122.354375,245.8720625,9.1853125,226.690375,222.556375,41.519625,-33.0193125,-2.9825,-148.17525,33.943375,-46.470625,-219.4931875,-4.799375,355.899875,205.2839375,-84.388625,146.639875,-186.7423125,312.252375,112.0025,149.9489375,239.21375,12.154875,45.0198125,33.472,120.32525,434.8725625,119.41675,561.9061875,200.882875,-24.3965625,5.45075,249.33275,297.5160625,272.234375,80.84025,256.7864375,141.3770625,-79.108,141.9970625,312.7495,217.9164375,-51.1445,153.5949375,-2.244375,70.8573125,-202.6325625,99.6471875,129.3418125,-144.1959375,-78.6465,-435.913625,-85.737625,-56.9884375,319.9670625,-206.1516875,306.0609375,-97.5141875,136.9060625,-296.640625,-29.5673125,-8.241625,61.5425,59.2061875,144.8485625,9.1345,-15.7766875,172.4529375,174.1465,496.2865,77.7045,80.124375,189.0785,83.3990625,119.086875,277.811125,21.383625,124.707375,-6.043375,135.8508125,381.841625,85.3455,58.680375,178.217,424.3575625,398.860625,39.7081875,93.4861875,135.4929375,431.241875,-203.8136875,72.2975625,151.902125,408.662,352.9575625,-302.065875,416.1924375,532.803375,-50.6745625,324.9010625,104.7975625,141.4875,-73.595375,203.4375625,55.2899375,143.6686875,107.7774375,-111.38775,485.15675,-87.3206875,237.5103125,107.3311875,291.5710625,-114.1181875,-59.043875,405.3413125,-340.7314375,5.1561875,313.7680625,15.3834375,133.0565625
3.8529152738079633,118.8581875,-18.7949375,-55.7468125,-59.6480625,90.6406875,46.2733125,456.15475,163.6085625,-440.45675,95.0603125,293.803625,40.6825625,209.6885625,248.1138125,37.900625,-37.5063125,31.340125,-178.9478125,27.368625,-68.967875,-200.95275,60.689875,339.6594375,223.379,-100.725875,162.5655,-140.1679375,285.634375,111.5265625,126.4386875,215.7285625,25.8430625,42.4431875,125.406375,111.5383125,451.30875,146.1641875,600.529625,227.74975,-43.266,-10.6845625,293.058375,300.295625,242.3526875,101.9495,280.2695625,58.1508125,-38.4096875,124.297375,357.8223125,211.8115625,-45.995125,100.96875,-52.3475,74.8278125,-243.261375,118.816125,117.4973125,-106.139125,-69.26925,-467.5191875,-95.621,-58.15,263.42875,-145.9266875,285.0158125,-97.7475,84.8078125,-259.8456875,-34.2615,-2.114125,22.0038125,26.0340625,133.981375,19.197625,0.0985625,215.60425,112.0455625,514.075,72.9809375,154.8134375,210.795625,64.1423125,94.2233125,310.216,41.1723125,110.1735,-48.00375,117.390625,364.36825,138.2608125,68.426875,195.93125,408.16575,394.454625,34.784875,60.221875,113.6920625,452.415,-237.7604375,86.8965,197.74325,373.19725,348.1540625,-290.9716875,386.54475,517.630375,-7.32225,310.1063125,125.5883125,181.9713125,-85.566875,183.9635,3.440375,141.6658125,112.5971875,-46.321875,525.3014375,-122.4515625,259.381125,87.7786875,288.379625,-135.4666875,-49.9519375,435.8905625,-294.4486875,-14.0469375,316.5211875,36.538125,123.0394375
3.8569877965300465,110.7060625,-24.07775,-21.66025,-30.9253125,102.365375,86.5050625,470.6529375,188.542,-408.703875,66.1724375,316.05975,68.998125,196.8419375,253.651125,44.475,-35.636625,58.2659375,-188.89625,13.9350625,-73.688,-196.937125,114.9075,322.7245,231.0601875,-129.7505625,172.4475625,-85.6284375,259.2284375,119.4915,126.6821875,193.9185625,47.7031875,40.0725,190.5384375,92.7000625,441.904875,165.1096875,624.1738125,239.438375,-48.1326875,-25.5256875,325.3506875,309.37225,220.3245625,136.6619375,293.41525,-29.197,10.767625,105.0371875,390.5395625,200.9678125,-23.9255625,59.16025,-102.1840625,74.5724375,-267.531,159.3589375,99.060875,-56.256,-28.850125,-488.044125,-97.958375,-67.4116875,194.35825,-91.27175,233.16825,-80.665,41.0299375,-194.0725625,-35.022375,-3.7226875,-15.784,-27.269875,136.74125,46.082,23.3530625,246.67275,57.1206875,538.4336875,69.023,232.6478125,208.3398125,50.6464375,75.7226875,331.9106875,44.0698125,99.89625,-87.9325,102.558375,347.43375,184.658375,94.428375,205.74075,404.4903125,390.1983125,15.4143125,30.4605625,71.3538125,475.0159375,-251.715875,114.295,222.734625,322.2733125,334.3124375,-281.9728125,343.0620625,508.958125,43.1560625,300.37875,138.486875,196.35525,-71.6491875,187.4636875,-31.1056875,152.3378125,114.6373125,27.7805625,560.5805,-167.916,287.8811875,69.5823125,272.8458125,-140.184875,-56.5525625,465.1325,-254.1546875,-30.3215,324.654125,56.099625,117.1998125
3.86106031925213,95.966625,-16.4349375,18.33475,21.963,98.893375,119.3320625,479.66325,214.073875,-377.1123125,44.7516875,298.4434375,101.8236875,181.45675,237.3855625,71.4614375,-23.5901875,64.202875,-179.1433125,-8.247625,-53.43175,-198.0304375,152.4754375,306.17025,228.1669375,-148.6830625,175.8901875,-19.835625,229.284,125.2896875,150.4120625,171.990875,80.0730625,40.63175,223.4864375,62.1979375,403.4685,168.9028125,630.1400625,234.46125,-39.5836875,-52.444125,337.9464375,336.8389375,212.3413125,188.37825,297.20825,-108.3881875,54.899625,93.6345625,403.244,178.7169375,8.36675,34.592625,-140.3098125,80.759125,-269.793875,225.23375,85.54075,-14.0485625,35.5093125,-490.78175,-86.67425,-79.6741875,130.8258125,-45.8713125,171.295625,-42.7315625,7.1413125,-105.2948125,-26.2711875,-0.607125,-47.4855,-98.5899375,139.97275,80.7735,46.1691875,272.2516875,18.535875,570.0068125,64.737375,311.0204375,179.9993125,43.2880625,73.6231875,335.42325,25.658625,103.5595,-120.364625,93.191125,332.311125,214.2803125,125.893625,203.6993125,412.9016875,386.632875,-2.9065625,12.272875,17.0234375,507.719625,-243.534625,153.0558125,224.37975,278.1234375,322.1530625,-272.2875625,291.4775625,514.8434375,90.5609375,297.5153125,140.5169375,189.1055625,-32.001875,229.845125,-45.492875,160.45,118.9804375,96.7918125,585.803625,-213.6509375,318.2670625,55.88575,250.948375,-128.50825,-79.877,492.2235625,-203.3479375,-35.112625,327.6408125,70.688625,124.672125
3.865132841974199,82.969375,-0.525375,63.54325,88.8166875,85.0576875,141.013375,469.009375,238.9941875,-345.9894375,36.2476875,240.4650625,138.6183125,156.9648125,199.6973125,112.9479375,-0.3730625,44.4800625,-155.9328125,-31.5981875,-11.1760625,-184.6315625,174.9393125,291.590375,218.4325,-136.5355625,175.81025,55.32475,198.519,122.0398125,185.3854375,147.597875,124.0353125,43.5499375,234.2685,16.495,334.2245625,151.657625,623.396375,210.5838125,-28.4006875,-87.0533125,325.8391875,378.4810625,214.687375,249.7995,289.1815625,-165.9183125,95.1530625,95.927125,396.7644375,145.8158125,43.5900625,22.4258125,-162.50675,98.988375,-251.653375,305.487875,82.236125,11.5051875,116.397125,-468.558625,-50.87975,-90.0071875,82.7983125,-4.08725,123.872375,15.23725,-23.1825,0.7518125,-2.525625,26.7754375,-69.9086875,-182.6700625,133.5235,111.7055625,52.1990625,295.1825625,-0.0220625,594.2485625,60.875125,383.636625,129.64475,39.2074375,96.4735,321.5456875,-7.725625,128.053625,-146.8584375,91.326625,314.015375,223.174125,150.30475,191.6395,424.404875,387.28425,-8.6501875,13.9530625,-38.77325,550.419625,-215.31425,197.3385,204.083875,259.5338125,315.7941875,-266.483875,245.087375,540.084875,124.38425,298.0580625,132.14475,178.778125,24.980375,302.685,-41.602875,148.4153125,136.539375,147.40525,596.212,-248.3501875,347.177625,46.4413125,227.7508125,-102.1291875,-112.8776875,512.05475,-135.6376875,-19.2144375,321.994625,80.8226875,145.266
3.869205364696282,78.7519375,20.6860625,103.8564375,159.1970625,59.15325,151.269625,430.1644375,263.6275625,-312.8080625,42.2773125,165.4145,170.5940625,122.6285,147.0665,158.2331875,31.6200625,7.7195,-123.444875,-44.868,34.8630625,-144.3575,187.439125,283.566125,207.4766875,-90.8400625,179.9255625,133.04775,171.90975,110.593875,220.1049375,120.49775,168.435125,49.3475,239.022375,-41.211,241.4294375,113.9291875,609.6759375,173.12,-22.8805,-111.75625,289.1395625,419.7150625,216.248625,313.77075,270.759875,-195.9418125,137.50125,109.8355625,373.382625,107.81325,74.726375,13.200875,-171.3774375,124.9810625,-222.48925,385.2764375,88.22975,23.5029375,200.2470625,-417.910125,13.8376875,-93.1805,52.1640625,43.3370625,109.3126875,81.8705625,-52.377125,112.20725,41.719375,87.2445625,-78.6754375,-271.228625,111.4705,135.0235625,30.4316875,304.4389375,0.4646875,594.9334375,57.2261875,442.187125,64.87925,32.9191875,142.5273125,294.7775625,-42.786,167.7245625,-168.913625,99.518,288.899875,211.4345625,157.2646875,174.053125,429.0728125,391.0724375,-3.977375,42.047375,-87.50375,594.6373125,-170.223375,234.741375,170.57525,273.090625,316.5183125,-270.7626875,210.1590625,579.265625,135.43675,297.8825625,118.041,182.04925,84.7965,381.84225,-25.0390625,111.975875,163.185,171.167625,589.93575,-264.822125,375.45425,39.7955625,201.2483125,-64.2469375,-144.0048125,514.9230625,-60.071625,14.877,316.763875,87.7715,168.3991875
3.873277887418351,79.1766875,43.4634375,129.9776875,224.8799375,18.5878125,142.8968125,366.1615625,284.849375,-274.1845,62.996125,110.4868125,195.3024375,83.877375,86.97,202.5969375,67.8455625,-28.5139375,-82.37475,-43.0885,64.585375,-84.077,191.613125,290.7019375,201.268875,-28.023125,192.9135,203.4751875,144.9124375,94.467875,247.6838125,94.5189375,195.9471875,54.55875,248.7775,-104.41425,142.036,64.6650625,589.4560625,135.388875,-22.278875,-113.13075,234.6258125,446.966625,208.771125,377.6454375,254.4413125,-207.6305625,174.5166875,129.143,335.07875,73.579375,104.926,-0.1655625,-168.681125,146.3529375,-193.92275,455.180375,96.6111875,25.6,266.5855625,-346.848,96.2861875,-83.06375,33.68075,96.889,134.9711875,138.451875,-76.517,210.737875,101.9805,166.6644375,-69.785625,-352.2061875,75.0304375,159.8705625,-20.078125,283.0773125,21.2370625,569.2698125,54.194375,482.9881875,-2.384125,23.11625,192.7695625,256.5711875,-71.789875,207.77775,-182.8175,116.412625,262.881375,180.229625,143.2334375,150.7485,423.5631875,392.75975,4.7565625,91.9906875,-120.384125,633.641375,-112.909625,249.474,134.887,311.8346875,326.5045625,-287.431625,182.4060625,619.6026875,121.5703125,293.351,104.848625,201.6720625,131.6419375,448.035375,0.5429375,60.1720625,179.488125,172.4129375,566.0560625,-253.70825,403.2528125,37.412625,172.813875,-16.898625,-165.931625,495.87,7.99075,55.937875,320.0055,93.6248125,184.0226875
3.8773504101404344,73.7454375,57.6010625,140.5405625,276.3814375,-31.6721875,110.52375,289.0290625,298.207875,-226.61025,94.273625,98.9119375,213.507,48.5595625,26.378,241.6195625,101.4051875,-47.0469375,-38.4653125,-33.4161875,73.3895,-26.322625,188.297,322.108625,201.2038125,31.4734375,211.728125,258.225875,105.055625,77.25275,263.7668125,75.242375,202.268375,52.7336875,260.6195,-168.2685625,56.243125,14.374,563.5809375,109.3928125,-23.5825625,-92.559125,169.623125,450.10225,191.0966875,440.483375,256.297375,-214.4639375,190.4084375,147.46825,286.3149375,50.9385,147.13625,-19.1719375,-157.6258125,151.0184375,-172.591125,507.6275,98.872125,19.77725,301.050625,-271.4955,172.6861875,-59.178125,16.76725,145.129875,194.1576875,166.7641875,-90.27,281.4246875,158.9399375,234.9644375,-47.1211875,-409.3730625,35.193625,196.3784375,-92.57025,226.2354375,65.2765625,526.3118125,54.232,508.7900625,-57.3598125,14.6775,223.338625,205.77825,-94.973875,239.210125,-184.3988125,137.2065,244.334,130.2696875,114.2916875,117.2863125,411.529625,387.68525,9.0213125,147.5120625,-135.2854375,664.6384375,-48.279625,234.3056875,103.667625,361.129875,349.0214375,-309.9158125,153.9954375,648.943875,91.66275,282.52425,95.5066875,229.8029375,156.9671875,495.6846875,31.324125,8.2005625,169.924625,169.0758125,526.596125,-207.88375,430.27925,41.7903125,154.270625,34.9355625,-178.3425625,464.197125,58.430875,98.5535625,325.86775,104.3140625,191.2118125
3.8814229328625034,58.4875,50.404625,141.565625,305.4503125,-79.4735625,59.5386875,211.296625,305.44425,-172.1823125,125.6788125,122.197875,216.32825,18.017625,-25.758625,267.73375,121.9301875,-39.244875,-4.8859375,-25.73475,68.665,12.4905,179.59275,378.083,200.1475,76.7574375,230.0375,295.12925,46.170625,68.02775,270.5564375,64.67825,199.8761875,41.404125,262.3995,-228.4366875,1.9309375,-30.1454375,538.099125,101.4761875,-24.698125,-63.2965625,97.8905,422.966625,163.924875,501.3408125,279.7105,-221.355625,180.545125,164.49125,235.0205,43.11725,207.9558125,-40.7636875,-145.4695625,136.986875,-158.6614375,529.142875,93.156875,8.2536875,311.6411875,-201.2284375,220.9910625,-27.6171875,-9.3430625,174.585625,267.62825,153.5670625,-84.50675,316.537875,193.988625,269.9833125,-20.5505,-426.766,4.1434375,241.6453125,-175.0763125,149.0728125,129.148375,474.97775,58.13875,523.7550625,-91.4435,14.28125,224.193625,146.231375,-114.5315,263.3575,-174.566875,159.7971875,230.5691875,64.1534375,86.5395625,70.2198125,397.79675,373.5655,-4.143375,192.086625,-140.256375,682.978375,19.5386875,195.2330625,76.7605,409.1520625,384.2408125,-320.8160625,123.6315625,656.88725,61.1933125,264.547625,87.3671875,255.305125,168.2700625,527.388625,56.9535,-32.4281875,133.80925,177.0859375,484.49975,-133.6511875,456.055375,52.8181875,155.7485625,77.575125,-186.3354375,438.796375,91.622,141.4583125,319.2523125,127.0615625,195.0705
3.8854954555845866,42.8250625,17.0468125,143.5316875,311.21275,-114.4771875,0.68475,143.1965,309.213875,-119.3805625,146.9331875,153.6523125,190.5183125,-9.6801875,-60.663625,274.285375,118.5495625,-8.2853125,5.5733125,-22.594875,55.886,35.750875,164.62275,443.1009375,189.5716875,107.2414375,243.0005625,318.902125,-23.862375,81.8834375,277.2491875,59.8713125,202.968875,24.11,247.5276875,-279.734,-12.9288125,-66.5551875,520.146375,112.6001875,-23.403125,-39.62425,22.61925,365.075,126.98625,557.2650625,310.5276875,-224.7778125,158.3955,186.5000625,192.5274375,51.2990625,274.6141875,-62.86625,-137.1070625,112.770625,-143.140875,509.8424375,86.3149375,-8.8765,319.1175,-133.8389375,236.58375,6.0703125,-50.6524375,178.012375,333.8500625,99.420375,-51.6685,313.61275,203.830625,270.8711875,1.8799375,-403.2304375,-12.819375,281.0255625,-252.469375,73.9664375,197.4959375,416.946125,60.309875,523.1259375,-107.0481875,30.193625,200.334875,90.251125,-130.963375,279.1368125,-161.6651875,180.940375,210.5965,-10.0619375,75.8368125,12.21575,386.8541875,349.957625,-42.894,215.5736875,-144.7596875,680.75475,85.192625,149.0526875,47.6673125,450.1800625,425.4253125,-302.014375,99.1375625,632.812375,41.6921875,238.058,74.6323125,267.3470625,178.649,546.16675,65.4588125,-58.371625,81.66475,195.001875,457.4505,-50.2433125,475.1045,69.3939375,174.0314375,98.021375,-197.1661875,434.7829375,118.481625,176.7170625,292.826875,161.0205,199.485875
3.88956797830667,42.132,-34.8886875,155.130875,297.3625625,-134.16975,-58.81975,92.3608125,301.5814375,-74.4623125,156.338,174.162625,131.7915625,-28.623375,-75.084,261.7698125,89.2235625,33.5275,-9.1000625,-21.334375,34.1275,57.07975,141.780125,494.7905625,168.44225,124.3395625,251.85425,335.1078125,-89.6843125,124.3276875,289.310875,56.775375,215.563375,8.106875,222.4316875,-320.9419375,1.6075,-96.7971875,508.6855,134.4169375,-19.5889375,-29.8306875,-50.997625,283.8806875,83.019125,602.4308125,330.4351875,-218.039875,139.6185625,216.80875,171.4271875,73.801,324.8975625,-88.1945,-129.2088125,92.1546875,-110.7179375,456.14425,87.1539375,-29.930625,336.7095625,-66.22775,231.37575,36.1803125,-103.7774375,157.4271875,380.4179375,23.2946875,4.5599375,278.3040625,192.9775625,249.718625,17.4476875,-358.5995,-13.63175,298.2401875,-309.0979375,13.2090625,248.18,350.4979375,54.7435625,495.3369375,-113.382625,68.111625,161.8196875,52.8041875,-142.7475,275.911375,-156.2989375,193.9188125,182.706125,-80.1475,82.888625,-49.383,381.5745625,317.1128125,-100.5404375,214.7566875,-146.925875,651.7669375,141.5623125,117.929,9.791125,482.1804375,458.7374375,-247.9098125,87.551875,573.8303125,36.4093125,205.77725,53.382,260.7995,188.4400625,549.4281875,55.121125,-69.95825,24.0428125,209.2384375,453.266875,19.2979375,478.64225,91.8103125,196.171,98.595,-216.1625625,451.737375,152.3538125,191.9636875,252.1394375,194.181125,208.4450625
3.893640501028739,60.5988125,-90.719375,178.27175,266.1694375,-142.7604375,-114.498,57.093,272.670875,-37.515625,159.1025625,178.688375,52.2635,-30.380375,-69.34525,243.4205,49.7580625,71.8744375,-38.8001875,-19.4483125,2.9226875,88.2466875,114.3565,521.61175,143.6245625,124.1094375,264.285,344.93625,-138.6638125,180.6395,303.609125,53.388375,231.353875,-2.4980625,198.1210625,-355.4751875,24.9330625,-121.5545625,493.485125,151.3000625,-13.262625,-33.772,-120.1210625,193.946,40.3004375,634.75525,334.763,-197.613875,124.44075,248.6493125,177.70925,99.6786875,347.2995,-121.93675,-114.9325,90.693625,-53.281625,382.911125,95.1771875,-49.3364375,366.03725,-2.33175,219.0555625,52.9420625,-157.5855625,125.8483125,403.3195,-49.338,73.073375,222.2270625,162.6764375,221.6410625,29.8115,-315.2515,0.7955625,284.9194375,-334.2044375,-32.73675,268.9649375,276.5684375,41.205375,439.8648125,-118.4978125,121.4996875,115.8904375,42.9779375,-150.5620625,245.59275,-157.355375,196.578,152.9179375,-135.0500625,94.910125,-111.5811875,383.88275,275.70475,-159.4489375,196.7928125,-135.0425,594.877125,181.4463125,119.904875,-34.4073125,504.700125,465.4641875,-168.15475,90.651875,492.441,43.9153125,177.8333125,28.6175,239.52175,188.5981875,529.1885625,33.9718125,-67.9478125,-34.81575,216.2094375,466.1525,61.420125,458.983125,116.9065,208.4771875,92.93225,-242.296125,472.3255625,199.8590625,179.0644375,205.6186875,210.963375,228.860125
3.897713023750822,86.38025,-137.9935,211.1726875,220.5255625,-146.1730625,-156.7939375,27.0255,225.932875,-8.9325,160.0235,166.2669375,-23.3638125,-16.560625,-44.400875,238.435875,27.52725,93.8929375,-70.1639375,-16.018375,-30.255125,132.348125,87.3550625,525.4235625,123.5165625,100.5178125,286.0599375,351.3510625,-165.2871875,230.81625,314.07525,51.7793125,241.027375,-11.3338125,184.4050625,-381.85675,39.71175,-137.771375,465.0391875,152.273,0.3185,-41.2111875,-185.759125,113.2408125,9.79975,658.4009375,332.1181875,-168.542875,102.9418125,272.1301875,202.3938125,113.91275,348.344,-165.1760625,-92.780375,113.978125,25.0079375,300.713625,99.40975,-66.1373125,401.944125,49.6826875,205.084125,52.28375,-201.992625,104.1396875,403.6686875,-101.360375,140.89425,157.82425,112.7314375,202.072625,46.255125,-278.155125,21.87925,243.053125,-327.383625,-67.968625,263.998875,198.3554375,23.98175,371.7604375,-121.1593125,175.6261875,68.1426875,59.327375,-160.1845625,194.7643125,-150.7044375,192.5425625,120.5795625,-167.6088125,98.653875,-174.1206875,394.409,229.419125,-203.5005625,179.3529375,-103.78225,518.367125,200.3356875,158.4084375,-76.71775,517.8284375,433.8304375,-79.7073125,109.0453125,405.6149375,58.072,161.6534375,13.002375,209.634375,175.254375,482.5763125,9.6111875,-56.6816875,-92.7504375,230.856,481.9386875,82.5195625,408.335125,137.2803125,203.8586875,86.162,-266.9673125,477.9025625,260.3895,141.29225,158.5830625,201.673,261.9171875
3.901785546472891,104.473375,-166.931375,250.3423125,167.102625,-148.0910625,-171.7010625,-9.609625,175.8538125,7.5610625,162.957625,135.306125,-76.5480625,2.9090625,-5.1401875,256.184375,41.0109375,89.9656875,-93.6470625,-11.9095625,-50.4768125,182.88725,62.6415625,509.3006875,112.3673125,56.49,315.6675625,361.7550625,-168.1325625,265.194125,317.52625,55.6924375,240.2765,-25.1055625,191.635375,-387.4069375,37.5623125,-144.11375,416.849375,137.6386875,24.30675,-34.5468125,-244.9581875,58.2396875,-1.0436875,672.9589375,330.7080625,-140.6279375,70.2461875,282.268375,224.0680625,109.9733125,343.2608125,-208.8655625,-69.73575,149.2018125,112.7710625,214.115375,91.43025,-89.6126875,431.6115625,83.730625,189.65575,44.5165625,-235.0450625,108.80625,389.421125,-130.491125,196.5603125,102.2400625,45.705625,198.1858125,69.70475,-240.33025,41.116375,183.45425,-298.8025625,-95.00325,242.4474375,119.636125,10.119,304.43225,-112.99375,219.57175,26.8584375,90.1585,-179.1400625,139.3835625,-124.814,189.3195,83.302375,-171.3905,90.235375,-228.0316875,409.1774375,188.4271875,-226.18125,181.442375,-62.7195,441.4500625,199.0104375,218.78825,-114.0871875,524.75475,369.5551875,2.9728125,139.1858125,323.6445,69.0104375,153.60625,14.1933125,173.6626875,151.8453125,422.34675,-14.1518125,-45.0843125,-145.6504375,267.1910625,486.4464375,99.12575,321.9841875,149.4081875,189.571,70.6545625,-277.877125,463.5256875,327.3795,91.4401875,113.0050625,168.6003125,295.7910625
3.9058580691949745,109.05275,-169.9655625,288.3305,110.806,-149.34775,-154.2934375,-62.866875,134.7338125,12.5523125,174.516875,89.24225,-110.17325,19.2420625,38.3851875,289.482875,85.7721875,60.3998125,-106.5265625,-7.162125,-45.59675,231.397125,41.55475,474.8508125,110.8600625,7.4474375,344.292125,375.8874375,-145.0338125,282.49775,314.8135,63.2254375,230.827125,-43.7594375,224.457875,-356.102875,21.6590625,-145.8320625,345.0923125,112.927625,53.1808125,-0.7245,-289.5561875,39.0616875,3.8299375,671.058625,332.0935625,-120.85375,34.405875,279.0893125,225.0134375,92.5595,339.8685,-237.5773125,-58.2459375,179.7035,195.145,127.89575,71.679875,-129.327625,438.327,102.396125,171.463875,44.4423125,-263.1969375,141.712,370.071125,-147.737625,238.7283125,76.3214375,-33.2590625,202.250125,95.2745,-196.461,58.0711875,119.707375,-259.4880625,-111.4683125,209.1794375,45.794125,7.5891875,237.228625,-89.7646875,247.00425,1.634125,120.0350625,-207.9343125,90.594875,-80.34575,198.6801875,46.738125,-141.479,75.82475,-257.6825625,423.8529375,166.4844375,-232.6151875,207.5459375,-27.2155625,383.425125,184.91575,276.071,-143.2024375,533.24675,288.8691875,69.954,169.646875,254.3286875,73.1313125,146.3355625,28.0145625,137.4764375,122.0304375,370.133625,-34.7715625,-41.498125,-190.2,323.7845625,470.03375,117.722625,207.087125,157.9605,184.4133125,43.2983125,-263.887125,438.182,390.04725,41.3903125,68.351875,125.7548125,315.5466875
3.9099305919170435,107.329125,-148.1539375,315.47925,52.5619375,-149.183,-117.4669375,-131.2679375,107.4413125,15.822875,199.258125,39.1468125,-140.0945625,28.377375,75.1719375,322.5184375,140.0020625,16.78675,-112.69875,2.3953125,-14.6259375,275.1428125,28.323375,429.0700625,114.32975,-32.33225,360.1338125,383.2828125,-95.0235,283.2773125,303.185125,67.8978125,215.4840625,-57.700125,275.11125,-288.3723125,6.8628125,-151.0903125,256.9154375,80.7733125,80.7506875,55.372875,-312.3553125,58.4615,10.1861875,649.4563125,333.5604375,-112.55,11.2184375,266.8228125,207.70225,70.2325625,331.8571875,-239.312125,-70.008875,200.474625,259.90675,52.3686875,45.554375,-179.6998125,417.169375,120.1409375,147.54325,56.953875,-294.0973125,190.071125,351.5494375,-165.56125,275.555,88.936375,-116.623375,199.9091875,115.6580625,-146.4995625,74.3361875,59.3855,-211.553,-113.962625,168.4385625,-14.613125,22.9955,165.9389375,-53.964625,253.7108125,-1.4326875,139.5843125,-235.7804375,48.3785625,-26.01125,227.4588125,22.1186875,-82.3009375,61.893375,-255.3420625,436.912375,170.776375,-230.39475,239.08925,-6.444,350.909625,173.14225,306.9568125,-153.38525,550.944375,206.2950625,114.575,189.323875,208.5344375,77.0383125,134.9185625,43.4966875,113.7036875,86.06975,337.2659375,-54.882,-49.88875,-224.7438125,388.1209375,429.491,133.25875,88.0278125,172.479625,204.01875,13.35525,-222.0495,416.0205,438.5045625,0.2495,24.193,92.889625,315.728
3.9140031146391268,115.542875,-111.184375,325.000875,-5.227875,-141.89,-81.5386875,-194.8518125,96.2084375,30.8539375,231.7426875,-4.0133125,-174.8289375,33.4535,98.468375,343.9915,182.9358125,-30.2563125,-114.6965625,19.0295,32.782625,314.1860625,27.5953125,387.4725625,115.0286875,-63.127875,355.29975,377.3930625,-24.219,267.935625,271.113125,65.233875,194.737625,-53.8594375,329.3035,-210.3509375,8.4696875,-165.0351875,173.2163125,45.1190625,103.614875,114.3015625,-312.4704375,110.2695625,5.2894375,615.6134375,329.7274375,-115.2886875,10.0429375,255.1124375,188.423625,45.9950625,311.87725,-213.3198125,-107.2473125,212.9655,304.0815,-4.7935625,19.5403125,-219.5090625,378.0514375,153.1284375,120.38775,78.672625,-324.9466875,232.7950625,338.32675,-184.1578125,309.90625,127.92825,-195.368,182.1364375,129.1038125,-95.2915625,90.040375,4.0941875,-152.0491875,-103.84625,129.9710625,-50.556125,57.133125,96.8684375,-10.9465,241.133625,15.89925,150.8678125,-249.080125,8.9850625,24.5533125,266.7595,21.63,-8.5180625,49.4578125,-226.782625,448.4859375,195.3949375,-216.701875,250.5510625,0.457875,335.137375,177.2096875,300.8351875,-137.4886875,577.938,133.714625,135.830625,195.1744375,196.6758125,87.6305625,113.705625,52.664125,113.172,47.4158125,318.277,-83.3170625,-69.765375,-249.53775,444.251875,371.3596875,141.5859375,-6.694875,195.534125,248.0551875,-8.7728125,-163.24875,404.93775,467.8596875,-25.59825,-16.3701875,85.1220625,297.5000625
3.91807563736121,145.773375,-67.8770625,315.251625,-60.2750625,-114.4124375,-59.12925,-229.0378125,101.4909375,61.897125,260.6808125,-34.1929375,-206.0420625,43.541125,110.330875,352.3139375,205.637875,-78.6985,-102.5275625,35.7985625,80.783,346.60525,39.8995,366.927875,111.828875,-91.6065625,325.712,360.87375,55.4668125,238.19775,211.9743125,56.522,166.3375,-21.004,371.5384375,-158.465625,28.562875,-186.6859375,117.9745,15.9284375,116.1433125,158.1305625,-300.48875,176.8845625,-15.4361875,582.1554375,310.9175625,-125.1605625,27.8824375,254.2593125,176.032125,15.6936875,284.3514375,-173.562375,-155.957375,217.3019375,332.7269375,-45.2621875,-0.496,-228.0908125,333.0381875,205.8093125,99.8714375,106.660625,-343.930625,253.7985625,335.5916875,-195.4339375,336.652625,170.5356875,-260.348,150.6125,141.498375,-47.9130625,107.015125,-45.1776875,-84.1668125,-86.0405,105.993625,-56.130625,100.6916875,44.209625,30.6194375,216.8483125,44.776625,160.8744375,-242.68375,-27.3749375,55.162,299.8064375,50.599125,62.1385,38.3259375,-182.3153125,461.7315,226.2439375,-182.676875,234.4321875,1.56975,320.9011875,196.894,265.7095,-100.235375,604.4678125,78.288,138.363,189.5803125,215.8615625,105.2384375,79.920125,59.1106875,138.871125,19.211125,302.27275,-127.2796875,-94.9469375,-265.608625,482.8648125,306.6535,142.4655625,-69.5735,214.6991875,301.3936875,-18.6491875,-103.0161875,405.1524375,480.230875,-36.2086875,-47.3679375,102.3963125,262.2038125
3.922148160083279,195.275125,-23.264625,287.52275,-114.1940625,-55.8211875,-49.0440625,-222.549125,121.4851875,97.5646875,281.7995625,-48.6551875,-217.811,59.144125,118.4329375,348.8799375,205.5934375,-128.129875,-59.7573125,42.830375,115.637375,369.6580625,59.667625,370.1368125,107.8195625,-117.821625,271.745625,339.3595,131.3651875,199.2544375,137.416625,49.88825,130.55025,40.66925,385.1981875,-151.9121875,55.846125,-209.73575,103.332375,1.8860625,114.8149375,181.322,-292.9648125,234.13575,-48.0954375,556.04475,269.3169375,-138.7109375,56.304125,265.544875,162.688125,-21.284,257.6269375,-140.4845,-191.32775,217.088375,353.2155,-72.5059375,-13.33425,-199.9668125,291.2368125,270.7701875,89.478625,139.659,-346.9911875,251.431625,347.3540625,-196.6623125,353.968,197.12925,-304.2025,116.1029375,156.1744375,-3.3493125,128.998625,-84.4745,-20.9776875,-64.196875,103.0330625,-39.424875,139.52975,20.3045625,63.2090625,188.82025,76.7955,167.6155625,-222.64875,-56.88175,55.3913125,320.0464375,97.247125,114.139875,32.0586875,-129.861625,478.9359375,254.5595625,-125.6405,202.48425,6.341125,299.2124375,221.525375,222.93725,-54.2811875,618.6729375,39.245,129.181125,174.51075,246.1121875,124.3013125,41.575125,75.0014375,182.627125,15.6869375,286.896625,-187.427625,-117.909125,-272.7003125,503.3266875,245.1183125,136.9095625,-115.6128125,214.448125,346.9245625,-15.1051875,-45.16575,414.8659375,482.20725,-33.994625,-63.8039375,129.62975,210.88325
3.9262206828053623,247.312875,18.0014375,242.180375,-169.9584375,28.652875,-40.9290625,-180.27825,154.1190625,122.9525,301.5753125,-46.5358125,-203.3365,63.8340625,124.431,330.497875,180.795375,-175.1820625,18.4950625,36.892,132.991875,382.820125,78.00325,384.78825,99.88125,-136.5174375,205.184875,318.3885,193.164,158.3879375,64.945125,50.0964375,95.1056875,113.293125,360.365125,-180.9983125,76.5093125,-227.679375,125.291,5.1173125,104.11075,192.956,-296.606375,261.964375,-84.1910625,533.8496875,207.9783125,-154.1369375,89.39775,282.4429375,136.54275,-57.284125,234.5825,-125.336375,-197.2416875,222.4509375,369.80525,-85.395375,-25.7700625,-141.5445,257.9165,339.488375,81.179125,173.480125,-341.570375,233.650625,371.9903125,-194.076125,365.554,201.130625,-327.105375,92.6556875,166.107375,44.7499375,159.508125,-107.6105,24.6468125,-39.4745625,118.6471875,-16.6539375,167.4764375,27.487125,87.5183125,163.8933125,110.1426875,159.3756875,-198.746625,-78.878875,27.4461875,332.19925,139.81125,141.6858125,33.2456875,-79.75775,493.667125,282.0668125,-52.42625,166.2985625,20.243375,271.2241875,238.881,195.6086875,-13.0965625,613.267,11.1626875,117.1966875,153.5184375,267.4440625,136.3481875,10.5893125,106.1091875,228.4804375,36.9673125,279.940375,-253.889125,-138.3831875,-270.3146875,506.2865,194.818875,129.8055625,-159.292375,190.0585625,374.0471875,2.092875,16.17175,430.123875,476.8465625,-20.0880625,-64.2399375,149.772125,145.4255625
3.9302932055274313,281.5771875,51.7055625,181.2605,-228.9426875,115.9198125,-30.7665,-115.7033125,193.83675,133.175,328.4434375,-29.2485,-168.278625,43.3024375,121.25225,292.2788125,134.577125,-214.673125,117.8489375,19.87975,137.087375,389.2694375,88.833875,400.5153125,82.562625,-141.311,148.02625,302.23175,238.654,117.0920625,2.317875,47.86225,68.8975625,171.3210625,301.790125,-222.7633125,85.387125,-236.563125,171.3925,26.6698125,92.740375,210.727,-303.83825,251.329875,-119.605375,508.8546875,138.0919375,-166.5910625,124.4279375,300.520875,97.1490625,-86.688125,213.5128125,-126.0071875,-180.326875,244.4720625,380.1035,-82.5915625,-46.24775,-62.195125,234.2485,406.8273125,65.4096875,198.226875,-332.51825,211.0675625,398.14175,-195.377,373.1515625,192.57325,-339.2665,88.5621875,163.09425,96.47,197.3879375,-116.95975,51.6653125,-12.9066875,145.583125,4.6738125,189.36575,55.64625,107.829125,147.7633125,144.3834375,128.603,-176.6251875,-99.581125,-12.327875,337.32625,164.6665625,151.27525,38.7656875,-44.8748125,490.7204375,310.3265,23.504375,125.9784375,43.8628125,245.430875,240.82875,198.7301875,15.1011875,585.8258125,-13.5370625,113.219375,142.592125,274.156875,133.9398125,-8.6350625,145.412625,266.82275,67.5453125,286.0705625,-307.517375,-160.2834375,-256.7246875,493.4005625,159.2110625,128.020375,-199.81025,145.0435625,378.244875,30.914,81.611,443.9861875,462.491,3.0435625,-50.884875,155.317375,72.5491875
3.9343657282495146,288.610875,74.7980625,116.7924375,-287.803125,182.1593125,-25.1609375,-45.20675,229.518375,132.8723125,362.1220625,-1.220875,-123.3785,3.9753125,97.540875,237.3698125,79.73075,-237.9441875,210.035375,-4.3505,134.4609375,394.5550625,91.4745625,417.5755625,57.2598125,-124.30075,115.7941875,291.035875,275.0183125,68.8165625,-51.3266875,30.7963125,51.66125,194.2554375,223.8783125,-260.8721875,86.75925,-236.904,224.13425,68.5904375,84.5140625,246.5168125,-305.1945625,207.270125,-154.64775,477.523625,72.5335,-170.93475,159.6055,316.1098125,55.2485625,-108.680625,190.72825,-135.844375,-157.4045,287.33525,377.930875,-66.1636875,-73.4543125,25.416625,220.7718125,467.880125,42.0171875,201.5175625,-315.23575,195.4541875,409.0234375,-203.6145625,372.9706875,187.844,-351.32475,100.2216875,148.6329375,137.8265,233.5735,-126.616125,66.663,14.2534375,176.6574375,30.39375,208.19575,90.4921875,124.9395625,139.4824375,171.4234375,81.0510625,-156.9066875,-121.7815625,-45.717,329.1949375,171.9325625,150.702375,44.6736875,-29.256625,455.7489375,334.0155,85.3325,77.5951875,78.1125,233.1893125,226.5565625,233.6989375,29.175,538.5803125,-39.8620625,126.1650625,163.492125,268.59275,111.7388125,-15.5265,179.093,301.6375,87.7970625,299.063,-332.035125,-184.0335625,-226.8188125,472.357,138.0265625,132.655,-227.0345625,90.370375,359.764,66.483375,143.13275,448.883875,440.9150625,26.9643125,-24.9405625,149.67225,3.8444375
3.9384382509715836,273.4783125,84.1393125,67.3405,-337.52975,222.0471875,-26.08175,16.3796875,249.4024375,128.7775,392.3855625,29.0635625,-81.65475,-34.765,45.1304375,180.438375,31.3414375,-234.537375,266.749875,-29.5455,130.388875,404.699625,89.4025625,437.93225,28.94175,-79.65275,107.2560625,283.433375,310.3189375,10.8199375,-96.3929375,1.9313125,34.7384375,171.6868125,139.4160625,-289.0301875,87.191625,-233.667375,262.480375,123.3730625,75.15875,298.7206875,-299.0895,149.817125,-185.5718125,440.261875,21.0730625,-167.3439375,194.1781875,323.1530625,24.309375,-119.9930625,165.0348125,-150.0586875,-138.132125,340.120625,361.88375,-37.266875,-92.331625,104.80625,216.49725,517.8046875,24.1783125,174.3664375,-283.02825,198.2710625,396.0155625,-215.00075,359.4220625,194.7384375,-362.174,117.892,131.9819375,150.25,254.3226875,-146.964,70.7954375,42.998625,205.5951875,68.2003125,218.7259375,122.7175625,137.090125,133.167625,178.6466875,28.94225,-137.510625,-135.3334375,-67.2586875,307.3931875,169.6646875,142.324625,46.3213125,-26.1138125,385.923625,345.5475625,119.7351875,23.9790625,125.5605,239.2016875,199.738125,287.3898125,31.9105,480.9591875,-64.8061875,158.146125,211.46475,250.389875,72.1085625,-6.6344375,195.805,338.830625,85.732375,309.468,-323.84425,-206.093,-173.1391875,452.901875,133.0615625,138.3401875,-235.079875,47.198125,328.4498125,100.9489375,195.9836875,440.3544375,418.4301875,39.3760625,14.7398125,142.7529375,-51.1551875
3.942510773693667,247.2105625,78.5136875,42.8069375,-370.2083125,246.8188125,-25.3035,59.25125,250.13475,122.528125,410.4913125,52.15225,-57.0253125,-55.3499375,-28.289,138.8438125,-3.5409375,-198.290375,277.5094375,-52.6808125,130.1075,423.1013125,89.4319375,457.148625,1.107375,-16.0004375,109.0803125,279.8979375,346.3529375,-45.727625,-125.8320625,-21.583375,10.7753125,105.1661875,56.1483125,-306.3918125,90.28075,-230.847125,275.7975625,170.709875,61.311375,358.3885,-288.0751875,103.4549375,-200.365625,401.13475,-11.6970625,-158.7351875,229.3145625,320.733625,11.090875,-112.17125,139.1905625,-161.6464375,-125.804125,379.6573125,338.447875,8.7783125,-85.866375,161.355875,217.07,551.0103125,27.568125,119.0539375,-236.4744375,223.035625,369.452125,-218.282625,328.0934375,207.8653125,-361.8985625,133.24475,117.344,124.9200625,251.230125,-171.4863125,58.839,74.4674375,227.7809375,116.33275,217.2166875,149.9271875,144.307625,127.7224375,164.691375,-21.2990625,-114.5349375,-128.734625,-81.4189375,285.0516875,167.650625,129.2535,35.2621875,-32.124625,293.1934375,338.3964375,124.2979375,-25.8315,183.8063125,253.6108125,163.7309375,336.18375,27.2721875,431.1083125,-82.7650625,203.2795,247.3418125,220.8815625,32.06025,21.2695,194.2446875,371.696,62.307625,314.13675,-292.41375,-218.1374375,-96.3663125,438.3198125,148.8626875,141.565625,-226.583875,33.306875,299.2586875,123.02,244.5078125,421.481625,396.2031875,36.061,65.90525,144.827125,-88.300125
3.946583296415736,222.966125,61.8338125,38.141875,-382.520875,268.4756875,-15.003125,79.36075,240.3945625,106.3860625,421.9875625,63.1595,-57.113125,-51.4313125,-99.6374375,119.139,-26.5250625,-132.0486875,257.1976875,-75.061875,136.8120625,445.6120625,97.21775,466.866125,-22.0813125,39.7590625,104.8104375,280.0993125,377.7526875,-80.42325,-129.0444375,-25.6428125,-21.44125,8.8351875,-20.449,-315.1135625,95.6033125,-225.64275,272.5139375,192.534625,46.3830625,414.3789375,-272.4275,82.6979375,-186.6194375,364.186875,-22.0965625,-149.1905625,264.482875,314.448125,11.13725,-77.3490625,117.494375,-158.9944375,-120.307375,387.8896875,314.3450625,75.433125,-51.476875,190.6721875,217.517625,561.9763125,54.7660625,51.464875,-188.1024375,263.1673125,349.446625,-201.8954375,275.1866875,214.4019375,-345.810625,141.43,101.394875,69.0980625,229.5185625,-184.916875,31.109875,102.8670625,240.5073125,161.5236875,203.616,172.580125,149.408,124.8883125,143.0961875,-67.520125,-82.819125,-106.9389375,-93.9606875,276.1915,174.719625,118.7448125,7.3469375,-52.5356875,198.9164375,312.058375,107.133875,-64.5125625,243.3866875,257.5945,124.1841875,355.5768125,19.9265625,404.98875,-94.2431875,249.6839375,235.872625,191.5599375,9.4491875,65.47675,181.0015625,388.23,30.689875,316.287125,-253.791875,-209.881625,-11.8804375,426.5974375,182.20175,147.0035625,-206.156125,46.4558125,274.6928125,125.9909375,292.299625,401.5819375,368.370875,26.456625,123.1559375,158.32625,-108.61375
3.950655819137819,214.916,42.14675,41.085875,-371.545,293.41125,3.8085625,79.8839375,231.043625,72.2779375,439.0848125,64.0093125,-74.6321875,-30.9225,-145.8155,113.5941875,-40.3406875,-50.0574375,228.2825,-96.0701875,147.7711875,461.5205,110.7045625,461.783,-36.88375,64.417875,82.8791875,282.0405625,395.8205,-77.11275,-100.2675625,-10.1084375,-58.9796875,-93.154625,-86.0836875,-318.3955,101.1144375,-211.8059375,266.340125,184.9620625,34.3825,451.6286875,-250.2979375,87.7794375,-148.3155625,334.4125,-8.9298125,-143.2916875,290.064625,311.160875,11.70025,-18.0689375,102.888375,-133.6325,-118.1485625,366.3405,289.124375,151.7585,0.941625,200.493625,212.0054375,551.8805625,97.7190625,-10.3415625,-155.50325,313.9908125,343.637375,-163.40275,202.7738125,206.3220625,-321.0046875,143.7491875,84.03825,1.1439375,203.0535,-178.7283125,0.737125,115.876625,242.87725,189.8743125,173.327875,190.14425,155.687,121.5793125,125.6605625,-101.4155,-40.4735,-85.1770625,-107.093875,282.633625,196.2549375,116.9213125,-28.35525,-87.739125,125.7579375,278.642,82.2590625,-88.5789375,290.36725,238.1663125,90.8454375,332.794875,17.3735625,402.961875,-103.008,281.255875,177.168375,175.5276875,6.3635625,116.1651875,161.126875,381.965125,10.9246875,318.6044375,-220.114375,-177.864875,61.9224375,415.962875,218.906875,161.4125625,-173.216,66.628375,244.90375,116.0496875,336.36525,389.0421875,333.797625,24.9781875,183.6159375,177.6926875,-120.089
3.9547283418599024,228.5561875,29.883625,42.9254375,-336.31275,320.7920625,16.8435625,70.0756875,225.62,22.2578125,462.2614375,61.101875,-93.4505,-4.4361875,-158.085375,110.119625,-41.5065,28.7755625,197.997875,-110.45425,159.322,460.7854375,120.144625,448.6151875,-41.3054375,58.2533125,40.58975,283.2595,397.673625,-34.4495,-42.7625,17.0785,-95.0345,-172.5144375,-136.815,-317.5305625,105.094875,-185.472875,260.5825,156.46625,23.563375,457.8541875,-221.523125,109.618125,-108.7751875,320.9395625,19.90975,-145.6719375,292.825875,313.4970625,-3.9191875,48.88825,93.7599375,-90.188875,-116.283875,330.27125,255.808875,217.58475,60.773375,199.5828125,196.49275,529.6934375,149.388375,-57.5353125,-144.008875,376.816875,340.4943125,-110.5815,125.446875,187.9731875,-300.6233125,149.360875,72.432875,-59.4540625,181.693625,-153.093625,-13.4804375,106.1830625,238.818875,199.2419375,123.95125,202.264125,167.7070625,109.98825,110.3070625,-110.57725,8.9483125,-69.015875,-116.6698125,298.2920625,231.53675,123.6410625,-56.62175,-125.999375,87.1238125,256.76525,63.136625,-94.815875,314.9413125,194.50925,71.017,273.5426875,27.6503125,411.6126875,-109.092125,287.26525,96.3744375,175.680375,13.0329375,158.9995625,134.68,347.06825,20.4668125,316.06775,-191.708375,-126.07225,115.211625,406.2314375,247.986125,186.125125,-124.4540625,71.835125,207.7295625,104.4325,373.4485625,385.5075625,297.7453125,38.3599375,244.344625,198.4051875,-133.66025
3.9588008645819714,253.04,35.663,42.301625,-286.1619375,343.4865625,4.0668125,60.6178125,225.7201875,-35.8749375,484.776875,61.703125,-105.486,26.3113125,-148.9789375,103.46775,-21.495,93.83925,161.31925,-110.0999375,173.7175,439.043375,114.248875,443.9871875,-34.4475,34.9050625,-15.2689375,284.0074375,387.5020625,35.531125,31.407375,49.232875,-120.4010625,-205.9608125,-168.1029375,-312.8095625,105.6670625,-146.4755,249.941625,121.603875,10.7724375,433.347,-190.1063125,139.3405625,-91.635625,327.6975625,51.280875,-160.3848125,270.367625,314.9700625,-46.777125,102.092125,82.665875,-42.5503125,-116.0544375,294.9925625,206.21925,260.39775,119.626875,187.374375,177.331375,503.57375,200.0213125,-89.7895625,-141.94625,449.43625,323.9894375,-56.656625,64.230875,168.141,-290.7380625,165.3728125,76.064,-99.645,164.2966875,-110.7469375,0.4646875,76.141875,233.79725,196.49475,66.389875,210.918125,186.940375,85.028,89.7899375,-91.7604375,59.6499375,-49.7105625,-112.549875,316.5556875,274.77975,136.198625,-68.646875,-154.61975,77.57475,256.485,54.318375,-80.0156875,319.938,133.6051875,65.782,194.817625,52.630125,415.587,-108.9295625,276.451875,15.07025,185.3735,18.736625,177.5415,101.059125,280.104375,65.9714375,295.8773125,-157.79225,-59.454,146.58775,400.1078125,265.8714375,221.990375,-67.00125,51.7988125,175.1225,95.6514375,401.529375,387.6406875,264.4780625,64.3890625,299.80025,217.0579375,-152.3944375
3.9628733873040547,273.567,60.947125,42.2406875,-242.755875,356.036375,-38.8019375,56.6108125,236.4489375,-93.89975,505.5801875,68.77925,-115.074,65.126625,-143.5431875,98.10025,21.91575,146.9404375,117.8491875,-91.13175,194.6408125,401.9746875,88.7459375,458.9298125,-17.188125,4.3525625,-72.6140625,289.80925,364.9145,114.996625,106.0549375,80.3486875,-130.1575625,-187.64525,-175.3625,-306.8253125,102.558,-100.12525,228.74475,93.545875,-2.398625,389.959,-162.676,169.02125,-99.5339375,344.885375,76.9231875,-184.9924375,234.1925625,302.83125,-110.06725,129.288875,59.917875,-3.4501875,-122.2428125,272.49075,137.6774375,280.9816875,167.9966875,159.623125,168.4524375,477.079125,232.4295,-111.2328125,-134.15175,518.8538125,290.0659375,-15.415625,28.378,148.8696875,-283.1300625,185.659625,99.6425625,-118.0775,144.803875,-56.0249375,42.0803125,33.050875,229.7395,187.0125625,15.7546875,219.054125,207.173875,50.87675,61.8149375,-60.085625,105.957875,-14.2569375,-85.051625,330.1621875,319.52375,155.522375,-66.4051875,-172.6816875,78.15575,271.49075,49.6074375,-43.0190625,315.294625,64.674625,73.241,117.8374375,84.5438125,409.2859375,-99.454625,272.60425,-61.4690625,195.6189375,18.533875,160.4275625,61.6423125,190.8834375,139.8761875,250.9521875,-106.506125,15.987875,159.6056875,404.7133125,269.2009375,272.7905625,-21.1206875,13.825875,158.452625,90.336875,413.779,392.7556875,234.918875,98.0471875,348.9735,229.7645,-168.937
3.9669459100261237,286.045,92.432125,46.0635625,-225.7309375,358.067375,-94.0609375,55.544625,257.07,-143.5608125,526.114875,76.1096875,-132.9545,112.845375,-154.18625,103.520875,76.585625,198.321375,77.22175,-57.30025,223.266125,362.9451875,52.474875,487.6308125,8.738375,-28.0628125,-122.7513125,306.0585625,323.208,186.296125,170.51225,105.4465625,-129.0810625,-131.364,-156.487875,-299.5141875,100.4566875,-55.16375,195.1565,79.987875,-12.742875,343.69625,-147.2801875,187.2355625,-113.5548125,359.911,99.072,-208.76875,196.3799375,269.9595,-170.3135,131.908,21.751625,17.3245,-134.971375,266.882875,60.1465625,288.44475,195.22575,117.671,175.0215,453.02725,236.8546875,-127.773625,-114.049625,564.808875,247.969875,2.954375,10.364625,119.8003125,-261.676,200.191625,138.845875,-123.2770625,125.9366875,1.7996875,100.2175625,-11.5904375,229.4955625,169.3835,-17.431875,227.6501875,224.8788125,20.2694375,29.249875,-39.342,145.0759375,43.2546875,-35.6548125,327.2585625,361.3715625,184.8554375,-60.5814375,-187.768,73.0139375,285.303375,43.0734375,14.071125,313.217,-3.7599375,91.3578125,62.0521875,111.7718125,399.227,-77.427875,292.849625,-134.2743125,198.2133125,13.64925,107.7399375,21.6120625,98.21075,223.88,189.4425625,-38.905875,90.318375,161.072375,427.8293125,256.45475,337.56225,-0.730625,-21.284875,154.9081875,90.1534375,403.9929375,397.5731875,207.0795,130.612625,395.3235625,237.7564375,-176.954375
3.971018432748207,293.898875,110.1066875,54.3310625,-234.2400625,349.04425,-141.8085625,54.161,274.8015,-178.4771875,544.174875,74.363875,-164.805,163.301875,-168.526875,124.61175,123.10375,256.071625,49.034375,-12.247625,259.7545,330.3299375,21.8418125,513.9980625,41.918375,-55.391375,-163.937125,330.0935,260.020375,236.822875,224.0098125,122.25475,-126.92775,-60.3505,-112.633,-288.00975,107.7456875,-18.452125,151.9453125,81.539,-20.2030625,306.072625,-153.6255,183.4881875,-113.34,372.9929375,122.9999375,-219.52575,157.1963125,220.3531875,-202.1415625,120.3811875,-24.290625,14.333625,-145.1593125,266.742375,-6.4128125,289.1460625,192.847,68.4630625,184.650375,432.8575625,221.5865,-142.11725,-83.9275,573.6024375,207.86775,-5.0516875,2.9905,64.7866875,-214.3645,210.0588125,182.0923125,-124.055,119.11325,53.516125,160.5584375,-44.5971875,240.6826875,140.9093125,-27.35325,233.338375,246.1028125,6.4545625,0.1786875,-41.1583125,176.7908125,115.7728125,22.67525,295.64375,398.18475,227.2949375,-63.024875,-206.6869375,60.117,282.1396875,36.869,85.679,326.9926875,-62.707125,118.7683125,34.4245625,128.7078125,396.5700625,-38.3031875,335.6155,-200.7569375,187.2561875,6.2550625,28.4619375,-11.5754375,14.7970625,298.7326875,128.5123125,28.2129375,151.6836875,158.3804375,470.162,232.2555625,404.597375,-1.853,-32.313375,152.455625,93.779875,379.5678125,395.4445625,183.4554375,148.621875,440.300125,248.4834375,-181.632125
3.975090955470276,300.57425,101.21425,66.061625,-246.8306875,324.683625,-173.2296875,51.9964375,276.6429375,-196.863,554.5480625,62.26975,-202.829375,207.42675,-167.9860625,156.717,149.3296875,314.978,32.8495,45.248125,303.1305,302.9456875,9.5409375,527.951125,82.2591875,-68.3509375,-195.3448125,353.6391875,183.82125,260.1508125,267.9238125,128.6636875,-126.5964375,3.65075,-49.8065,-273.7609375,129.5555625,8.9068125,103.6890625,89.477625,-28.2118125,279.304375,-186.06425,152.5991875,-91.642,391.802,144.73225,-211.6666875,113.2859375,161.671625,-195.719125,105.046375,-64.5635625,-10.8373125,-146.2025,250.550375,-50.4755625,278.9449375,159.793,19.442,176.4755625,416.444625,203.26625,-151.808125,-47.50525,548.758875,174.9571875,-33.6098125,10.5618125,-16.8925,-141.0123125,219.270625,219.6619375,-124.267875,128.2081875,98.1835,210.5905625,-60.2448125,271.4696875,107.1765625,-14.299,228.702375,271.499125,15.8668125,-14.6338125,-63.2908125,198.4554375,188.0095625,76.6765,235.1291875,426.0279375,283.6361875,-77.8395,-232.173375,46.4940625,254.9693125,34.7756875,162.6588125,357.8299375,-106.3011875,153.404,31.7288125,136.7788125,407.8818125,19.2355,388.23975,-254.3990625,162.6344375,-2.853125,-64.40425,-33.62875,-54.6543125,356.237625,83.387125,82.2254375,190.47775,156.7425625,519.85725,205.0638125,456.947375,-13.7403125,-8.7649375,144.112875,95.7553125,359.034625,377.595875,174.53725,140.7708125,484.6915,271.6975625,-193.90075
3.9791634781923593,305.702375,69.760125,83.6638125,-241.85025,282.4901875,-186.4205,50.7214375,265.0150625,-203.5796875,553.67975,48.1625,-230.7379375,237.9226875,-147.9324375,191.5050625,154.09825,360.897875,19.7641875,111.886125,354.692,277.6104375,19.76725,530.7599375,127.259125,-61.882,-213.9716875,370.7166875,112.5995,253.1550625,298.8590625,124.831625,-123.2076875,47.10375,16.5225,-260.3455,159.818625,31.805125,52.0455625,92.4606875,-41.3376875,256.3448125,-233.466375,97.885875,-52.771125,416.8956875,149.744125,-188.6154375,68.6335,99.7559375,-159.4683125,92.6481875,-88.9586875,-51.780875,-145.7585625,205.15475,-77.4301875,251.166875,106.822,-24.7860625,138.414125,406.761375,194.45,-149.7295,-4.3929375,507.6975625,152.4190625,-71.6149375,40.9953125,-104.9984375,-52.2788125,223.735875,249.58275,-125.1726875,146.957875,138.9371875,236.8699375,-60.9831875,319.6024375,79.638125,16.2989375,208.7173125,283.370875,44.77075,-9.0915,-98.55875,205.2088125,248.1903125,119.794125,164.1135,434.76775,346.3175625,-98.7021875,-263.145875,36.21675,210.398375,36.139,232.9073125,386.471125,-135.06425,190.913375,52.255125,136.8446875,430.8183125,91.33275,435.873875,-289.2068125,132.24325,-12.3410625,-157.60925,-45.7465,-102.6745,402.35525,61.0009375,128.964125,203.6725,160.8663125,555.7436875,179.8335625,485.6498125,-25.4016875,46.7085625,133.7424375,92.88625,355.2123125,339.0175,187.1478125,104.67575,528.383375,311.2916875,-213.5956875
3.9832360009144425,304.7143125,32.4786875,110.354375,-213.542875,228.4840625,-181.823625,52.7283125,253.486125,-205.6069375,543.4774375,38.650125,-229.754375,249.6111875,-116.1289375,225.866875,141.54675,384.901875,1.4206875,173.8636875,416.8631875,253.3835,49.47475,525.556375,164.685,-39.5175625,-220.4784375,377.2605625,60.265625,217.3480625,313.4888125,114.191125,-111.6201875,67.779,65.157375,-248.7165,182.27925,56.5398125,-2.7326875,88.7251875,-61.0643125,226.657375,-272.948625,31.8978125,-5.1554375,438.252625,125.2183125,-158.348625,28.7918125,41.6251875,-106.5638125,88.3245,-94.7358125,-97.80925,-159.5365625,137.8705,-96.3994375,208.454375,50.7259375,-60.78175,73.514625,408.9850625,198.76,-129.0269375,45.7430625,469.5345,142.9984375,-112.1954375,94.4724375,-176.5285625,36.8255,220.4161875,275.2244375,-126.8910625,170.319875,175.570625,229.037125,-49.825,365.612375,63.6128125,58.4071875,178.777375,258.835375,79.22175,13.3351875,-133.9645625,198.4331875,291.797,150.19275,109.1856875,417.8619375,400.83125,-110.8178125,-296.182,28.37975,165.648375,36.4053125,287.7694375,391.1679375,-149.567,223.352625,94.95875,124.5338125,454.9006875,172.2005,462.6235625,-305.445875,108.849,-19.1406875,-237.8330625,-52.289375,-121.5809375,444.8893125,60.7778125,175.988125,195.205625,172.79775,559.3045625,152.4715,494.2629375,-23.5459375,120.6546875,129.978125,90.6015625,365.146125,286.7355625,214.4795625,46.36575,565.1315625,358.4009375,-223.292125
3.9873085236365116,295.05675,8.0675625,143.94375,-167.877,174.3315625,-164.1470625,58.4401875,251.257875,-202.7094375,527.7218125,33.231375,-188.123875,243.4005,-83.025875,259.25575,116.5188125,389.0196875,-18.584125,217.4075,483.072125,231.47325,94.57975,511.0149375,176.115,-6.9753125,-220.388625,368.7793125,26.0955625,164.343,315.707625,100.3371875,-89.6433125,74.1958125,80.48025,-232.9189375,181.8541875,84.60175,-54.6765625,87.170875,-79.8815,184.31075,-287.2116875,-34.761375,44.254375,440.886875,75.618,-129.41025,-5.4055625,-0.67,-48.2483125,94.2473125,-84.3615625,-132.9715,-197.4376875,69.8581875,-110.45125,160.8061875,1.684,-84.4608125,-6.2160625,422.4586875,210.6045,-95.2845625,97.588375,446.315,150.3655,-152.40575,160.0646875,-217.3624375,114.321125,212.1815,301.0711875,-124.525625,196.3635625,208.0446875,191.7365625,-31.3414375,384.417625,56.0415625,108.753875,154.13675,193.683375,102.266875,44.864625,-155.503875,191.1628125,318.38775,169.5394375,87.240625,386.674875,441.1636875,-104.4725,-327.0846875,22.911625,136.1125625,29.7480625,327.089125,370.077125,-146.320375,235.532,154.0969375,96.7415625,468.0549375,253.5820625,457.0314375,-308.132625,101.31125,-19.0230625,-292.782375,-53.6534375,-114.8219375,482.279,80.265125,220.0835625,170.73575,184.1840625,527.721125,119.284125,491.891875,1.4848125,193.8053125,135.5273125,104.0413125,377.437625,237.159125,241.7513125,-20.9041875,581.969125,398.5683125,-205.787125
3.991381046358595,278.093125,10.805625,179.3695,-114.7466875,131.0135625,-144.3493125,63.881,259.517,-189.07375,510.4429375,31.3824375,-111.7991875,230.601375,-54.037375,286.194,84.5595625,379.4613125,-22.9694375,236.9733125,539.1323125,217.6475,150.9655,487.903,151.89175,34.3798125,-217.090125,344.850625,-0.6259375,113.546,312.0144375,87.2024375,-60.2788125,79.963125,59.2745625,-201.2359375,154.938,109.898375,-96.2825,96.2519375,-85.6581875,129.4461875,-275.0655625,-100.7216875,91.2805,414.673625,19.1763125,-106.1778125,-36.926875,-15.660875,7.1556875,107.49075,-62.393,-145.38125,-256.1251875,17.4181875,-117.6548125,119.198625,-37.58475,-94.2855625,-85.9528125,434.91625,219.6736875,-67.0378125,142.7768125,439.314625,178.9993125,-186.3665625,217.5185625,-222.253,173.265875,199.5989375,330.428,-111.773,217.6549375,240.54775,144.038,-16.582625,366.5463125,55.8579375,166.3135625,149.02225,109.8278125,101.0745625,82.442875,-156.7765,199.11525,332.4998125,179.4034375,97.8574375,361.9360625,477.98275,-89.228125,-350.90875,20.469125,125.3783125,14.857,354.556125,338.6949375,-123.182625,209.7929375,220.4415,62.034875,467.7155,324.406875,422.6974375,-299.29025,109.7681875,-12.999875,-315.6370625,-44.02075,-93.7063125,508.4425,118.2623125,258.2333125,137.8230625,179.0175,475.6094375,91.076375,488.5061875,45.67175,245.894875,145.8373125,150.252,384.0250625,200.9746875,257.7046875,-77.36325,565.825375,427.6701875,-164.164625
3.995453569080664,255.3251875,43.0900625,210.17775,-66.3975625,105.464625,-133.4076875,61.93425,275.5798125,-168.8924375,497.228875,32.780875,-17.411875,227.2885625,-27.955125,301.6868125,55.293,360.1566875,1.63225,237.04475,575.340375,219.2445,210.4559375,464.637125,100.8939375,81.9175,-210.0145,311.8535,-32.5849375,79.297125,305.107875,77.26625,-31.443,96.1264375,10.3109375,-148.18825,109.4545,121.94925,-127.07325,116.0284375,-77.4349375,65.97825,-246.77925,-161.221125,130.77625,363.555875,-26.9954375,-83.4590625,-69.473375,-0.256,60.8296875,124.9554375,-33.0095625,-138.4885625,-320.9874375,-17.9340625,-114.6084375,91.4119375,-62.2696875,-90.016625,-150.4846875,432.302875,221.092,-56.4955,175.82075,438.5064375,228.3610625,-203.6621875,245.5726875,-195.918,206.279375,181.44125,362.34925,-88.028875,219.153875,278.1235625,102.5104375,-15.880125,321.288375,67.3595,228.8959375,165.765125,39.1545625,71.4160625,125.8203125,-140.3210625,227.5709375,340.0561875,179.1651875,126.017,351.605875,524.6498125,-85.6715,-362.027375,20.307,125.44025,-0.425375,373.74275,311.2341875,-84.8865,143.7175,284.5581875,35.9715625,457.8805625,375.7513125,375.37175,-277.32175,129.7000625,-10.9224375,-307.5625625,-22.157625,-66.35875,522.0005,173.3014375,293.103375,108.5971875,151.357,427.33925,83.232,491.2184375,90.123625,261.6561875,157.5835,232.9820625,381.5955625,175.4196875,254.786375,-102.7618125,514.97775,453.631,-117.1738125
3.999526091802747,232.2595,90.9450625,227.6390625,-34.5078125,100.7353125,-135.1214375,48.3231875,293.945625,-157.833125,489.31225,29.6210625,82.545625,242.0936875,-1.702375,303.687125,40.2890625,334.401375,50.2441875,233.9864375,591.6044375,237.811875,265.932375,448.7618125,49.4865,127.606875,-197.276375,279.1983125,-76.4630625,62.4888125,295.652,67.402,-9.239375,126.3911875,-51.45,-83.801875,58.3686875,115.791375,-150.09125,140.5705625,-67.2504375,1.23875,-216.86975,-200.4120625,152.35975,304.277,-49.735625,-47.2356875,-107.75975,38.6860625,119.4894375,148.2323125,4.1553125,-125.8580625,-378.6676875,-44.9835625,-100.3784375,80.304875,-63.07775,-67.972625,-190.602625,413.926375,219.8386875,-56.5650625,193.9975625,431.064625,287.8414375,-196.3103125,236.0954375,-150.8284375,204.90425,160.8183125,390.9876875,-53.987625,191.7624375,322.5189375,69.5771875,-25.782375,263.765,92.482,291.887,192.61675,0.304875,22.114,170.4670625,-114.8004375,269.073125,342.6960625,172.8570625,152.3149375,346.21875,578.137,-106.4435625,-353.670875,20.070125,122.740875,-5.9059375,390.8793125,293.4178125,-37.3144375,58.3715625,340.10575,25.2370625,436.5980625,403.8601875,326.7954375,-245.7130625,158.452875,-19.864625,-276.3216875,2.367,-34.862,526.1495625,240.3378125,327.19525,94.431125,113.485,401.58625,96.6109375,505.615375,112.53475,240.52975,170.5213125,336.54225,368.8913125,155.1814375,226.8055625,-86.1761875,444.6865625,480.0710625,-80.085125
4.003598614524816,223.020875,133.833,227.63225,-24.04025,116.8248125,-142.141125,23.8010625,308.731875,-160.5330625,478.8415625,7.510375,182.019375,269.3203125,23.8935625,290.3265,44.8433125,307.701,103.0533125,247.507625,591.7891875,268.544,318.5325,438.0044375,28.8145,162.672,-178.6351875,254.1561875,-126.2641875,55.78525,287.9945,50.9360625,10.1509375,167.531125,-108.0999375,-24.5471875,14.6908125,96.30925,-166.6035625,160.00875,-63.207125,-53.4711875,-198.4855,-202.5904375,144.955125,254.2415625,-39.907625,15.712375,-158.0176875,86.41825,177.4031875,178.66375,53.972375,-117.988875,-426.5494375,-69.89825,-80.540125,84.405875,-35.304125,-26.2215,-210.4914375,391.5083125,225.527,-51.3086875,192.974875,411.940625,343.2428125,-169.152625,199.959625,-102.5520625,165.990125,142.792625,406.1479375,-7.6650625,144.002125,371.2770625,36.8905625,-30.063,207.9678125,126.9795,350.023625,211.3748125,-8.78125,-26.96975,207.44825,-90.5820625,312.740375,341.461625,172.25425,167.7363125,334.3298125,618.1345,-148.4154375,-317.221875,14.7135,108.12475,2.3406875,414.499,286.3198125,19.6785625,-16.28875,383.55325,26.09275,400.150875,408.656625,277.198125,-214.3088125,195.938875,-36.527875,-231.896375,22.1250625,-1.814375,523.55525,304.6035625,357.172,97.74475,82.2558125,398.303125,123.8368125,539.09125,104.3599375,200.2830625,181.9915625,433.9169375,346.104,143.6430625,179.548125,-32.8661875,375.6881875,498.9338125,-52.6269375
4.007671137246899,242.37275,157.47475,215.5565,-29.213875,149.42,-140.66675,-9.44975,315.7378125,-164.406375,457.8284375,-39.0453125,274.744125,297.315375,39.812625,264.974375,64.241125,285.171875,138.3790625,282.0010625,575.688625,302.6595,372.022875,423.5446875,54.997875,181.2310625,-158.01075,236.565875,-165.0141875,51.05475,291.2399375,25.104375,40.472125,212.7685,-141.4759375,22.8069375,-12.0545625,69.958375,-179.438,159.5446875,-60.544625,-86.485125,-196.216875,-165.3969375,109.038125,224.026375,2.6741875,103.6460625,-218.705375,126.8144375,211.2791875,211.085375,115.57675,-116.7651875,-466.2645625,-85.48025,-67.3465,97.69825,13.5275625,28.1340625,-220.1409375,380.154875,244.4151875,-36.2309375,168.6035625,383.4073125,386.955,-138.840125,158.2605,-65.1251875,95.6955,128.421375,395.1303125,48.95975,94.447,417.640875,-4.5409375,-13.6394375,163.11175,164.3605,396.7696875,213.3069375,-0.698625,-53.08575,226.388125,-73.3498125,354.2095625,339.5996875,190.576,178.7055,313.207625,624.7331875,-195.1041875,-250.225625,0.032375,83.869625,24.261625,447.43075,287.8096875,84.2546875,-61.5499375,411.4710625,35.1814375,355.8545,391.3663125,222.4915625,-189.3911875,241.1256875,-57.8499375,-183.686625,41.939875,28.3039375,516.67375,347.5475625,374.510625,110.4799375,64.771625,407.7694375,159.889125,590.17225,76.704375,164.8611875,188.084,500.1745,312.4080625,146.942,134.5811875,39.10125,317.1023125,496.505375,-22.894625
4.011743659968983,293.1069375,155.94425,202.903125,-38.2285,192.7520625,-122.522875,-50.382125,312.672375,-156.3196875,431.272875,-98.5434375,351.3581875,323.218875,34.0315,234.4486875,91.3536875,268.5351875,145.407625,323.2155,539.014375,330.7083125,425.21075,396.0865625,120.55325,184.9851875,-139.3199375,218.671625,-175.863,47.9946875,310.460375,-7.65975,93.131625,254.2935625,-144.008,61.359375,-21.6050625,36.3454375,-190.0234375,127.51875,-52.211375,-94.2684375,-205.1535625,-103.108,59.046375,215.7851875,69.0648125,194.2075,-275.7558125,150.3015,202.8095,234.8555,174.3300625,-116.6288125,-493.1015625,-81.20775,-70.0861875,113.8073125,67.2916875,82.6435625,-221.871125,388.11075,272.1091875,-21.8180625,127.3658125,346.558375,420.1261875,-120.6445,123.82725,-44.3791875,7.3870625,116.6205,351.6413125,105.454375,59.5431875,450.8263125,-51.875875,25.06675,134.0905,201.69075,424.88275,207.92225,14.2045,-42.5914375,220.6714375,-60.9854375,394.564375,336.7246875,231.6218125,196.5276875,285.3124375,594.4311875,-226.2481875,-167.2206875,-21.30625,57.8503125,55.868625,482.749375,292.2765,144.751125,-75.0796875,421.60875,51.432,318.5180625,350.123625,166.144875,-168.7715625,289.07,-88.444875,-141.013625,69.0176875,58.360125,509.8814375,364.1296875,373.3953125,116.9628125,59.15075,424.39775,196.86525,641.1474375,49.8096875,147.2045625,187.352875,523.4765625,268.5665,166.143,110.8488125,110.9194375,266.29025,462.4098125,15.04
4.015816182691052,365.6526875,130.31375,201.17625,-41.79575,240.468125,-84.7569375,-97.4200625,299.6393125,-129.8060625,411.303875,-154.753,402.56,353.005625,2.5614375,200.639875,125.25525,257.952375,129.4620625,352.89725,478.2160625,347.0744375,473.5240625,349.2209375,202.2193125,185.305625,-122.26825,194.867,-155.8398125,54.4191875,340.7930625,-44.09375,164.73475,282.719875,-128.1200625,91.6553125,-20.7886875,-9.2211875,-188.2140625,67.3463125,-37.5063125,-84.4448125,-215.9974375,-36.236625,15.295,222.63375,141.723875,259.262125,-314.183625,157.31725,161.1070625,242.3725625,210.916,-111.1826875,-499.15775,-58.0495625,-81.6800625,133.4985,111.016,127.330125,-208.7936875,408.95575,298.10975,-16.6121875,88.504,297.0415625,446.567,-118.25125,94.6605,-38.6940625,-82.02775,109.59475,283.6735,150.1831875,47.27275,459.2529375,-88.5684375,72.973625,124.521625,240.136125,431.6728125,210.1473125,31.2175625,-3.8845625,191.245125,-47.4985,430.51175,324.5346875,284.0436875,223.8659375,257.56525,536.5645625,-227.780875,-94.8699375,-37.8911875,32.9119375,83.8688125,507.7065,292.96725,191.8233125,-62.9839375,413.8079375,71.8716875,295.755,281.71825,122.0331875,-144.585875,331.6273125,-131.1296875,-110.7215,107.869375,101.9261875,504.9485,365.262,354.8176875,98.851875,62.8066875,444.385625,221.62375,670.173375,39.0318125,145.37875,177.0255,508.5280625,220.9898125,198.0495625,109.055,174.0834375,222.2115,400.45175,54.2215
4.019888705413135,444.19825,89.4238125,215.91425,-39.410875,285.3295,-27.838625,-146.3444375,278.1094375,-85.43325,400.9863125,-197.506375,422.2093125,386.7204375,-48.918125,164.2846875,169.0766875,256.856375,108.0703125,360.427375,393.3100625,351.836125,511.1665625,284.4655,277.8569375,195.1990625,-104.603625,168.4431875,-120.474375,70.4178125,373.734125,-81.89525,238.2443125,291.205125,-116.824375,109.57075,-13.1399375,-67.2810625,-161.4070625,-1.86075,-18.673875,-68.01025,-218.7548125,20.8413125,-5.3158125,235.228375,201.69625,288.42375,-332.16625,155.58525,113.8604375,234.848,220.991125,-95.242,-486.7295625,-23.862,-83.5315,160.4145,137.662625,154.4518125,-173.02,429.5773125,318.837125,-18.7101875,66.8346875,233.026625,464.9230625,-119.5793125,70.1680625,-46.89175,-153.6229375,112.1675625,211.3428125,178.1938125,57.7400625,437.0375,-96.80125,113.5529375,134.4345,276.981,420.6266875,223.223125,45.614,36.78375,145.579875,-28.560375,453.0948125,292.351625,328.246,252.9739375,240.7056875,462.1951875,-196.1325625,-50.72175,-35.3798125,6.97625,93.735375,513.1175625,284.228125,228.8135,-32.5954375,387.206625,93.0476875,285.632375,192.1135,104.7990625,-104.3615625,359.125875,-175.9290625,-94.010625,165.036125,167.61625,493.99975,363.6615625,323.1600625,48.220875,72.1693125,460.4119375,225.9655,667.3480625,47.5229375,150.9538125,150.9515,468.043125,176.1639375,239.793625,117.813375,228.1013125,188.955375,328.1871875,86.1420625
4.023961228135204,508.0589375,47.3955625,242.5584375,-36.65575,324.508125,38.22725,-193.118625,254.710375,-33.5356875,394.8368125,-223.1436875,406.6908125,411.822875,-108.2523125,134.1925,222.178875,270.1289375,99.165125,347.67625,292.3076875,350.030125,533.4396875,214.0109375,340.243375,216.432375,-83.913375,146.2706875,-92.0349375,81.8734375,404.0043125,-118.529125,294.2135625,285.2621875,-122.8525625,116.0346875,1.2195625,-131.514875,-113.3233125,-55.6870625,0.728625,-51.5886875,-209.3896875,62.5091875,1.0775,246.156,240.36825,292.532125,-342.9670625,152.61675,82.1849375,218.882875,217.444,-61.7313125,-468.1500625,14.8451875,-66.44625,191.06225,146.8776875,156.9153125,-114.640375,441.76475,336.9061875,-23.2535625,60.87675,164.3574375,468.213875,-102.1775,57.28775,-68.8120625,-189.1436875,126.7020625,157.5003125,191.724875,89.9440625,388.905375,-69.9295625,138.034,156.8874375,302.7566875,399.4793125,241.510625,48.135625,56.806375,98.5366875,-2.5444375,459.4123125,241.70525,351.1390625,274.8125,239.9056875,382.3159375,-139.547125,-30.164125,-14.0019375,-16.177,84.27375,501.7618125,261.8934375,258.82225,9.7115625,340.4111875,110.435875,284.176875,99.61575,121.4263125,-41.2685,360.6568125,-204.5513125,-86.592875,243.442875,242.50925,464.76025,366.07025,285.18725,-21.8093125,75.716125,466.890125,213.42975,641.25125,68.318625,155.326125,110.01175,412.8815,135.0599375,289.3024375,126.0079375,272.007,165.3306875,262.077375,106.4559375
4.028033750857287,540.0314375,17.1996875,267.986625,-34.632375,358.06675,96.07075,-233.337875,242.774375,13.5556875,387.0685625,-235.424375,355.8695625,416.2418125,-156.9465625,127.1055625,277.2445,295.4935625,107.587375,329.724125,194.1638125,348.6920625,543.853125,153.567875,391.8975625,238.6999375,-56.7699375,134.988875,-80.3088125,72.7873125,427.4164375,-152.6820625,322.6128125,278.65925,-138.73075,119.07275,20.5176875,-190.7963125,-62.23075,-81.655375,15.904125,-37.110875,-193.3958125,88.85575,24.3711875,248.1155,258.389375,287.0384375,-360.2523125,153.9299375,72.0875,198.1673125,211.96825,-6.1315625,-449.556875,52.189125,-39.7535625,213.6206875,139.59425,133.637,-42.685625,441.641125,351.6909375,-32.120875,62.499125,106.5165,449.1534375,-52.714,56.16875,-100.790375,-181.034125,150.508875,138.1095625,198.4331875,141.27775,327.9096875,-15.3525,146.6611875,178.1224375,311.1588125,377.93525,258.3183125,28.332875,48.8078125,67.9088125,29.638125,455.9619375,190.4410625,351.499375,287.0274375,250.3186875,310.8805625,-72.702625,-18.72975,9.0090625,-24.13975,67.43525,485.5493125,225.6785625,275.1214375,57.580375,282.1901875,118.740625,291.175875,25.3728125,169.3245625,32.93025,330.2570625,-205.243125,-79.5480625,333.43975,302.25525,412.9486875,374.215625,253.073625,-86.682375,61.520375,465.0449375,194.0239375,611.1811875,92.533625,152.19175,71.9364375,351.900125,95.359125,340.620625,126.3539375,301.69225,139.946625,209.0308125,115.634625
4.032106273579356,538.55175,4.977,280.298125,-28.9495,380.0556875,129.3924375,-258.0166875,251.4809375,54.782625,367.66,-245.768,278.045875,399.7516875,-177.4836875,155.248125,325.51425,322.794625,123.244125,324.38675,120.2364375,349.73525,553.253,110.6711875,429.3099375,250.1973125,-21.6701875,137.43725,-77.284125,38.418625,439.4025,-182.88725,326.992125,276.642,-145.618125,123.689,43.185,-229.076875,-23.652125,-89.3165,26.6273125,-25.7369375,-177.9376875,102.8725625,52.684,235.1760625,261.722625,279.2135625,-384.67725,164.799,80.124875,169.1815625,204.0410625,66.0136875,-425.84425,83.071875,-20.8093125,214.9018125,118.587,88.221375,29.1763125,427.9148125,356.8344375,-53.0976875,69.984125,66.3746875,404.5308125,21.952375,53.788625,-136.9416875,-138.1076875,178.5790625,156.4181875,205.5866875,202.02875,265.9124375,53.708625,147.0289375,179.88175,305.8268125,363.7526875,262.4818125,-12.7935625,18.1373125,62.1859375,65.9921875,447.941,156.576,330.2429375,292.92825,263.221875,261.226625,-4.8315,-8.48725,21.194875,-4.426875,59.102,471.19825,181.742875,271.3180625,101.789875,236.54925,114.8563125,312.1476875,-18.89125,238.9634375,99.018,275.197375,-180.9380625,-58.9275,415.0271875,332.6038125,344.5411875,385.1973125,240.10975,-128.6106875,33.0298125,458.2860625,180.115875,588.8108125,113.3086875,141.5499375,59.4555,293.2935625,54.495125,383.033125,117.6600625,313.716125,102.8019375,170.045375,123.0305
4.0361787963014395,516.4503125,9.85525,280.5125,-18.6563125,378.033,128.7444375,-258.8548125,279.4145625,96.141375,322.2191875,-266.5043125,191.2014375,368.453375,-165.09525,214.806875,361.186625,343.767625,133.5361875,336.9933125,79.842,346.8659375,571.9371875,82.1443125,442.4586875,242.5491875,15.2419375,150.394375,-70.485375,-13.426,437.0804375,-200.88025,316.9825625,272.8348125,-129.113125,124.5775625,70.0516875,-230.9421875,-2.17475,-95.1611875,39.6123125,-20.9463125,-162.1961875,106.4430625,82.259875,205.6708125,262.802875,268.93775,-406.5650625,187.310125,97.9281875,128.8318125,188.3711875,138.8858125,-392.5313125,105.361375,-21.620625,191.441125,96.106875,24.2849375,88.3958125,401.245875,345.1944375,-87.8895,88.6514375,41.1171875,338.77875,104.7371875,38.743875,-170.6770625,-77.51475,209.2283125,200.4059375,213.119625,259.7804375,206.4951875,125.26275,150.992,149.9689375,294.2588125,363.4545,243.8003125,-56.4268125,-20.3090625,75.8328125,106.088875,432.9115625,146.9660625,284.2906875,292.63475,272.1664375,235.848125,62.48925,6.4181875,26.476875,45.2643125,67.89525,449.3530625,138.13975,248.387625,132.1775625,225.6468125,97.9954375,352.351625,-36.601875,315.71125,150.2331875,213.0419375,-145.5003125,-11.437125,468.98925,336.7791875,271.39025,396.9433125,250.974875,-142.006375,6.2264375,446.5896875,183.6051875,568.7481875,124.438375,129.6020625,80.7055,241.642875,13.0455,406.170125,105.4649375,307.2183125,59.265375,141.729375,143.9175
4.040251319023523,491.5146875,28.155625,280.869375,-8.5045,345.9666875,96.1003125,-235.9148125,320.45475,141.1946875,246.0689375,-298.8695,115.38075,326.394875,-130.1540625,284.1665,379.447375,355.4148125,131.993875,358.2913125,67.4998125,337.2215,603.0011875,61.467625,430.0263125,213.488625,43.7265,170.1550625,-57.8719375,-70.7348125,422.4800625,-193.7110625,300.024,259.4239375,-85.8624375,111.002875,99.2040625,-193.5865625,2.599875,-100.8683125,62.22025,-26.8850625,-139.1773125,97.388,110.0585625,167.6696875,275.9413125,256.283875,-412.660375,217.4971875,117.72575,82.017375,163.3555,197.45075,-351.842875,123.2773125,-41.8423125,151.05425,91.2370625,-52.206875,129.6769375,361.63275,317.46825,-125.342,123.9555,30.496,263.1245,177.21125,15.9924375,-190.86525,-13.7935,246.6399375,247.1614375,215.755375,308.1014375,147.3931875,189.69625,168.333625,94.94575,280.52125,380.5670625,205.51475,-80.8668125,-47.862,98.8503125,148.517875,408.8178125,159.79225,214.6284375,278.9184375,273.621375,226.403125,126.839125,34.791875,36.863375,113.5210625,87.45425,405.8959375,96.3746875,214.097375,141.6805625,251.403125,69.37975,406.3928125,-40.1806875,380.4821875,189.812375,160.76325,-115.4699375,63.9328125,487.5230625,326.9725,204.89125,409.9013125,280.0030625,-128.645875,-5.6565625,430.72175,206.5606875,536.9126875,121.4756875,124.14875,126.2501875,199.12525,-20.1868125,405.09725,97.458,279.218625,26.3090625,114.099625,188.4795625
4.044323841745592,479.902375,55.9836875,289.74475,-6.312375,292.6821875,42.5825,-196.2940625,369.1089375,193.993,156.606375,-330.986875,62.212625,276.0983125,-93.912375,334.9228125,376.8235625,356.520875,116.4986875,373.8428125,74.204375,328.8156875,636.585125,45.983375,403.5201875,171.818,57.974875,193.8405,-47.1319375,-120.63975,404.24125,-158.6564375,281.547375,237.9785,-21.1185625,81.6273125,118.8741875,-128.491625,-10.0000625,-93.0474375,98.1531875,-43.7835625,-106.6471875,73.9724375,125.13825,138.503875,309.871,243.74325,-390.028125,244.6081875,137.172,40.08975,136.7016875,237.110125,-309.7625625,147.9199375,-69.797625,104.0723125,117.25,-128.890375,155.980875,311.749,284.824,-148.259875,177.5605,38.6038125,187.5740625,224.2143125,2.4854375,-184.1776875,44.813375,294.797625,279.01225,212.1705,346.0603125,84.2405,242.3695,200.5750625,36.10175,263.864125,406.97125,160.2076875,-79.867125,-53.71675,127.1896875,186.9069375,381.76825,185.4415625,131.2025,245.9141875,265.0493125,224.6143125,183.149125,74.71125,60.5925,180.899625,104.0770625,340.3025625,56.451375,179.6396875,128.88025,297.805625,34.529375,455.0404375,-41.2180625,418.4560625,216.584875,129.8408125,-100.419125,152.161875,473.989,308.8180625,147.0960625,419.914,317.067375,-93.3810625,-1.3331875,415.53375,239.024375,488.727,104.165,127.65225,180.67975,169.4318125,-33.903625,384.625875,99.764375,228.904625,16.1510625,77.466375,254.7724375
4.048396364467675,486.897375,87.278375,305.4675,-18.7631875,234.1513125,-22.6030625,-150.2620625,419.034,259.0221875,86.239125,-351.461625,31.31,224.1171875,-77.134125,348.94925,355.976125,348.5855625,88.4803125,373.926125,96.2864375,330.113,652.555,38.022625,373.3249375,133.2966875,58.3470625,217.0628125,-41.2951875,-150.2816875,391.3275625,-109.6450625,264.58775,219.8138125,55.584625,48.5714375,112.4605,-51.65875,-39.017125,-58.4746875,145.6610625,-65.1955625,-68.3155625,40.2288125,117.01275,130.1090625,365.9169375,234.87775,-332.967,255.5486875,157.19025,15.9325625,124.3528125,260.5216875,-272.0055,187.6750625,-89.691,59.70575,171.6103125,-187.8516875,173.371875,260.6233125,259.152,-147.47875,244.7654375,62.2609375,114.3191875,244.01325,11.6459375,-143.4575,91.401,351.8705,297.981375,208.67225,371.1505,12.9821875,282.8671875,241.5185,-8.859875,241.118625,428.4700625,122.08225,-61.5560625,-40.0729375,161.549125,210.9550625,359.952125,208.739375,47.072875,193.8258125,242.634875,228.4948125,229.5064375,105.632625,94.89725,227.9275,112.7056875,267.006875,26.56675,151.0024375,99.884875,343.4136875,2.236875,477.1363125,-44.939,431.0616875,225.824625,125.8485625,-97.4860625,232.5141875,437.669125,279.247625,93.2163125,420.6209375,349.752375,-43.8035,10.7903125,403.959375,271.703125,440.8785625,76.7888125,133.9403125,231.4281875,153.7169375,-27.598875,357.023,110.36175,167.9014375,26.5115625,32.4914375,329.4006875
4.052468887189744,500.5920625,114.9625625,324.072875,-47.273,183.5196875,-98.0683125,-108.7281875,460.2871875,334.8758125,60.7914375,-359.2020625,15.081875,181.5340625,-83.522875,328.2529375,327.2111875,335.8978125,54.8171875,361.0483125,130.651,340.036375,634.8210625,38.7765625,344.6545,111.5778125,47.485875,234.296875,-31.644,-153.7264375,384.9470625,-63.972375,249.7746875,213.8586875,132.094875,22.549875,75.75675,22.4049375,-76.3988125,3.1699375,195.4791875,-81.5623125,-26.7155,1.9208125,86.20275,143.033875,437.473625,232.943625,-249.15925,248.951375,173.8113125,16.615375,137.9196875,271.5134375,-240.6661875,238.3795625,-90.440625,26.9863125,235.577375,-216.2300625,187.816625,215.104,241.9044375,-128.737625,313.792375,88.759625,41.9291875,247.45875,42.5355625,-72.765375,117.2569375,410.6255,318.389125,212.443625,378.4574375,-64.424375,305.4785,282.68875,-36.8935,210.3480625,440.1648125,103.9783125,-38.6275625,-14.49625,198.8361875,212.15425,345.242125,218.35575,-29.1204375,126.5494375,203.0196875,242.2161875,269.18025,106.5536875,128.5115625,243.4623125,123.3946875,202.7995,17.155375,124.2174375,63.57025,368.6409375,-23.7071875,470.422125,-48.7879375,434.592875,215.87625,144.219625,-98.764125,291.682375,393.3430625,241.5020625,46.84575,414.49225,364.419,10.7181875,20.9485625,392.3796875,302.039375,418.69825,46.341375,134.3894375,272.3643125,147.096,-13.1719375,327.7565625,115.2021875,115.7086875,48.395125,-10.01775,392.0753125
4.056541409911827,505.89025,137.8925,343.1013125,-85.871125,149.4145625,-185.6015625,-76.7585625,485.9895,413.0970625,82.8846875,-358.242375,8.15975,156.112625,-98.65425,291.1120625,304.3085,324.3745625,25.4398125,349.4373125,166.07475,348.6939375,583.64225,46.2754375,326.2576875,109.67075,29.479,238.9909375,-7.7928125,-136.2934375,378.308,-27.6040625,238.806625,217.8450625,194.3425,4.8253125,23.1729375,83.25375,-107.3156875,77.89575,237.0643125,-89.0720625,18.941625,-38.594625,42.4726875,174.2588125,510.49775,235.540875,-156.3878125,237.3715625,176.0374375,36.1003125,174.4731875,270.9246875,-215.1888125,286.8451875,-70.4678125,12.7064375,289.608875,-216.5420625,205.323,177.29075,227.8181875,-106.4249375,373.4515,106.1375625,-22.017375,246.3446875,83.149875,8.6625625,117.756625,461.3150625,348.071,222.6510625,367.4633125,-137.4311875,300.2298125,317.3765625,-50.220375,173.0565625,444.166375,113.7185,-21.778125,17.22,228.582375,187.76975,334.11375,210.7364375,-91.643125,52.4375,150.8169375,270.3558125,307.3921875,74.87875,152.0038125,232.782375,150.802625,152.7074375,26.6925,96.2621875,22.6889375,364.248125,-43.6074375,451.1991875,-43.8964375,446.1621875,188.843375,170.1679375,-106.2979375,326.3648125,355.6926875,206.3211875,19.825625,409.6041875,358.2545,60.250625,23.0463125,375.6979375,325.756,430.3394375,20.146375,125.944875,305.251375,146.5635,-6.0108125,291.5135,101.45925,85.493,76.3398125,-36.2181875,424.6799375
4.060613932633896,499.1025625,162.99925,359.6815,-122.9835625,135.153625,-278.0201875,-50.16525,498.38075,481.9485625,133.9109375,-349.6919375,9.76075,144.5991875,-106.2914375,255.01725,296.2644375,318.8105625,6.8324375,352.337875,187.76625,344.3545625,516.801875,60.6694375,325.431625,116.0653125,12.5475625,226.5254375,30.6675625,-108.2594375,362.158,5.56175,233.50625,222.1879375,234.503125,-6.8438125,-27.270375,127.302,-119.05925,144.703375,265.30875,-91.4585625,69.482625,-77.1938125,-2.47175,217.48225,571.6311875,231.5005,-70.8598125,229.948375,156.7564375,57.509125,222.98775,253.887,-192.54,320.120125,-39.398625,19.3855625,328.8115,-200.7309375,229.609875,156.2351875,219.0785625,-92.292125,417.616875,108.297375,-60.93625,248.1606875,123.3829375,73.0641875,94.5039375,494.998875,384.147375,230.9061875,346.2723125,-196.749125,267.81925,343.4919375,-44.3683125,132.5105,438.8801875,150.5781875,-16.5464375,49.3565625,240.625,143.474375,321.6709375,191.74825,-133.10625,-20.3046875,98.0050625,309.37975,348.2585,23.223375,163.550125,214.9985625,197.6685625,110.9273125,39.6090625,73.7345625,-27.303625,339.6891875,-51.180875,434.078125,-22.5825,470.7,152.8088125,191.9066875,-129.5265,338.394875,327.927875,180.375875,19.79875,410.4880625,348.1229375,95.87675,17.601375,351.75425,334.3809375,458.1138125,5.5415,113.2966875,334.8881875,154.9606875,-14.959875,245.3445625,72.1329375,79.1975625,104.91075,-37.914125,421.386625
4.06468645535598,479.7695625,194.846875,367.9454375,-147.7281875,136.2590625,-355.694375,-20.0318125,502.991125,531.775625,191.394,-332.3736875,19.0024375,133.5199375,-100.0130625,224.8874375,299.4885,320.4424375,-1.588125,369.464875,193.6848125,324.1416875,460.2483125,85.8509375,337.032125,115.775375,7.939375,198.97475,76.683125,-77.73475,332.2568125,40.723625,232.310375,220.8351875,258.0998125,-12.73,-67.777625,156.359625,-106.7436875,186.4544375,278.8070625,-96.42275,121.776,-106.536875,-40.0709375,260.772125,615.4071875,208.86475,-1.3166875,227.0466875,121.934875,64.4983125,274.3429375,213.9908125,-160.102,331.7609375,-12.2305625,44.7751875,359.9078125,-178.0739375,259.061125,163.652625,226.14575,-88.7741875,438.943375,98.10775,-68.31175,253.9690625,163.602125,103.1406875,52.4326875,508.8845625,420.84175,228.91875,325.992625,-240.712625,219.590625,362.1711875,-13.835125,91.07075,419.8320625,203.026875,-22.6521875,75.3508125,233.8423125,93.1976875,303.4836875,175.7560625,-147.9486875,-85.1658125,51.28075,346.4493125,394.8926875,-36.1845,166.2210625,208.208,254.264,73.0999375,41.3946875,67.5015,-87.1944375,315.8828125,-37.2463125,421.846125,13.19825,496.76325,122.4845,211.866625,-164.8419375,333.739125,301.3620625,162.3569375,46.1455,416.0883125,358.545125,112.144375,12.737125,321.0194375,325.044125,476.0060625,7.35925,104.772125,362.97375,173.641125,-36.0505,193.9284375,43.0013125,90.7269375,127.7861875,-15.0813125,389.6926875
4.068758978078049,442.8593125,226.7196875,362.094625,-152.8320625,146.013375,-400.2495,17.0420625,502.1535625,559.2785625,241.4691875,-307.1426875,32.774625,108.913625,-82.219125,196.9475,300.732375,329.5888125,-6.970375,390.748,193.0624375,296.0906875,429.581375,122.78125,348.6829375,104.2144375,24.3468125,165.2226875,124.6834375,-49.9685625,295.3968125,75.037,234.089125,214.1895,276.964875,-11.7413125,-95.9336875,173.682375,-75.76425,196.733875,275.503625,-111.104625,168.72725,-122.50525,-66.257875,290.7245625,639.2020625,163.6838125,47.9690625,228.671875,86.5434375,51.566875,318.981375,155.216375,-99.755375,324.2559375,1.0121875,78.361875,389.826875,-156.18225,287.803125,195.7326875,252.3733125,-90.9790625,427.924625,88.613,-56.501875,255.06175,211.0116875,101.55275,-1.84575,510.4568125,454.6953125,214.6599375,310.0713125,-265.24825,164.7864375,372.0155,35.5721875,54.4276875,383.3505625,251.4593125,-32.308875,97.809625,213.2368125,50.78675,278.984875,172.7946875,-137.3876875,-131.69675,8.6470625,371.0660625,447.5835,-99.7863125,166.3075625,220.1681875,308.31475,43.0381875,31.4560625,83.97375,-147.916625,309.2390625,-3.9800625,408.6921875,53.75225,506.145,113.4356875,239.90475,-191.705,323.97325,263.7435625,147.541625,89.0621875,420.19775,398.6833125,107.9439375,17.10325,287.03775,307.30325,471.4968125,22.402125,104.9209375,389.6715625,198.387375,-58.382625,141.9708125,31.65925,109.203,146.881375,26.841125,342.5445
4.072831500800132,387.40475,245.5628125,344.4933125,-135.7196875,160.947625,-406.85975,52.21,495.4419375,567.9531875,276.8645,-279.1695625,48.6884375,66.41425,-57.1889375,165.312125,288.9375625,344.4915625,-19.841375,407.398125,192.008125,266.30525,416.60425,163.5190625,351.0894375,84.779,59.9051875,138.017,171.3774375,-27.56925,262.616,103.06225,244.235375,204.73675,297.67175,-4.2115,-108.889625,179.6121875,-46.5823125,180.495125,250.6925,-131.1508125,204.609125,-124.2170625,-79.922625,297.3638125,636.4951875,99.8756875,75.90275,235.7321875,63.413875,24.966,348.0575625,97.7505,-10.6146875,302.838875,-1.6683125,101.838875,419.6795625,-148.57675,311.563875,237.318625,288.0520625,-92.5225625,381.2778125,91.8878125,-44.9786875,239.713625,267.0375625,82.4401875,-59.8635,509.542125,485.62075,194.01325,294.297,-260.953625,110.6054375,369.5245625,87.104375,34.3473125,330.0563125,277.5955,-34.7313125,132.3101875,187.98625,25.2143125,251.063,178.8760625,-108.1293125,-147.4940625,-31.6578125,386.7018125,498.072125,-165.1431875,172.8906875,250.06425,346.1660625,24.9855625,18.894125,119.3070625,-198.6114375,322.75975,36.4636875,386.57675,90.2075625,486.7094375,134.4604375,278.591875,-191.61825,323.5153125,205.3125625,134.42225,131.35075,415.6361875,454.6628125,86.4379375,30.007,254.9321875,297.36,450.2198125,42.14275,107.55075,414.5875625,219.976,-74.5266875,91.424625,47.0700625,124.43375,169.8956875,76.6373125,293.1439375
4.076904023522215,322.24275,243.550375,323.7960625,-101.7686875,173.5316875,-379.9461875,72.8334375,484.790375,565.1824375,291.0979375,-252.6235,71.895,12.3754375,-27.3995625,126.387,263.213875,359.4969375,-47.1545,413.7745625,191.741625,231.7543125,398.405375,196.8794375,338.5995,60.31375,102.1013125,128.311875,211.8966875,-8.4188125,236.908625,127.8156875,267.71175,195.2815,320.3343125,7.3996875,-107.710875,173.161625,-42.839625,150.9408125,200.513625,-141.5891875,230.5541875,-112.7385,-83.1849375,280.241125,602.4351875,24.4099375,87.6178125,246.2454375,57.119625,-3.7645,359.781875,64.3086875,84.920875,268.6295625,-12.623375,100.46175,445.4603125,-167.35675,328.438375,279.4721875,322.532625,-87.361875,307.7554375,105.43725,-46.3550625,205.848375,321.1211875,57.9065625,-109.3405,503.367,514.4448125,176.1985,276.777,-229.422375,64.3885625,351.825875,127.5095,37.5608125,273.097375,276.943375,-22.9365,189.954125,173.0474375,23.859625,222.4721875,180.6906875,-67.559125,-126.4368125,-67.7941875,405.146375,533.4060625,-221.727875,190.455125,294.00825,353.7738125,13.5358125,10.7069375,160.5520625,-231.2320625,348.526125,75.5921875,352.5735625,119.0976875,435.9716875,183.4750625,320.953125,-161.915375,341.8593125,125.8261875,124.3054375,158.953625,400.727875,505.1705625,54.7871875,40.42025,229.8004375,306.2110625,423.4349375,61.6179375,96.689875,430.6629375,226.4180625,-82.690625,47.212125,85.310625,134.22175,199.339,122.003625,256.1159375
4.080976546244284,254.8655625,226.0864375,307.777375,-63.6630625,171.137875,-320.39225,78.5495,475.273875,558.904375,283.6161875,-226.5461875,111.331,-42.859875,6.1925625,80.1225625,231.8714375,371.7375,-86.3678125,405.0595,191.954125,188.2856875,359.9245,217.2971875,309.5556875,33.75625,138.7763125,137.4419375,243.2248125,10.7555625,214.25575,161.08375,302.844625,188.9030625,345.4184375,16.41525,-98.0335625,159.44975,-67.03775,118.527,128.8451875,-135.5890625,254.3685625,-94.877625,-79.5808125,249.53575,545.6946875,-55.791375,96.5250625,257.0283125,65.689375,-25.733625,357.5160625,58.0739375,160.988,224.0425625,-17.8645625,73.3516875,463.7308125,-206.616375,333.61125,321.7138125,354.0683125,-70.9234375,226.187125,117.111875,-61.147875,163.9878125,359.0650625,29.962875,-136.66475,477.336,543.00725,165.591,257.99275,-190.4025,25.8736875,316.4400625,155.7055625,58.5848125,231.487125,258.452375,8.6834375,263.3715,176.338,50.2660625,198.0801875,166.2908125,-22.6920625,-72.2284375,-98.6975625,431.661,548.5456875,-251.8158125,215.4878125,346.417125,331.559375,1.328875,6.6480625,195.384,-242.1309375,375.5491875,112.4265,312.6239375,139.917625,363.8413125,247.938,360.5858125,-111.9091875,375.174125,35.7275625,115.9958125,168.8441875,378.9228125,536.1049375,25.910875,33.2925625,216.0479375,330.4424375,396.895875,79.361625,61.9860625,425.7550625,207.823,-82.116375,17.3880625,134.3264375,144.3780625,230.64825,157.7556875,244.5614375
4.085049068966367,181.547375,206.120625,300.6345,-35.411375,147.7709375,-225.1713125,84.3063125,467.8875625,553.2729375,264.706,-201.2616875,165.7953125,-90.671125,40.9255,30.4004375,199.8363125,386.145,-130.5009375,377.5961875,188.2641875,137.2124375,306.53225,221.4295625,270.102,8.0564375,163.00025,156.3161875,270.3501875,26.334125,190.8490625,209.8176875,346.0650625,185.8934375,376.9159375,15.7655625,-86.3731875,152.55425,-101.415375,84.1474375,44.627625,-119.0298125,282.1764375,-81.168125,-67.3713125,216.881625,485.80925,-131.0531875,117.62775,269.2836875,84.19825,-39.556625,341.2756875,61.8598125,204.7523125,175.3344375,-11.0506875,32.737625,476.836,-242.497,320.1985,364.65525,383.5356875,-46.009,156.273625,120.3689375,-81.2919375,131.4555,374.175375,-3.8904375,-134.7004375,422.1145,570.410375,159.329625,234.123125,-164.721625,-11.642875,263.3073125,177.0003125,86.12525,211.813875,231.64175,64.161625,335.25675,189.764125,96.70025,182.398375,133.5273125,16.3104375,0.210125,-126.6780625,458.447875,544.360625,-241.5105625,241.6301875,397.71825,300.1228125,-7.11325,3.2700625,218.01,-234.076125,390.7205,146.5785625,276.9669375,153.5660625,292.209625,308.649875,396.2355,-55.9173125,408.8931875,-52.6090625,105.415625,163.4708125,351.8895,543.5269375,15.395625,1.5315625,210.4823125,352.823625,375.49525,91.46875,12.346125,397.0005625,164.3760625,-69.107375,4.99375,178.89825,157.7705,256.8321875,187.22375,260.7861875
4.0891215916884365,97.19,189.3028125,301.9639375,-25.310875,108.1155,-99.907875,105.8745625,460.1530625,545.4285,247.061125,-178.7171875,220.739125,-128.2785,67.9951875,-9.10475,159.174,406.60725,-175.3565625,332.312,177.9305,84.865,255.3989375,204.52975,232.0889375,-14.93775,171.603875,169.6945,300.40125,29.9368125,164.431125,263.7876875,388.882,180.968125,412.969625,3.0630625,-79.7505625,166.0790625,-128.4751875,46.155,-41.9335,-99.1734375,309.66075,-79.758625,-40.4544375,191.20325,434.8139375,-195.0841875,154.8641875,287.7434375,107.4250625,-51.763125,306.4826875,60.993,216.7084375,123.7423125,0.6414375,-4.444,489.7159375,-251.6253125,284.2964375,405.0254375,407.1214375,-23.18975,110.2455625,116.918375,-96.9309375,118.949125,366.644375,-37.0875,-104.4469375,344.4585625,588.0464375,152.85125,199.6363125,-157.8821875,-50.274375,200.0245625,198.5024375,107.784,205.78925,203.798875,136.037,390.96425,201.740375,149.2916875,173.3569375,93.34925,39.691,67.11475,-151.9595625,471.4838125,522.881125,-195.568,260.3021875,434.0336875,280.998875,4.0948125,0.85625,224.807375,-210.7281875,380.8085,176.627,255.1111875,162.4311875,240.48025,345.7889375,423.322375,-4.8740625,431.7894375,-129.136,91.955,145.206375,315.4319375,533.9159375,31.3648125,-46.73975,195.9245625,354.485375,368.675125,91.3616875,-31.569,356.357,109.292375,-41.26075,5.4125,203.0099375,166.73275,270.578875,217.727,293.547
4.09319411441052,11.6414375,168.7825,304.618375,-30.2226875,66.169875,35.88875,144.6781875,455.3385625,527.692875,236.470375,-155.7291875,261.06425,-157.52125,75.1828125,-17.371,102.0198125,429.3343125,-211.806625,278.8614375,167.63,39.0781875,215.1198125,169.3326875,205.4019375,-33.06725,162.990625,165.738,332.0644375,16.060875,133.47675,297.9146875,415.3360625,168.1599375,437.59025,-21.654625,-84.1394375,200.07275,-142.3995625,6.75025,-118.1175625,-81.1276875,328.3744375,-94.3191875,-0.3575625,180.2175,386.94525,-253.5723125,200.7278125,311.438375,134.212375,-68.2801875,257.5361875,56.601,206.27575,65.0161875,8.2686875,-24.662125,504.3260625,-228.9526875,228.458875,434.5399375,423.05375,-10.0885,91.158375,113.9946875,-100.8833125,121.22675,336.3825625,-52.556875,-48.67225,262.1955625,588.4168125,144.9013125,158.68375,-161.9744375,-83.6153125,142.1018125,226.8736875,115.0100625,202.680375,182.6604375,204.424875,421.1788125,207.9218125,197.22825,169.593,67.024625,47.2730625,110.3898125,-167.4166875,462.733875,490.7945,-136.7871875,259.8829375,444.2115,280.98675,45.2745625,3.1081875,214.718375,-172.940125,341.174375,204.84225,252.9226875,169.939625,210.8618125,346.68975,429.5535,42.9861875,446.389375,-187.6871875,81.810625,120.33125,263.664625,512.984,67.856,-94.4001875,153.6745,331.072375,382.8801875,73.975875,-55.4505625,317.1289375,59.2194375,-4.581625,15.5391875,196.976875,157.1109375,265.79325,254.7665,326.47475
4.097266637132589,-52.083125,135.24825,296.269125,-37.3114375,39.2580625,160.3368125,187.1939375,460.58775,494.3618125,229.75175,-127.0363125,283.544625,-177.899375,59.3815,16.7654375,34.521,445.346875,-223.2044375,234.4948125,164.536625,5.2035,182.3514375,133.2629375,194.9083125,-43.908375,137.6595,146.8793125,356.2198125,-17.707875,99.297625,293.889625,412.917125,148.199125,431.7004375,-53.9130625,-98.878,241.40625,-149.697375,-26.0463125,-170.4775,-66.922625,341.4854375,-123.00425,39.5368125,185.76025,329.3909375,-310.52075,247.786375,332.356,166.02425,-85.182875,213.4020625,54.593375,188.620375,-1.7620625,14.648125,-23.148,520.890625,-189.6164375,165.862625,447.327375,438.3516875,-1.61575,96.121375,122.4145,-90.6830625,123.4653125,282.38975,-38.2906875,26.137125,192.850375,574.7684375,137.6965,126.8335625,-164.7816875,-101.2779375,103.7815,262.6069375,111.4030625,200.2563125,169.82775,255.5939375,422.9351875,209.0138125,231.56725,177.5063125,73.1126875,46.3758125,126.932375,-162.9069375,435.7793125,452.1350625,-89.32225,232.43875,427.81,296.1159375,106.97725,11.356625,192.0724375,-124.865125,278.465375,236.185875,271.1513125,175.6661875,191.102625,312.0614375,409.356125,93.8764375,462.995875,-231.7196875,82.40225,97.6300625,196.2140625,479.411125,107.01325,-126.3369375,82.6773125,295.9225,414.3524375,43.7988125,-59.2746875,284.138,23.62325,31.0415625,39.7995625,162.652375,118.6983125,239.927875,299.097,350.50475
4.101339159854672,-75.952625,86.6375625,268.8309375,-36.0975,30.7660625,259.1624375,217.54475,474.5133125,448.600375,219.87575,-89.6756875,294.537875,-185.210375,30.6011875,83.9208125,-31.16825,445.2489375,-199.7261875,213.979,169.575625,-16.324875,156.8856875,116.5153125,199.6845625,-47.05975,101.436125,126.1795625,364.5754375,-68.39975,67.1953125,258.1741875,383.25875,126.8856875,392.53525,-81.6010625,-116.654,273.6685,-161.71025,-41.855125,-190.2515,-55.1286875,360.14475,-157.09475,66.8461875,202.4085,258.5044375,-355.9818125,293.0720625,344.59525,198.3971875,-93.76825,186.296,53.783,175.51725,-69.5861875,32.6800625,-5.8941875,539.935125,-152.5909375,114.2795,446.5839375,460.8160625,16.591125,121.0940625,148.2309375,-66.886625,114.8544375,205.49275,-2.548125,104.9060625,146.6736875,555.797375,135.2555,117.1806875,-153.3999375,-96.7948125,90.538875,296.1445,108.235625,202.229875,161.2860625,292.153875,403.2428125,207.5839375,246.3180625,203.2146875,113.4458125,39.7471875,123.4315,-137.4129375,401.1216875,404.813625,-65.2050625,181.8961875,395.360125,321.9470625,169.3710625,26.3204375,164.1120625,-76.7761875,206.432375,271.8760625,310.6020625,169.40225,168.375375,257.53725,374.689125,142.2490625,483.9681875,-270.63725,95.7865625,81.323125,122.396625,437.857125,125.4431875,-134.8086875,1.2094375,266.860375,454.9179375,17.2086875,-49.5438125,258.5410625,4.1651875,62.5261875,81.03475,109.3138125,57.32125,193.3256875,344.9651875,363.48175
4.105411682576755,-59.83225,28.7669375,222.2864375,-26.6085625,26.3195625,324.62675,228.5560625,483.9314375,400.8553125,201.881875,-47.1281875,300.3316875,-179.2930625,-0.065375,158.264625,-88.0388125,427.345,-147.95275,218.84375,181.1464375,-31.3283125,143.427625,122.07925,212.3175,-46.465375,62.3476875,116.316875,357.914125,-120.3314375,42.902875,212.901,340.6101875,109.0035,335.099125,-94.730375,-126.5196875,286.0576875,-180.028125,-38.266875,-180.119625,-43.025875,384.02575,-183.7263125,83.5734375,224.123375,183.3838125,-378.2166875,334.9711875,347.2733125,219.62575,-91.213125,167.030625,47.1393125,168.208625,-122.1030625,71.46475,15.593375,561.0879375,-125.051375,78.6190625,437.6026875,487.5858125,52.8405,163.5370625,187.2440625,-30.6415625,94.74625,112.0826875,33.25425,168.6925,124.7786875,535.8960625,138.511625,127.029125,-116.946125,-70.929625,100.3983125,313.084875,110.4793125,208.788625,155.7764375,320.01425,377.3198125,205.497375,243.8663125,243.645125,174.500875,23.4721875,109.8338125,-103.1979375,368.1205,354.5418125,-60.216625,121.722,359.97125,353.9929375,218.935375,50.4445625,140.3410625,-38.7286875,139.5016875,309.5379375,371.4808125,139.710125,138.1380625,209.420875,341.316125,172.8498125,499.6988125,-308.184875,115.118875,71.39525,57.1449375,401.8953125,107.0765625,-119.905875,-65.6566875,257.217625,498.687375,8.8543125,-28.3174375,240.289125,-0.1016875,91.8503125,131.1591875,49.280875,-3.06375,128.8156875,381.870375,361.9819375
4.109484205298824,-19.74325,-25.23325,160.346125,-12.7805625,12.606375,354.7300625,223.52075,473.759,359.080375,171.4545625,-14.217375,304.7815,-167.9516875,-22.945375,211.7275,-133.01125,401.7198125,-88.348125,241.6996875,196.748625,-49.4234375,139.5246875,134.2758125,226.289875,-46.772,26.4665625,123.768125,346.384875,-151.36,29.258875,173.3608125,304.3715625,97.808625,275.9519375,-94.6713125,-116.0159375,278.3731875,-192.4628125,-22.2828125,-153.962375,-28.4055,400.2115625,-189.9723125,102.9529375,244.3563125,117.2910625,-379.2576875,371.9055625,339.433625,221.814625,-84.0586875,137.8055625,31.2535625,166.538375,-139.7484375,127.937875,35.003,580.917875,-104.8649375,49.76075,421.537875,508.2946875,101.3450625,218.73625,228.6023125,14.5595625,67.243125,16.5104375,59.5616875,205.3556875,120.773,511.9295,141.6176875,140.0440625,-52.9505,-30.767375,124.1541875,307.0335,115.9501875,215.078625,152.8453125,337.593375,358.2621875,199.812,231.301125,284.9745625,237.1090625,0.5273125,94.721125,-77.5831875,343.05675,317.057125,-60.4738125,69.8850625,323.4913125,385.466875,250.006,78.348625,132.91175,-14.3651875,89.777625,348.3885,448.00625,88.6818125,100.5821875,192.3096875,312.912625,177.629,498.20625,-338.3348125,127.997625,67.8383125,12.9729375,381.810875,54.3496875,-89.8828125,-99.0921875,273.964625,539.4570625,20.4101875,5.7520625,223.564125,7.069,116.88575,174.5589375,-7.12775,-34.9384375,54.965875,402.30075,344.5169375
4.1135567280209075,24.847875,-59.302625,90.92825,6.4999375,-9.5174375,354.2879375,213.966875,439.475875,321.452625,124.4318125,-8.37675,311.088625,-156.8546875,-23.9791875,231.3835625,-162.800375,382.0883125,-39.927125,278.8499375,213.6345,-76.654,133.204875,132.370875,238.2903125,-45.5863125,1.313625,146.1343125,338.2610625,-153.0743125,25.2309375,142.255375,286.7951875,94.3604375,222.9544375,-88.117125,-77.229875,260.1574375,-184.229375,-2.5086875,-123.909625,-9.72075,402.879,-166.3154375,133.87375,257.793625,69.90775,-371.701875,400.632625,321.10075,211.68725,-80.29975,90.1054375,14.79325,173.8879375,-111.44925,190.661625,54.9635625,592.9158125,-89.6618125,20.5110625,396.7755,512.647375,147.34475,276.3453125,263.636125,64.593625,37.4985,-65.2819375,84.508,217.606625,126.493625,481.5396875,136.5900625,143.6020625,31.0343125,12.23125,146.2855,288.233625,123.89525,217.121125,149.216875,338.7284375,350.2725,185.8415,217.0153125,308.339625,280.779875,-13.5288125,83.0211875,-69.90575,329.5551875,299.985625,-54.707375,44.776625,277.62425,410.50375,259.455,98.63225,153.54775,0.9845,68.2781875,389.9488125,526.487375,32.580875,58.2845625,216.302375,282.999875,165.6444375,473.1386875,-352.1233125,125.690875,69.7755,-7.367,379.3940625,-14.9658125,-59.0083125,-93.437125,312.2614375,568.91475,44.9858125,49.685875,203.4843125,18.2894375,131.20625,201.2626875,-56.7598125,-22.906625,-13.7975625,406.1335,315.2471875
4.117629250742977,62.54075,-65.776625,29.5155,31.5839375,-28.5266875,339.371375,212.069125,390.3679375,278.0283125,65.56275,-34.8578125,322.9574375,-139.9135625,4.47825,225.0789375,-173.6030625,373.8018125,-5.3766875,327.7455,229.925125,-108.6310625,115.630375,100.869625,240.1645,-38.7826875,-0.6883125,176.0649375,332.778375,-136.4570625,28.601375,117.4378125,281.911,90.8263125,179.49175,-78.2714375,-10.14925,241.8285625,-149.281875,14.042125,-92.749,15.1784375,400.2989375,-112.1858125,174.0299375,270.0749375,44.12525,-364.322375,420.3289375,294.812625,203.051375,-76.0453125,33.2523125,12.440875,191.75225,-42.2784375,247.80675,79.0476875,590.01275,-76.831125,-5.0345,360.1038125,490.8858125,177.9899375,325.31925,290.8574375,117.7593125,14.2831875,-123.4808125,113.846625,217.4415,136.8816875,454.5783125,121.3818125,139.9245,121.763875,45.6678125,152.374,275.3024375,136.9726875,213.9325625,143.1796875,318.6951875,352.469625,165.170875,212.4541875,299.5269375,290.880625,-7.975125,77.2549375,-71.75475,324.173,295.971375,-42.481125,55.7671875,219.7885,424.549625,246.8855,109.18025,203.106625,15.9663125,81.6775,435.7066875,585.8480625,-7.451,20.4425625,274.243125,246.110375,152.7670625,429.0380625,-345.34875,107.9501875,76.122625,-10.87675,392.6116875,-79.8705,-42.6051875,-57.5628125,354.384,584.248,73.815875,95.061625,185.549625,28.6769375,131.592625,212.0078125,-97.434,32.38925,-64.7486875,398.268,281.3949375
4.12170177346506,88.455125,-48.558875,-5.7295625,54.3181875,-34.4175625,335.8141875,220.80225,341.9450625,221.94875,9.527125,-82.9445,343.2545,-107.7004375,54.92125,213.1891875,-168.0974375,370.654125,19.6658125,375.532625,248.403125,-133.403625,92.25625,36.6225,219.7098125,-31.7701875,30.281875,208.41575,325.2006875,-115.11325,40.49075,94.123625,273.8558125,69.2423125,149.190875,-62.1725,77.0044375,226.7415625,-94.42725,20.7689375,-59.6368125,47.374125,400.674,-39.066625,217.895125,291.68975,35.7991875,-355.741375,438.741375,260.296125,203.1100625,-60.3933125,-15.484,30.1811875,217.988375,45.6489375,290.1061875,103.679625,567.321875,-58.5798125,-14.6550625,310.25575,439.7156875,190.14675,358.8759375,310.5263125,174.11,5.392375,-154.5235625,140.2809375,216.767625,151.629375,447.18525,101.282875,138.5766875,201.33025,64.118375,137.6774375,276.299625,155.6430625,203.764375,138.68475,278.8694375,363.2835625,143.25975,225.792125,256.892625,270.8126875,7.873125,76.4434375,-64.786875,316.797125,294.434,-31.5495625,95.7605,154.839125,424.8978125,218.818375,117.179,265.3054375,36.5316875,123.8085625,483.0501875,608.6335625,-16.997375,-1.6318125,347.2813125,201.732375,145.5499375,379.5758125,-319.3030625,80.95925,88.8733125,-3.133625,419.2884375,-124.9060625,-50.635625,-5.9085625,383.9365625,595.70625,97.903375,131.4879375,180.8204375,39.75475,121.202875,207.29825,-118.5619375,117.020125,-91.7739375,382.212,250.795125
4.125774296187129,104.0046875,-16.526625,-3.842375,65.2671875,-29.0136875,360.876375,237.0785,301.434375,161.2399375,-31.5918125,-136.1254375,367.8143125,-57.797125,116.70425,218.4238125,-160.1704375,361.4923125,35.0928125,407.0121875,276.1531875,-145.0310625,79.3426875,-44.8548125,172.361,-33.02625,86.92125,239.37125,311.825875,-92.569,61.925375,71.543375,254.8566875,15.8080625,132.7239375,-33.9995625,168.504125,211.2099375,-36.2486875,13.9103125,-26.813125,85.7115,401.2196875,35.4585625,261.8635,320.5334375,38.90675,-340.665125,465.916125,218.5664375,210.9536875,-30.2695625,-44.792,63.2975625,246.8230625,124.3489375,313.0294375,117.8298125,525.3388125,-23.0031875,3.173375,251.3255625,368.2830625,185.404375,375.157625,323.630125,235.6078125,8.762625,-154.634125,155.74625,224.6525,169.8924375,460.6454375,83.3824375,147.18475,250.4316875,73.6820625,110.7,286.0140625,177.6825,184.1580625,140.8803125,232.5824375,381.0390625,124.291625,252.0830625,193.6615625,240.636125,17.4236875,75.328625,-40.9385625,301.2835,290.6419375,-26.713625,149.0731875,89.25325,417.222875,187.724,125.3220625,317.4685625,63.5936875,175.74925,525.7211875,597.254625,2.642375,-0.294125,412.4926875,151.747625,142.5285625,336.83025,-277.855875,56.52425,107.744125,15.49125,457.977625,-143.326375,-82.4883125,52.5365625,398.806125,617.41525,111.879625,149.089625,197.4476875,54.56125,106.0043125,185.7925625,-106.17225,208.9661875,-93.684,359.6453125,229.1355625
4.129846818909212,120.04875,22.6903125,31.7898125,65.2811875,-19.5229375,410.3625,259.7718125,262.620625,114.2419375,-56.4816875,-182.1593125,382.9053125,5.50425,183.1400625,253.80175,-165.4018125,340.0960625,45.8788125,418.5253125,314.2476875,-149.314,88.741875,-116.87975,107.64425,-38.7635625,146.862375,264.7299375,292.4085,-66.8214375,91.39325,58.4106875,230.553625,-64.6723125,128.05975,5.9965,245.9650625,190.37025,7.518375,-3.6824375,1.2971875,132.21875,393.629875,98.5256875,300.97075,340.5355,46.322375,-314.97725,501.7300625,178.7499375,221.82125,9.435625,-50.407875,108.7524375,268.6020625,176.8045625,321.3080625,110.205875,470.993625,39.4150625,50.1620625,185.6675625,289.63225,166.2105625,375.4184375,336.0216875,304.8025625,13.283875,-116.9566875,161.187375,241.9211875,185.006375,478.8923125,71.4143125,168.2680625,257.2915,83.7850625,83.5159375,299.1101875,202.4104375,157.6711875,148.413375,201.1088125,402.3903125,111.2640625,275.4484375,128.9948125,216.717625,20.3475,68.8424375,-8.5680625,280.2150625,284.7351875,-25.9458125,204.9009375,34.338375,415.0899375,165.2746875,129.6765,345.8171875,96.062125,221.531625,559.9606875,570.7656875,38.21075,30.4838125,453.9949375,100.0933125,141.5646875,305.40875,-227.598875,50.508125,126.3495625,40.1469375,505.292875,-139.3426875,-126.188875,112.7061875,408.29675,650.667,120.85325,143.7285,233.192375,71.9333125,91.7655,153.2645625,-58.4126875,288.702,-73.0894375,333.979875,217.95275
4.133919341631295,144.6839375,61.6218125,83.3193125,64.194625,-9.18225,466.3195625,286.956375,216.7859375,93.357625,-65.55925,-213.6260625,375.3329375,73.7531875,245.0330625,317.217125,-186.9144375,308.443,64.422875,412.8501875,351.085375,-156.403125,118.0298125,-158.75825,41.867875,-34.995875,191.3725,280.732875,273.1828125,-40.3755,129.236875,62.275375,211.677875,-152.4596875,134.5823125,46.4600625,294.9903125,164.206625,26.6555625,-25.56775,22.4820625,194.7096875,375.68425,144.4998125,328.989875,339.8953125,46.350375,-280.0656875,538.9421875,153.48775,233.4710625,54.400625,-33.841625,168.7295625,272.265625,203.1065,327.7638125,79.2180625,415.304375,128.0968125,115.4331875,110.37875,212.766375,137.35025,363.1145625,350.3225,374.699125,8.8548125,-41.423,162.06275,261.3948125,188.2375625,486.8134375,63.0975,196.627375,226.5005625,99.5219375,57.5779375,315.64575,227.9156875,131.2945625,155.7648125,194.3094375,423.79425,102.3795,282.7464375,72.5278125,199.8006875,36.8309375,57.3188125,19.001,256.3938125,276.1661875,-24.85875,257.9313125,4.29125,426.192125,155.2588125,133.7771875,349.2624375,133.5393125,256.747125,584.746875,546.0118125,75.7210625,91.9808125,470.4059375,54.2309375,139.4450625,284.04275,-181.378625,74.918625,140.3149375,57.962,552.82025,-123.2175625,-166.7926875,167.7843125,423.0286875,681.0450625,138.56375,122.1721875,273.767125,85.6753125,81.6591875,120.4676875,8.4974375,349.081625,-37.47425,306.9435625,215.2886875
4.137991864353364,170.8098125,89.755375,130.33925,70.8141875,0.2025625,511.65625,311.6386875,163.9555,96.421625,-52.59,-227.254875,346.7360625,136.200625,291.52225,397.109625,-212.6424375,272.255,96.19025,392.757,371.4115,-174.541125,154.1044375,-163.30625,-14.1713125,-17.561,214.4954375,282.6828125,261.70425,-20.7025625,176.950125,80.779625,204.1773125,-225.4990625,151.1489375,72.7245625,312.8131875,135.595125,22.976125,-46.7076875,40.833375,276.504,355.4735625,170.5376875,341.9993125,323.78025,24.6246875,-246.432625,572.7659375,150.5243125,249.1890625,104.2746875,-1.6639375,239.304375,251.108375,214.6431875,340.7376875,33.5880625,369.0611875,230.843625,178.7343125,24.9078125,144.495625,102.8159375,346.1545,361.89125,424.9503125,-3.6538125,56.1910625,163.8850625,275.9910625,174.259625,478.9985625,49.2420625,224.009125,178.108625,123.37275,26.900125,337.2099375,246.7465,109.59775,159.955375,201.888125,443.0469375,90.377875,273.099625,19.91725,183.2376875,84.9006875,44.28775,33.4105,225.3708125,262.8031875,-19.0333125,304.2504375,3.8388125,446.286375,152.977125,149.9265625,331.408875,170.368875,279.3470625,597.4481875,528.116125,103.2619375,169.4656875,470.905625,21.1528125,134.07125,269.918625,-152.359,128.3911875,153.59125,57.548,588.634625,-100.0019375,-197.3933125,210.32675,443.662,691.2308125,175.6213125,98.7534375,306.6919375,90.8305,74.6165,96.3760625,70.9884375,393.26575,0.8988125,276.9676875,219.0826875
4.142064387075448,183.676,100.0650625,162.276875,86.597375,6.1056875,539.1179375,324.335875,111.3741875,110.8055,-12.2198125,-225.2570625,314.5684375,183.7488125,320.0875625,476.0496875,-226.0165,236.3716875,134.4064375,364.0958125,370.821625,-210.0525,180.6066875,-134.12575,-53.578625,1.480875,216.6983125,267.19175,258.773625,-11.1936875,231.5135625,103.9251875,208.4655,-271.867875,172.2709375,80.386375,308.3396875,108.6710625,7.198,-62.3543125,67.1339375,367.230125,346.51875,178.0421875,338.3171875,305.55125,-25.1898125,-225.858875,599.4805,167.9611875,276.1535,163.579875,38.25325,308.2075625,204.4544375,224.8275,354.7948125,-14.216,336.5245625,334.2910625,218.564875,-65.2171875,89.346875,67.373875,335.172625,366.8733125,437.30925,-14.3281875,152.990375,169.20975,279.408875,143.8988125,457.5958125,20.830375,245.93825,131.405,155.814625,-8.720875,364.2581875,251.4398125,95.718,159.434875,207.5395,458.1729375,72.2284375,257.1145,-35.1810625,159.271875,157.815625,30.70975,32.79575,181.5205625,245.8138125,-7.3530625,341.5595,19.5523125,462.7306875,154.002125,185.45125,292.9528125,195.8985625,287.9649375,596.727625,517.717,110.7759375,238.102375,466.5985,-0.575,129.1935,258.1083125,-142.1946875,194.7051875,168.9305625,41.6674375,599.64975,-67.231,-220.466625,235.0529375,460.829625,677.843,230.1810625,84.913,332.176125,86.6443125,67.8808125,86.5218125,114.3274375,419.6465625,27.1795,245.2330625,228.9483125
4.146136909797517,178.402375,95.6825625,176.387625,105.0439375,8.5240625,550.13575,322.4105625,66.8771875,127.2521875,50.8090625,-209.7726875,299.2064375,215.084,339.22275,534.4088125,-216.1365,203.084875,167.2058125,333.6935,355.3334375,-262.819625,186.645625,-81.6039375,-67.879,10.7833125,200.387,233.8784375,263.1863125,-2.1005,282.6525625,122.6454375,227.1465625,-294.257375,190.0620625,79.0045,289.3319375,89.5380625,-10.110375,-67.1484375,109.158,447.034375,357.6726875,174.171,319.1365,293.9768125,-89.1244375,-221.1146875,617.6585,194.2186875,319.739,237.3613125,77.3784375,366.770375,136.7935,240.1758125,359.04175,-52.25975,311.51125,431.206625,223.7906875,-149.452125,46.345875,40.608125,333.8835,362.797125,408.346125,-19.21075,233.3171875,173.855625,266.8324375,104.902125,431.5364375,-19.3084375,259.9691875,93.1575625,192.35375,-43.4865625,394.234375,242.0555625,93.8005625,155.5844375,201.86975,467.0979375,55.05175,247.0645625,-90.3553125,117.56475,232.7,13.2045,21.9793125,128.944625,230.9574375,6.542,370.8128125,28.83875,458.4784375,157.055,237.261,235.87875,206.3370625,287.6535,589.7455,519.9168125,100.4415625,285.916125,464.472875,-18.9,130.0101875,242.4158125,-136.748625,252.1595625,180.899625,27.8174375,581.6558125,-25.0885625,-239.3311875,240.6168125,465.798875,649.1545,287.228625,83.6233125,356.862125,75.2043125,60.97225,92.3861875,138.511,415.883125,29.4135625,218.57725,243.960375
4.1502094325196,166.3299375,84.1131875,172.3523125,118.720375,13.47175,544.4474375,310.7315,36.83425,148.416375,119.9275,-178.3911875,308.4551875,236.145625,361.7196875,560.6570625,-176.262,170.577625,185.9430625,302.86475,333.0284375,-322.454375,172.559875,-16.2063125,-57.051,11.8250625,170.9635,184.083875,276.8850625,23.9563125,316.4395625,133.9785,267.7765,-298.9778125,199.6440625,82.52825,255.7275625,80.0733125,-21.7301875,-57.485625,160.7825,500.7549375,384.334,164.882,288.3125625,292.157,-138.20425,-226.1460625,627.8383125,213.793125,374.3939375,320.5998125,104.7951875,414.5494375,58.5641875,257.117375,349.000875,-73.0739375,285.245375,518.2118125,196.014375,-217.1416875,10.793,32.6441875,334.0545625,346.8930625,347.3430625,-23.926875,289.6828125,172.345375,239.9085625,67.136,410.4079375,-56.664875,265.7749375,60.82775,228.0798125,-74.5761875,418.8815625,224.6883125,103.17125,154.9831875,182.2399375,467.673875,48.88275,244.929125,-140.1013125,54.4649375,292.4176875,-10.8316875,8.3721875,77.74375,223.7374375,16.354875,393.4405,19.764,425.3735625,159.4521875,297.104625,171.5838125,203.2898125,284.991,591.4436875,536.6110625,90.7715,320.8221875,466.97925,-37.7785,133.306625,220.89675,-116.6368125,286.6860625,187.32775,31.843875,547.1865,14.7521875,-250.287,235.213625,456.02875,608.85425,332.5285,94.292375,384.777125,64.9991875,52.926625,109.1635625,150.6034375,375.58275,4.0151875,202.71075,262.2161875
4.154281955241669,160.881875,67.352875,152.3550625,127.08325,30.276,514.457375,292.922375,22.7763125,180.0419375,175.9540625,-131.0848125,333.730375,253.0389375,393.3214375,555.1609375,-102.9963125,133.0805,190.3610625,270.8211875,310.343375,-376.6138125,150.3884375,55.967625,-35.2620625,11.5650625,135.711625,126.1415625,297.946,72.398375,325.447875,135.3805625,334.367625,-288.069625,201.8513125,96.8054375,209.8755,73.837375,-20.268375,-32.529,207.968625,527.8406875,410.4906875,152.332125,250.0335,297.97725,-148.618875,-229.6455,622.6545625,215.97975,425.9605,400.427625,117.2441875,451.7688125,-17.612125,269.25625,327.5576875,-75.689625,259.18325,591.6278125,142.575125,-261.80825,-22.434875,45.579875,324.7328125,317.7310625,270.7274375,-34.455125,317.1396875,163.4876875,205.5544375,32.1651875,397.0131875,-77.90225,268.573375,28.3026875,264.92075,-103.5256875,428.4230625,206.5894375,115.1035,160.8645,153.3233125,456.852875,58.587375,241.8125625,-183.343125,-13.991875,331.2386875,-36.99025,-4.7889375,35.342125,222.635,16.419,407.2443125,-3.61425,376.5909375,158.1556875,357.75325,118.5095625,181.253,281.606875,610.5104375,555.5615625,97.7721875,355.1556875,475.3273125,-55.262125,132.29275,192.5381875,-73.3780625,295.5161875,197.6771875,54.5625,514.7984375,37.9674375,-243.3315,232.4534375,437.803625,554.2933125,364.608375,118.1865,416.0960625,65.14675,42.5390625,128.2389375,156.5296875,308.0516875,-41.194875,195.76675,279.7843125
4.158354477963752,162.3865625,42.6076875,119.20275,136.4615,63.1289375,456.7103125,270.3355,18.1684375,218.4359375,210.18475,-77.2543125,363.47625,267.5131875,425.515125,521.726,-5.631625,88.3645625,185.9014375,244.0501875,288.4509375,-418.495125,135.714625,129.475125,-17.1188125,15.2905625,102.678625,75.2869375,316.9704375,133.004625,317.1438125,121.461875,418.73675,-264.950875,202.156375,119.6329375,160.5556875,63.4335625,3.094375,3.306625,242.3015625,537.1344375,419.2690625,141.02425,211.255625,302.147375,-115.4349375,-217.955125,592.9690625,201.6711875,462.656,464.0879375,127.6536875,477.066875,-84.719375,274.9290625,299.3474375,-60.3076875,241.093,645.8853125,74.589375,-283.3685,-57.4529375,68.4110625,304.83075,271.896875,199.8553125,-52.49175,313.6281875,144.43425,176.7675,-7.71675,389.953375,-80.9610625,275.03,-9.7249375,306.33025,-127.466125,423.2545,189.357,120.104625,170.1315,127.894375,430.0923125,84.8535625,228.579,-219.0653125,-62.687875,348.5165,-55.280375,-17.7039375,7.238,222.6599375,6.0654375,408.587625,-31.62675,336.967625,154.325375,411.3631875,90.56525,132.233375,274.43375,635.454625,558.60825,121.3095,390.404125,488.5580625,-72.5389375,129.6950625,155.71275,-9.0838125,280.600375,221.594625,84.6856875,496.0063125,41.283875,-214.548125,238.227,424.375875,488.4415625,386.1125,155.9805625,445.671,72.675375,35.9219375,144.2923125,159.8255,227.7348125,-85.969375,194.443875,288.7783125
4.1624270006858355,160.324375,14.191,73.2991875,151.1433125,108.106125,382.95875,247.1914375,15.9295,251.000625,225.478375,-30.0909375,393.2365625,276.1869375,443.0675,462.9553125,90.172375,42.9196875,175.809125,232.7389375,262.4475625,-443.1529375,135.8536875,198.852625,-6.376375,26.17175,80.835875,41.8476875,324.6488125,195.7716875,308.958375,91.8650625,501.5520625,-236.7090625,205.907,148.3321875,116.2309375,48.9409375,52.8395,40.0394375,260.822625,535.7989375,402.1305,140.4041875,183.61675,296.1135,-51.2550625,-185.61825,545.4139375,181.2340625,481.2030625,503.3686875,152.5256875,492.8571875,-142.372375,274.9644375,267.9630625,-24.4230625,231.297875,676.3685,6.8395625,-287.4419375,-90.8506875,81.0954375,284.32275,205.294375,157.7419375,-73.041875,282.56475,111.3805625,170.0129375,-57.457375,390.7983125,-69.1570625,283.165375,-55.0585625,351.030875,-131.7493125,415.7921875,167.5301875,117.4399375,180.9106875,116.29725,384.7371875,127.7063125,204.2830625,-239.5768125,-79.1720625,343.6565,-56.2118125,-30.4023125,-8.859125,225.7313125,-10.0834375,396.3341875,-56.34525,322.705,153.1945,450.6465,90.8626875,61.0584375,258.94775,641.261,535.7549375,153.3345625,418.96525,503.075875,-95.54475,136.0423125,115.0483125,71.72275,244.66125,254.68275,107.41625,493.351,30.3958125,-172.1939375,249.7959375,423.4568125,424.3660625,394.0849375,203.350625,463.1495625,74.0203125,46.57775,156.14925,160.014,143.8164375,-109.725125,205.1506875,283.080625
4.1664995234079045,143.861125,-3.438625,17.463,166.2074375,154.404125,314.0050625,231.4534375,17.0360625,266.1775,228.9705625,2.859875,421.2845625,276.0191875,438.874875,384.334,157.0354375,7.0824375,158.1836875,235.6475,227.48,-448.115875,146.8505,262.848875,-1.987125,44.775125,77.3771875,28.6553125,319.91525,255.716,312.2204375,59.0875625,563.4090625,-209.220125,218.0285625,179.3026875,82.1695625,34.430625,120.258125,68.388375,262.0283125,523.6191875,361.7735625,155.222875,178.6023125,283.6118125,22.937625,-143.684125,497.74925,165.40325,483.336375,518.7974375,193.5906875,505.3486875,-190.286125,269.498625,241.2290625,31.0551875,221.34575,680.1264375,-49.432625,-277.372625,-110.5618125,68.55725,272.7771875,123.5660625,161.005625,-85.88925,230.8700625,71.5438125,192.4443125,-112.864125,403.51525,-42.355125,279.2934375,-102.77725,397.2145,-97.8796875,417.037375,138.925625,115.937125,190.0283125,115.6174375,325.6211875,184.3161875,173.5914375,-236.608375,-69.95175,318.67225,-38.897875,-42.1998125,-28.97875,236.8751875,-25.262,371.518875,-73.109875,335.4119375,158.34,476.58575,114.6573125,-13.8018125,233.59325,611.8345,489.7489375,185.382,431.029,516.14425,-123.312125,156.3375,83.4045,162.7156875,193.4488125,279.8360625,111.851125,499.013125,12.0071875,-127.269,262.325375,429.7336875,373.258125,385.387125,252.674375,460.909,60.4243125,83.68825,160.3629375,152.9249375,60.8436875,-107.87975,241.5235,262.8309375
4.170572046129988,109.188125,0.955375,-38.937875,174.848125,186.055125,267.6613125,225.8243125,24.55825,258.9689375,227.968375,21.6854375,440.762625,270.1620625,421.859125,295.400875,182.904875,-13.3713125,131.1965,235.9515625,185.1431875,-439.84175,158.4005625,325.1870625,-8.0034375,69.8795,95.9924375,35.5765625,309.6184375,304.7956875,318.98575,43.4870625,597.9608125,-185.655625,243.7263125,204.3275625,59.371875,18.404375,187.87425,85.5613125,252.16925,497.006375,310.3325625,179.27025,203.2628125,279.6475,88.5673125,-111.648,461.36275,161.2851875,469.9834375,514.0769375,236.9246875,519.3758125,-222.08825,260.3775,229.2749375,94.4161875,205.2985625,656.27675,-89.414375,-249.9464375,-109.4653125,32.76325,269.07875,44.9043125,212.177625,-85.183,167.0069375,38.8541875,235.3743125,-163.8359375,422.802375,-6.0864375,249.833125,-140.2535625,446.297375,-22.2180625,426.6823125,111.5180625,123.5221875,185.45075,115.585875,262.1105625,241.642375,139.7666875,-210.676625,-52.3869375,279.907125,-18.99525,-53.0084375,-69.6459375,254.361875,-32.97775,335.7784375,-81.79075,369.2804375,171.2321875,499.605875,149.1614375,-72.161125,204.4670625,548.53125,434.8363125,209.514625,417.7230625,526.2463125,-140.8930625,185.9501875,75.9610625,253.394125,136.1465625,285.96975,92.9241875,498.8263125,-4.9243125,-84.9965,273.9534375,430.6991875,336.2554375,362.4134375,298.4838125,439.1651875,38.997625,142.412125,152.679125,141.20275,-13.5695625,-88.6585,312.888625,231.16775
4.174644568852057,63.7060625,24.4633125,-84.0939375,174.493,192.179375,250.4123125,221.9125,34.88425,230.5524375,226.44475,33.576,442.6844375,264.461125,410.2415,208.1866875,173.08975,-19.98325,99.8181875,220.6048125,142.1518125,-432.699125,159.2576875,386.9790625,-31.2564375,98.41525,135.02475,56.031875,304.210625,329.6935625,309.0983125,55.4019375,612.3899375,-166.83575,278.4741875,214.6160625,44.85475,-2.69225,243.79775,96.712,244.2139375,457.257625,263.583875,202.0884375,257.506375,297.3344375,137.005875,-101.019375,437.69225,174.3284375,442.9130625,487.0313125,268.7864375,534.8319375,-230.283875,251.944,228.111625,151.2585,189.3915625,609.867,-110.4755625,-205.291375,-92.0068125,-11.2235,266.27975,-12.7903125,298.3173125,-71.9715,103.5768125,17.1001875,279.85425,-201.5355625,431.1679375,20.86825,197.888,-157.5685625,498.69225,75.365125,436.92775,94.29975,140.2526875,153.4741875,113.634625,201.425375,277.159875,103.2874375,-168.786,-41.6626875,234.091625,-20.7548125,-61.717125,-129.7320625,270.320125,-25.9471875,291.65325,-83.12175,418.062,197.851125,529.413125,175.1584375,-103.419375,184.95275,462.6706875,387.4715625,220.837,378.4596875,529.0143125,-132.0675625,216.6691875,98.234875,330.437375,78.59675,283.2328125,52.867,486.4779375,-7.5559375,-43.0874375,289.798,415.6493125,309.94,329.838,338.6005625,405.0478125,27.4605625,209.2569375,137.6278125,138.7715,-65.035875,-58.4845625,418.3516875,193.0873125
4.17871709157414,23.39125,53.1485,-108.8826875,164.2555,177.852625,254.0738125,210.8794375,41.4914375,189.4969375,223.64,48.1966875,426.003375,260.41025,413.945125,137.1709375,145.4255,-16.4698125,74.0368125,196.025625,102.689375,-440.4581875,141.83375,438.5414375,-69.0663125,126.3068125,187.4795,74.5069375,312.5876875,315.3271875,271.3875,86.54475,614.695375,-150.6404375,306.596125,208.327125,34.3613125,-26.1739375,287.3666875,113.3693125,243.6561875,413.5350625,235.248625,214.7061875,329.4905625,335.7696875,168.108375,-107.2815625,424.56975,208.288,407.114125,435.0958125,282.928,550.185875,-219.438875,246.9696875,219.597875,203.657,185.037875,552.0135625,-115.813125,-153.6461875,-63.1511875,-46.9771875,260.1370625,-46.0686875,395.42875,-47.16725,52.0470625,-0.5110625,311.9438125,-219.211375,417.6144375,23.767,145.3003125,-160.1685,547.797875,163.2228125,440.455,85.3671875,162.5648125,93.3683125,116.200625,149.3861875,275.4135,64.368375,-118.9266875,-40.6405625,188.205375,-53.65025,-62.61375,-192.6048125,273.313375,1.337375,243.966125,-71.657875,474.7574375,244.3388125,562.0474375,177.8563125,-110.09325,183.544625,367.68975,354.1019375,223.32325,325.467875,518.5410625,-96.479125,243.537125,136.58825,384.0489375,24.12,290.9499375,4.4190625,466.27225,11.7391875,3.1498125,315.284625,384.9145,295.1631875,294.7773125,369.3315,364.5323125,37.9269375,273.3976875,130.5155625,157.0879375,-79.32,-16.45925,544.733375,155.488875
4.182789614296209,1.262375,72.0331875,-108.5745625,148.525,156.6600625,263.80025,192.313625,39.1938125,150.7980625,219.9929375,69.2098125,395.2669375,255.640625,425.1179375,95.1908125,121.9646875,-4.712,59.5835,177.1698125,69.772875,-464.621625,105.7219375,466.4161875,-105.64425,153.339875,246.1169375,74.9679375,337.5553125,256.27075,214.00425,119.6393125,605.876875,-133.83225,317.0996875,191.4825625,25.514125,-48.2190625,324.5915625,147.1021875,243.8635625,378.594625,235.194875,214.0988125,400.9929375,379.402125,183.7603125,-118.50725,420.7406875,261.70325,370.995875,367.3775625,277.7676875,569.273375,-205.1714375,246.8501875,192.2406875,267.961625,196.8565,493.518125,-119.165625,-106.0834375,-21.35475,-65.5640625,246.257625,-63.5654375,476.2741875,-11.76775,12.779125,-22.959,331.7055625,-209.536,393.0665,9.1660625,115.9799375,-166.1275,583.61775,218.9389375,432.6584375,77.7211875,187.6311875,21.3805,124.4194375,112.325125,242.587625,25.0395,-67.233875,-40.0170625,148.26125,-100.9150625,-49.4426875,-242.8515,253.62275,45.1965625,199.257375,-41.0464375,526.0449375,303.7046875,582.414875,157.21475,-104.9966875,194.85625,270.979625,328.9901875,227.14875,274.35625,494.039125,-48.3329375,268.855375,164.9204375,413.754,-19.536,318.76175,-36.0335625,443.4915,48.5060625,53.7603125,345.72975,350.342125,297.8986875,270.0621875,380.593875,313.841625,66.482125,330.6161875,146.479875,193.953125,-54.2603125,39.43925,670.110625,122.8366875
4.186862137018292,-3.8058125,73.2746875,-83.6454375,139.52975,136.2565,274.2230625,170.8085625,22.556125,122.2420625,221.1036875,97.2525,353.8061875,247.332875,429.0834375,83.3579375,118.012375,13.702625,56.7754375,171.1310625,49.1105625,-491.4535,56.35,467.214125,-127.6763125,183.5106875,303.783125,54.1646875,375.451375,166.525125,151.5928125,141.082,586.7455625,-111.929,310.3485,171.7931875,18.2733125,-70.308875,360.600625,200.1255,232.6301875,357.9231875,267.119625,205.113375,458.7724375,410.502875,184.7820625,-125.3523125,426.867125,327.8905625,346.85575,305.376,259.09625,596.7220625,-199.45825,254.84375,149.7080625,350.68975,223.020875,438.831375,-135.0740625,-68.004125,33.045625,-67.18275,220.4835,-69.893375,520.542125,30.806375,-20.89275,-55.15725,346.807625,-171.903,377.322875,-4.1444375,118.1841875,-189.225625,601.0483125,238.1718125,414.14975,67.4125,211.615875,-39.5425,127.4835,93.7713125,200.1534375,-8.6409375,-20.729625,-27.1114375,115.068375,-133.89,-22.2759375,-275.112625,216.878375,93.432375,164.5939375,5.542875,553.999125,357.978,580.5444375,127.5763125,-98.308625,210.6641875,174.6164375,302.2484375,236.234375,232.6068125,459.1465625,-3.515125,297.2148125,163.3978125,422.484,-41.7718125,363.296875,-60.7233125,417.9629375,91.5874375,103.4731875,369.2695625,320.21425,319.505125,265.7596875,362.307375,246.7658125,96.66825,379.60775,187.6688125,240.048,-4.61225,104.9339375,775.480625,97.7745
4.190934659740361,-2.87925,61.486625,-40.765,145.5250625,115.234375,293.8108125,149.0520625,-12.474375,95.7195625,230.077375,133.9488125,306.50025,235.6653125,416.2965,86.7038125,136.47425,37.9995,66.9240625,175.4015,42.0261875,-503.247375,1.337,451.880875,-132.6793125,218.277125,350.7611875,25.5019375,417.2523125,68.5513125,89.51525,147.088,563.74,-79.6404375,288.912125,154.185875,11.226125,-95.434375,392.30575,262.578375,198.64275,344.628375,324.691625,198.1681875,494.4874375,421.25925,173.8624375,-122.4955,443.109625,398.11025,346.2695625,274.7574375,238.4735625,626.0019375,-204.1775,272.9240625,98.8631875,435.9710625,257.9288125,386.7294375,-165.673125,-40.335375,92.5216875,-54.5948125,185.312,-60.8203125,524.136,75.8144375,-51.9959375,-92.243625,363.6240625,-121.3036875,379.3108125,-4.4900625,144.113125,-225.2295,605.335625,229.3913125,394.49025,51.6015,229.7249375,-74.7853125,116.380625,93.4915,169.4258125,-28.859625,8.907625,8.480625,86.80725,-134.608375,12.988,-290.9021875,181.6863125,135.3475,147.89375,58.3189375,550.019125,392.4395625,558.225125,106.4410625,-87.6120625,230.7393125,84.70125,269.671,243.676,206.017,417.484,29.90675,325.411,131.2334375,411.6281875,-35.2596875,409.8364375,-74.1325625,389.4974375,132.7235625,147.7185,380.1496875,290.1229375,349.4795,278.69475,317.5884375,166.926125,114.7509375,419.4765,240.0954375,286.7303125,50.3611875,170.1111875,848.8684375,85.0439375
4.195007182462445,-2.280625,51.529625,8.8425625,158.3016875,90.3088125,327.9146875,126.2824375,-62.82,63.0614375,239.832,174.042625,261.4689375,227.6804375,384.03525,86.732125,171.3991875,70.223125,91.845875,186.9461875,39.4013125,-487.60275,-47.179375,437.486625,-119.33025,255.4885,380.218375,8.467375,446.78125,-21.4176875,29.372375,142.9438125,543.2450625,-37.471,256.1204375,138.55025,2.4669375,-120.5396875,410.6186875,319.1840625,138.2364375,331.116125,391.4956875,203.5154375,504.5991875,411.85575,157.1819375,-107.2948125,468.8846875,460.2258125,371.7301875,290.1749375,219.78475,640.2491875,-211.5884375,297.746875,43.6891875,499.7144375,291.683875,337.3414375,-198.40625,-15.9995,146.579125,-30.7591875,147.4125625,-37.20675,497.508625,117.4905625,-80.725875,-123.116375,383.6114375,-81.2555,394.067875,6.063625,179.3343125,-255.0384375,608.337375,207.5235625,384.0371875,33.6616875,240.3460625,-81.900875,100.0440625,113.2645625,163.4398125,-33.71325,13.1990625,68.814125,63.8676875,-100.3639375,49.554125,-295.086,161.596,167.987875,150.7291875,108.6213125,520.415125,403.3009375,521.4025,104.312875,-67.910875,255.6820625,9.7970625,236.194125,243.8454375,205.3186875,375.5344375,53.8446875,344.954875,82.442375,390.397875,-0.216875,442.1590625,-83.57875,368.518625,172.276875,188.9675625,385.8891875,250.594375,372.1714375,297.0386875,262.388625,88.8714375,125.121,449.4469375,284.2160625,325.080875,102.247625,226.0129375,879.586375,89.3525625
4.199079705184528,-0.7481875,56.0719375,57.751125,163.2785625,64.2135625,366.8659375,106.11325,-113.8780625,30.7369375,242.2255,206.20025,228.569375,231.324125,338.8275625,77.6189375,212.5330625,108.7306875,127.5465625,208.0418125,31.095375,-440.706875,-71.657125,438.0083125,-90.171625,292.9970625,394.4516875,13.48075,448.18225,-91.251625,-18.5925625,138.967,525.6229375,7.4369375,221.860625,118.83525,-4.7194375,-136.2161875,409.9240625,360.9825,54.2280625,322.1045625,449.16725,223.944625,494.912625,383.019375,140.744625,-75.9873125,502.27775,503.493875,413.1600625,342.9580625,197.047875,628.9268125,-208.837875,322.0339375,-7.2725625,530.6965625,314.53575,296.66475,-214.795875,16.9414375,187.263375,-0.8813125,111.272,-9.2394375,455.2216875,147.2239375,-112.153375,-140.486125,404.3874375,-66.0358125,410.3781875,19.008,211.3101875,-259.1510625,616.2704375,188.6041875,380.998125,25.4060625,247.159125,-65.988125,99.913625,157.3948125,186.1646875,-27.249,-5.681375,140.531,47.4189375,-34.9095,83.3610625,-296.5445625,158.451625,190.1943125,160.412875,152.595375,473.703375,396.974125,473.3256875,123.339125,-40.5171875,279.1135,-45.7031875,210.926375,242.2405625,234.1040625,344.79,78.06825,354.2799375,33.504375,375.915625,53.4706875,456.236875,-86.8656875,369.540625,216.0258125,232.910625,398.793,199.2161875,379.5108125,310.9494375,213.6095625,30.41675,143.2538125,465.8831875,309.5079375,346.445,150.5580625,270.995875,857.3599375,111.2330625
4.203152227906597,2.8595625,75.1971875,107.3108125,160.4433125,42.386375,396.3268125,98.9125625,-149.80125,10.5556875,237.4610625,221.981625,215.223125,245.845375,296.6174375,69.8525625,244.112125,143.6225625,163.1551875,242.364875,17.9190625,-371.197375,-61.1665625,459.56825,-57.437,327.45625,401.3295,35.326375,422.967375,-128.66325,-40.24,141.3543125,509.406,45.5014375,199.204875,90.0301875,-3.5300625,-136.3374375,393.795375,389.8855625,-48.7128125,325.586875,487.8823125,254.5081875,476.659125,339.6934375,124.871875,-26.0861875,532.822125,525.872,455.10775,408.4519375,168.7696875,600.73175,-187.6106875,340.5254375,-41.3950625,533.3659375,322.618,274.8621875,-204.737125,62.5558125,214.4664375,29.3428125,80.6973125,15.35575,407.5780625,156.9591875,-148.098875,-144.655,419.0605,-68.703,418.687375,26.7378125,231.9539375,-229.075125,625.2461875,182.2498125,375.1566875,34.7959375,255.799875,-36.8448125,126.5078125,223.7123125,232.29375,-14.2815,-37.800875,202.774,35.539875,52.812375,112.7679375,-303.9745,168.255375,194.41925,160.198875,190.15925,410.8200625,382.416375,416.0975625,159.6675,-9.0371875,296.734125,-80.6043125,200.5693125,245.281875,277.1036875,331.395,114.5849375,361.0724375,-4.743125,379.7963125,109.517125,456.8566875,-71.5294375,394.617625,266.4475,278.2093125,422.2565625,144.2796875,371.3696875,315.8075625,180.672625,3.04225,173.5680625,462.6776875,318.3875625,348.0504375,190.4401875,309.0191875,784.0151875,141.7708125
4.20722475062868,7.078875,97.9931875,157.416,161.2919375,25.7221875,409.7276875,110.4234375,-169.972625,7.221875,229.5523125,220.512,218.7391875,260.86275,273.6494375,78.9696875,251.012,161.665875,187.4368125,288.316125,8.9625625,-297.2924375,-22.907625,494.8158125,-29.6349375,350.4509375,406.2530625,59.464125,389.9933125,-128.4616875,-32.670875,148.1523125,494.36975,71.744875,197.37975,52.231375,8.446875,-122.09575,375.1873125,407.9874375,-157.1169375,337.998625,510.28425,289.0985,455.8200625,295.9558125,103.45175,34.9584375,544.1076875,529.5344375,488.370375,462.8120625,143.744375,576.6411875,-147.79275,356.5920625,-51.829375,518.593,319.2818125,281.6316875,-173.508875,112.166875,236.0786875,56.186,61.6916875,35.5450625,358.0850625,149.92875,-174.4388125,-141.15425,417.2330625,-67.3068125,416.7923125,24.2886875,237.6654375,-169.029125,628.65325,185.5870625,361.95975,58.07075,267.0246875,-4.310125,169.2214375,301.496,286.737375,0.1519375,-67.064125,243.522625,25.463125,145.3111875,136.12775,-316.15475,187.0978125,173.1733125,143.7560625,220.648125,334.1039375,363.6225625,356.7035,207.0891875,22.6035,318.639875,-96.155875,206.6626875,251.7995,307.1265625,324.1456875,167.1095,373.5726875,-30.73275,401.8106875,157.6361875,445.8391875,-21.481625,431.54975,315.821875,314.0746875,447.1873125,100.8796875,348.569,311.562125,161.1390625,8.1905,205.923125,437.4733125,321.979875,337.003375,214.0825625,339.9758125,680.7191875,163.9489375
4.211297273350749,10.39525,113.072125,200.0823125,172.145625,11.1418125,406.0986875,132.7269375,-185.7465,16.95525,220.176375,210.2821875,227.75725,263.99225,275.4641875,107.681625,231.6839375,156.5839375,194.71925,337.5045,11.0506875,-235.1860625,27.162375,527.0929375,-4.5729375,354.8245,409.6934375,73.1389375,365.58425,-97.139625,-8.569625,157.7619375,476.9080625,93.9136875,215.873375,8.5070625,31.173125,-98.5625,366.7711875,405.940875,-248.8151875,347.4223125,524.967625,320.5505,430.7949375,265.8373125,74.1255,89.8246875,532.449375,514.34475,514.1710625,490.026125,129.955625,570.59075,-94.7611875,381.2376875,-39.7180625,500.6075625,310.341625,319.0531875,-134.7435,149.6180625,259.854,78.8835,59.6306875,52.8005,305.820125,140.6321875,-172.5703125,-135.634875,391.992125,-47.6349375,410.2598125,10.1683125,235.0398125,-92.6868125,622.7936875,189.4191875,347.3166875,85.8544375,276.7995625,29.74225,211.086,378.3660625,331.2424375,15.2578125,-74.8496875,265.142,18.2478125,222.545375,150.8116875,-323.9885625,212.9891875,131.549625,117.3491875,243.3234375,253.6996875,344.2250625,303.55,259.6193125,47.421125,358.1415625,-97.1944375,226.9271875,258.4605,306.315875,302.1970625,226.256375,395.4920625,-48.2719375,433.6638125,197.653875,421.5798125,72.657125,462.7760625,351.6190625,330.814625,458.05475,83.168125,315.2751875,303.1935625,144.0523125,40.7725,228.9248125,396.215,330.4345625,326.7170625,219.8881875,357.9574375,574.2321875,163.478875
4.2153697960728325,14.640875,118.6180625,231.0574375,192.311625,-4.7014375,385.317125,148.605875,-205.360875,32.64575,212.076625,205.6616875,234.650875,249.9225,295.3061875,142.6523125,196.94575,137.3841875,186.7525,378.397,22.29775,-190.5995625,76.69275,544.707875,17.476,345.1803125,413.0909375,71.7920625,349.4511875,-47.3653125,17.0994375,172.7376875,449.93425,123.2028125,242.43725,-33.2419375,68.21725,-72.396375,369.1020625,370.275375,-308.6314375,345.6136875,533.7314375,337.3018125,402.8916875,253.3041875,44.374125,122.282625,514.47075,480.9290625,540.276125,480.8489375,126.3991875,582.1671875,-36.919125,421.14,-10.63625,490.164125,298.285375,375.0505625,-97.6748125,164.982875,286.6503125,95.1996875,74.7670625,69.21975,249.6760625,140.422,-137.0510625,-130.454375,345.9699375,-12.0959375,402.476375,-8.1420625,237.395,-19.459125,607.541125,190.846125,339.0040625,110.532125,282.30325,72.0554375,247.3370625,443.4978125,355.777625,37.6289375,-50.7489375,278.803625,19.17275,271.71125,156.4770625,-322.11925,245.251875,85.3265,92.0664375,258.7736875,179.3065,332.316125,259.0075625,311.8100625,57.5468125,414.16925,-88.580125,260.7056875,263.87,280.3915625,256.6575,277.245125,424.27525,-59.305375,466.1831875,229.4946875,390.3126875,199.3116875,479.6345625,368.22775,328.9496875,440.5538125,90.6189375,280.986875,297.307375,121.05325,92.118375,237.194375,349.441875,344.555875,326.495375,213.718625,356.9398125,479.765375,132.979125
4.2194423187949015,24.135375,123.5203125,258.051375,221.9399375,-21.596,351.4500625,145.8603125,-229.2546875,52.1189375,209.17075,214.626125,239.5620625,224.4728125,322.9781875,170.5940625,156.3703125,123.4014375,177.5599375,403.6588125,35.0425,-156.566,114.335875,546.8688125,29.903375,333.39025,418.3233125,59.4366875,327.2819375,6.9700625,41.3451875,193.39575,412.853,159.9655625,259.6601875,-60.9726875,124.3394375,-47.9686875,375.44425,301.62375,-336.12275,332.784375,525.198375,330.70925,380.56325,253.5515,24.1381875,128.883625,511.9455,435.7160625,575.9219375,437.0758125,126.9858125,605.8545,17.3751875,467.600875,27.820875,481.3021875,282.28975,429.4843125,-62.0449375,164.4223125,312.365875,102.2315,102.87525,85.88325,190.959875,144.9338125,-74.5569375,-124.317625,288.06925,29.580125,390.2760625,-11.761625,251.678875,35.5714375,587.33125,193.953375,338.9880625,127.14375,283.955625,128.26775,284.1366875,489.256875,363.585,71.8013125,0.474875,297.045375,33.9250625,291.9363125,157.3045625,-310.573125,280.3958125,53.7895625,76.630125,266.30125,113.9404375,334.808125,221.6390625,356.8113125,51.465125,477.5489375,-71.45525,311.0869375,268.341,249.8605625,196.4873125,311.2549375,450.3870625,-61.7076875,493.91975,251.248125,369.6330625,327.5388125,488.528625,366.0999375,314.1755,389.7854375,104.136,255.175625,295.1473125,92.8364375,151.455125,229.7015625,304.9554375,359.469375,335.489625,206.650125,332.1678125,401.365,72.8278125
4.223514841516985,36.2973125,137.7565,292.4934375,260.3239375,-32.8975,314.9393125,126.97425,-257.4645625,78.7755625,210.8415,229.6303125,242.2095,198.7773125,353.121875,190.4400625,110.1618125,128.8871875,188.0278125,414.064,42.8666875,-120.7948125,129.646625,538.642125,34.4896875,327.482,418.2038125,44.316875,286.8540625,55.6775625,68.71225,216.6713125,377.3768125,194.5503125,254.4575,-68.815875,198.536125,-26.1310625,384.3704375,218.97475,-337.5630625,313.53875,484.0084375,303.417,370.4723125,258.32325,19.772625,115.993125,533.4536875,389.954625,624.291,375.2419375,129.5045625,632.5896875,62.0398125,500.16175,71.531125,458.042125,261.7083125,469.5013125,-22.3238125,160.955375,333.7630625,102.2505625,137.4758125,100.156,133.689375,136.6175,6.0158125,-114.233,226.790125,68.7085625,368.47425,15.735125,277.901625,70.31,569.9246875,203.125375,343.67325,133.992125,287.0525,194.4513125,322.6683125,509.18525,366.513375,110.628125,60.764125,325.944,64.3728125,291.39475,156.351375,-289.5550625,311.542625,53.267875,78.2256875,265.1450625,53.8965625,351.8245,191.338125,386.4685625,32.562625,544.034125,-44.324,377.3835625,268.819875,231.9181875,135.2750625,334.9365625,459.6615625,-49.2228125,514.4839375,263.6356875,371.9498125,428.7690625,498.2259375,345.1836875,290.4275,317.4309375,103.4881875,243.635375,288.5526875,62.92125,204.5605625,207.901125,267.059125,371.1218125,345.659875,211.574375,283.468875,343.588375,-4.4310625
4.227587364239068,39.216,161.1885,337.2570625,298.800375,-28.658375,287.3944375,102.6309375,-293.9599375,113.3476875,213.7379375,235.636125,241.7774375,180.3239375,383.3754375,208.4550625,53.3101875,154.386625,225.373875,415.5016875,42.8736875,-76.0760625,121.535875,522.1555625,43.43375,330.030875,399.102625,31.76775,231.6014375,94.117875,99.3819375,239.425875,356.2570625,218.427125,225.7086875,-60.636125,279.1173125,-7.790125,398.451875,147.776125,-314.8931875,287.3249375,408.2354375,269.2851875,368.50875,262.2534375,31.567375,91.6985625,569.92625,354.4399375,673.0485,317.6301875,137.3466875,646.3620625,94.24625,500.1608125,123.55425,414.339125,239.5511875,493.209375,29.311875,160.382625,346.78475,101.4815625,170.4595625,106.8084375,84.8961875,103.4775625,95.5506875,-100.2934375,169.6140625,105.1748125,333.203,69.013125,314.5539375,93.751625,562.596125,220.0934375,344.0306875,135.759625,298.1040625,261.0398125,357.952625,495.03425,373.146375,140.689875,107.8881875,357.8500625,105.073375,277.196125,149.3574375,-260.1048125,336.362625,84.4145,101.9234375,257.797625,-6.3754375,378.132875,169.409875,394.771625,5.3218125,613.03275,-9.312375,449.85225,256.6283125,232.7596875,81.0905,364.143375,439.7933125,-13.12475,526.0413125,265.8111875,388.1584375,494.6876875,508.564625,309.3221875,263.1084375,249.4295625,83.05525,246.345,268.0481875,31.76325,235.617375,177.603125,238.0546875,376.67675,349.5761875,234.8511875,223.3658125,314.7145625,-75.9295
4.231659886961137,26.7720625,183.5715,382.7645,322.40125,-3.491125,272.9708125,79.7515,-341.2224375,151.28175,218.211375,227.5345625,242.5615,168.4486875,409.802125,227.815125,-16.496125,196.08625,276.26875,410.159125,35.886125,-23.088625,102.15725,491.4620625,63.23625,342.723125,355.2990625,20.7875625,175.4965,117.962,127.19275,255.03975,353.3954375,232.8533125,183.995125,-40.827875,346.491875,9.1431875,417.73425,104.7845625,-271.9211875,246.0755625,316.405125,243.398875,361.5894375,266.341625,51.942625,68.4228125,603.5909375,334.3168125,701.3644375,280.4420625,149.651,634.649375,118.1315625,460.364,189.4216875,359.9326875,220.79775,502.0240625,97.681875,162.5525,343.446875,106.1719375,195.9114375,105.3399375,52.46425,52.535,183.915125,-88.2065,122.4186875,146.9930625,284.8783125,123.6528125,354.4030625,119.0128125,566.5425625,243.077625,329.4685,146.06525,314.8959375,318.7805,392.1946875,444.49125,382.607,157.94975,133.83,376.05725,143.8663125,251.0410625,128.3875625,-225.946,357.96775,127.9110625,144.39275,248.4314375,-68.0254375,405.18575,154.5226875,378.582125,-19.98275,679.2665,26.4724375,515.634875,231.733,250.4489375,36.9070625,404.9399375,390.385125,49.2571875,524.555,251.901125,396.8975625,535.6533125,515.97875,270.4306875,242.5155625,210.33675,51.4689375,258.934875,236.40425,3.1858125,236.57375,150.25575,216.2523125,376.9255,346.2671875,271.6604375,173.831875,314.685625,-120.1036875
4.23573240968322,8.5951875,194.3588125,414.6020625,318.9615625,36.797375,266.6440625,60.431,-392.6943125,190.68275,229.062625,213.92825,249.6546875,159.5045,421.5486875,245.6491875,-95.5776875,255.745375,322.4848125,395.3635,29.931375,32.7684375,89.4724375,440.500625,87.1578125,364.5779375,296.2429375,6.8049375,128.71,121.12925,144.215,254.9878125,366.5708125,242.8935,141.733125,-9.535,383.144125,36.856125,437.48675,90.844875,-224.1685,188.7050625,236.012125,229.8608125,336.7050625,273.53325,70.9513125,59.3225,621.62225,328.4005,704.0203125,268.65575,160.4936875,602.65025,145.78375,386.1928125,267.2060625,312.7166875,208.1286875,495.03075,179.74175,169.5355625,319.523625,120.0604375,209.7940625,103.90625,40.1650625,0.92075,264.0186875,-85.5025625,86.1201875,197.7661875,230.5040625,157.391375,381.3689375,153.30975,575.99375,264.953625,297.0621875,183.2181875,329.0875,358.484625,432.7365625,366.522,391.73175,170.7284375,151.0529375,370.1359375,171.0609375,216.8366875,93.245375,-190.0656875,373.398625,158.8930625,192.91125,239.753375,-124.451,421.28675,144.2051875,339.6223125,-27.962375,730.1694375,57.5393125,567.722125,211.818125,278.4250625,2.796125,448.628375,325.984,129.025375,503.55325,219.7376875,387.7839375,561.5706875,520.520125,240.15925,239.903,209.621625,25.3953125,274.45675,207.4258125,-11.93725,212.4043125,135.2150625,200.1806875,379.505125,338.887,310.6029375,150.347,325.448125,-126.378125
4.239804932405289,-1.156625,186.728875,427.0720625,289.1799375,77.265375,262.7725625,46.9094375,-433.3803125,235.421375,244.6273125,203.859625,260.9746875,155.17525,404.076,256.823375,-171.61875,332.595,356.1219375,372.640875,39.3586875,88.5776875,93.842,374.39875,106.132625,387.3240625,240.4394375,-12.352,94.250125,102.1273125,148.775,239.008125,388.782,248.176375,105.2739375,29.9126875,383.079,86.5855,447.6020625,96.235625,-190.00975,128.6914375,185.042875,222.2790625,290.1175625,285.606,84.8148125,67.11125,620.3488125,332.9830625,695.9475625,280.04225,170.52775,569.8275,187.543875,293.5430625,343.7429375,285.1605,202.2285,471.256,266.17325,185.051,280.8006875,144.2985625,204.1835,111.901625,48.45825,-39.364375,332.2074375,-94.3389375,57.8110625,248.6724375,181.88775,166.518375,383.1505,190.8316875,588.52025,279.5939375,256.417125,256.0546875,335.98525,372.8885625,479.699125,272.654875,399.8994375,185.6316875,172.7671875,343.4216875,187.60175,187.4268125,54.925375,-149.351125,375.7459375,163.9745625,232.6485625,235.2791875,-163.209875,417.896625,139.8350625,288.41875,-10.3529375,752.517875,85.00775,606.941,216.313,305.9881875,-21.5194375,483.2508125,266.6224375,208.4935,460.0365625,177.764625,365.695125,570.5931875,521.513375,222.666,260.69,240.2565,18.33675,278.834625,192.9249375,-7.9055625,175.3575625,131.43325,194.59225,392.09925,332.135875,340.4983125,153.1296875,325.1124375,-93.0448125
4.243877455127373,5.4696875,157.268375,429.53375,248.1683125,105.222375,260.44,42.1046875,-450.248125,288.8008125,247.896125,196.1848125,269.0784375,162.1568125,357.331375,258.5555625,-225.555,414.5038125,380.772625,349.9691875,73.002375,147.5209375,113.6900625,308.9251875,117.4778125,398.4475,200.895375,-33.0009375,70.9560625,70.469875,149.6540625,215.903625,409.979125,247.2166875,76.3601875,65.7368125,353.5076875,154.3765625,437.500375,111.1964375,-179.3091875,81.7693125,164.7500625,213.19525,233.48675,305.0663125,98.08325,84.354125,603.175875,343.926625,686.74425,310.1164375,183.7945625,552.183625,239.5613125,204.2905,403.8195,276.5503125,203.9263125,436.8161875,343.7790625,208.634875,239.5136875,176.49,173.4035,132.4178125,77.6730625,-65.94025,383.893375,-107.336125,34.1026875,282.5536875,152.2110625,164.2054375,365.239125,216.7195,604.3415,289.3311875,221.937625,356.3761875,331.4034375,362.73925,522.9980625,170.9335625,408.6154375,202.3773125,199.374125,308.7409375,200.46075,176.2661875,28.0000625,-93.959,367.603875,145.479,251.6455,240.8313125,-177.5634375,394.7295625,143.1841875,241.8905,26.7276875,736.892625,114.4478125,636.68225,247.3305625,320.1274375,-31.972,503.444,225.6155,269.2545625,403.1744375,136.162,336.5688125,557.812625,514.908,215.2614375,299.7625625,286.52975,27.7355,253.9975625,193.8220625,5.2681875,134.2075625,129.358375,205.2738125,410.9834375,331.700375,356.30475,171.844,311.2550625,-23.433125
4.247949977849442,29.060375,109.6905,435.5255625,215.9005625,118.3885,263.2276875,46.710375,-438.6441875,348.6478125,220.8190625,185.859375,265.3890625,186.7574375,302.469875,251.647,-244.33525,483.177625,402.4156875,333.7061875,124.06725,214.6559375,144.5761875,257.5950625,118.3775625,388.0836875,175.52875,-50.425125,53.1081875,41.8015,157.0126875,193.470125,423.405875,243.50725,54.8961875,85.19175,308.567875,225.5665625,404.9786875,131.7455625,-193.0568125,56.573,166.9763125,200.9270625,188.7651875,332.9508125,118.505625,102.643875,577.2070625,358.11475,671.6980625,351.2543125,196.73975,550.457875,284.2630625,135.8214375,441.0884375,280.0643125,213.4695,404.90225,398.698875,234.122125,207.4,206.7583125,123.13325,159.361375,119.6426875,-82.691625,416.784875,-110.4525,12.00825,283.455375,150.5716875,165.1395625,343.2226875,217.8593125,614.9859375,299.0489375,202.231625,462.60225,306.6389375,337.9769375,549.24375,74.09575,423.274,223.9853125,224.8584375,279.380125,213.3739375,184.2483125,23.011875,-15.3659375,358.8303125,113.9023125,244.799125,256.3355625,-174.904375,354.9865,151.895,214.4669375,67.26,680.415375,147.205375,659.0055625,289.568625,312.752,-25.072375,515.197625,204.6643125,302.92225,352.5219375,99.4411875,301.650375,527.2126875,501.5404375,211.455875,341.569125,334.94275,40.179625,194.82675,203.0333125,8.4130625,93.2348125,121.63625,231.412375,421.771125,337.581625,358.9895,195.2368125,298.6225,71.5130625
4.252022500571525,63.4894375,59.7590625,446.637625,203.81125,119.5760625,274.8758125,56.9076875,-398.5415625,406.208625,163.2539375,173.56375,246.93625,230.8608125,264.6086875,238.5855625,-228.1488125,526.080125,422.0006875,319.3738125,177.015,286.838375,182.911875,221.303,106.4258125,354.0898125,155.9371875,-63.195,35.505,25.7531875,172.2459375,175.7794375,427.5149375,241.6351875,39.2959375,84.7610625,263.74825,284.2265625,360.5815625,158.708375,-226.9794375,53.8163125,179.4609375,190.221625,172.6306875,360.2683125,149.057,113.4939375,550.869375,375.7756875,651.977125,390.8735625,203.9005625,551.9464375,301.7125,91.292625,459.9011875,291.62625,228.896375,388.9126875,422.486375,253.803125,190.6165625,222.8401875,66.376,180.7588125,154.270875,-96.36225,435.839125,-91.48225,-7.7060625,249.862375,176.0790625,173.7336875,327.9514375,192.1039375,611.4899375,310.2438125,199.755125,546.1475,258.8710625,312.2784375,552.7145,3.7115625,448.930875,258.6943125,244.2965625,260.14425,224.92825,201.421875,45.200125,83.286875,358.6683125,79.2308125,221.8558125,268.762,-165.5190625,301.6370625,159.21225,213.2368125,94.734625,592.9068125,177.98125,671.751,324.246,287.1823125,-7.685,535.7499375,200.2964375,312.84475,321.8935,67.3214375,265.339375,493.7310625,489.7726875,204.2706875,367.0684375,379.50575,46.7634375,117.217,211.5998125,-13.2728125,58.6874375,111.1396875,267.4913125,414.554375,339.0526875,349.273,219.881125,296.2033125,171.2093125
4.256095023293608,100.76775,32.914625,450.350125,206.5545,110.3975625,289.2784375,65.984375,-331.2440625,451.3264375,94.7141875,163.8243125,225.864,286.2670625,252.80125,224.421,-185.379375,542.3905625,436.572375,293.7386875,219.391125,348.425,223.5975625,193.3815625,87.21875,301.878875,141.979625,-70.5769375,23.4455625,23.6500625,186.761875,166.177125,421.840125,245.1169375,28.274875,75.9021875,233.1809375,319.61675,320.169875,192.8398125,-274.1054375,64.5580625,187.80075,186.371125,186.9199375,371.4945,184.686125,103.5035625,532.5143125,395.9258125,640.7651875,414.9805,206.9429375,541.833625,285.3436875,61.526375,471.2263125,307.9254375,249.6948125,399.1655625,418.1521875,261.881625,190.0760625,218.722375,16.9993125,190.0520625,166.04575,-109.4290625,450.541125,-45.76775,-18.82175,199.099875,219.432875,185.4885625,321.972125,151.674875,597.075875,323.9483125,212.436375,584.1561875,201.74175,292.513375,541.4323125,-22.882875,482.28225,307.8311875,254.990375,249.1318125,235.002,217.354375,96.090375,186.7033125,371.85825,48.442375,202.5206875,262.2999375,-149.12675,239.239625,157.20425,242.158625,103.6210625,493.8399375,201.8381875,669.389,344.042375,255.0543125,6.1728125,578.9265,209.9305,305.0570625,310.65425,37.433125,235.37625,471.3083125,486.4033125,187.9858125,364.853625,419.530875,48.1195625,42.8870625,209.8318125,-62.1070625,39.7791875,104.3783125,308.3508125,393.914875,321.956625,327.514625,248.1494375,301.1929375,251.2446875
4.260167546015677,137.0085,47.9625,430.928375,210.6170625,95.9525625,292.401,67.091,-245.2796875,477.331125,39.836875,159.286,221.66075,335.169,261.8278125,216.70475,-129.0004375,537.8426875,442.4749375,248.172375,241.4085,386.8231875,260.7136875,169.0555,69.6891875,243.6865625,141.648875,-67.5749375,29.6744375,33.536375,189.5098125,165.0318125,404.2424375,256.8746875,21.5195,76.059,224.5606875,330.252625,293.4314375,230.724875,-322.736375,77.2261875,184.640375,187.378875,220.2035625,361.381,217.26975,63.52825,522.3328125,407.9230625,645.997375,417.8403125,210.6573125,513.8168125,248.8674375,36.0836875,487.211625,321.4843125,280.2420625,438.733625,396.1755625,257.4815,202.1205,195.265125,-16.3744375,189.743,156.113625,-114.7218125,467.7165625,23.7761875,-13.9128125,157.8438125,268.4323125,195.4810625,324.1555,115.3538125,582.0341875,343.733125,233.3911875,572.2171875,157.4730625,276.893125,527.8976875,-11.17975,511.1316875,361.979375,256.8220625,249.3743125,247.558875,224.6506875,171.800875,277.2790625,394.1390625,29.02675,200.3605625,235.69925,-122.08975,175.684125,143.2021875,300.9950625,104.814625,404.461375,216.8935625,653.02825,356.989,226.0530625,6.1721875,638.7675,228.200375,282.6626875,316.070625,9.592625,214.969,460.292125,490.5015625,162.032875,334.325375,457.1659375,48.187125,-17.19725,191.653875,-127.3676875,43.51625,103.9395,350.9805,370.932125,283.52325,298.3149375,277.41825,308.772,293.9219375
4.26424006873776,173.9603125,102.508875,383.2245625,207.9994375,86.241875,277.0086875,56.7551875,-159.316375,479.82675,13.32675,158.306125,242.1645,364.3034375,286.237875,216.3585,-78.5075,519.6483125,436.786375,184.8178125,235.16725,408.5605625,288.6535,148.4485,59.9705,198.4014375,161.7624375,-47.0213125,56.87125,51.261875,177.7906875,170.479625,373.340875,275.091625,18.29325,93.8295625,238.2880625,323.5431875,279.627125,268.3060625,-357.3279375,88.1619375,173.1425625,184.726,254.7455,340.214625,240.3088125,1.1046875,511.8880625,397.369125,658.9618125,405.081375,216.769375,473.859875,215.39175,14.7659375,512.75125,325.724,321.60525,494.91475,367.2968125,244.1436875,220.7385625,162.3254375,-32.328125,184.3613125,138.116625,-103.249875,485.6409375,108.0295,8.3081875,148.000375,310.617375,201.720375,334.654875,92.25725,571.56475,369.5115,254.4455,524.064875,139.463125,266.87975,512.4134375,12.0135,524.8980625,410.7226875,255.113375,270.918625,265.1585,218.489,258.9173125,346.540375,411.2353125,25.789125,216.6199375,203.9648125,-87.7451875,119.8755,123.210875,378.289625,115.6505,342.3085625,220.8108125,632.1861875,376.1135625,202.5595625,-5.93075,695.610625,247.31375,249.037375,341.5431875,-11.36825,204.5259375,451.308875,495.4564375,132.2719375,280.889625,495.2670625,48.3391875,-60.4358125,161.1383125,-189.5708125,68.342375,109.599375,392.96375,353.36625,237.9155625,270.91575,298.0218125,316.3909375,296.19575
4.268312591459829,215.7895625,176.4946875,319.99125,199.726375,83.760375,248.6159375,38.6615,-87.6106875,457.2189375,17.3256875,152.7750625,278.7134375,373.3774375,322.670875,212.9053125,-54.0314375,495.6463125,420.2691875,114.2946875,204.2141875,430.764625,304.0818125,137.9955,62.816625,182.6934375,199.5514375,-6.5866875,91.827,70.7835625,157.5656875,183.4321875,334.863125,293.3139375,15.607375,128.224,269.34,311.6889375,271.3264375,302.9715625,-366.938875,98.517375,158.477,169.877375,278.79825,323.2870625,249.3319375,-62.428625,495.231125,362.6279375,661.6829375,383.5489375,225.0235625,435.3060625,200.1078125,7.5061875,540.3775,322.5279375,364.867875,544.5609375,341.8745,222.866375,243.212375,135.031,-33.1953125,176.79175,130.551125,-71.99825,496.4479375,192.8905625,40.5595,173.7529375,335.19175,202.607875,356.21975,77.462375,559.9229375,393.1800625,269.5608125,462.3625625,144.45575,268.773375,484.2139375,25.5871875,526.6855625,446.4625625,260.45125,319.1234375,283.8236875,199.5683125,333.9659375,396.25525,407.2125625,34.3214375,245.145375,186.127,-49.2649375,73.1468125,107.32225,450.4198125,140.854,313.2225,214.552375,612.46425,403.611125,186.7108125,-16.100875,732.459875,264.70075,212.1219375,385.6413125,-19.7340625,210.13,432.170375,494.923125,101.3150625,216.325625,533.755375,50.01225,-85.5343125,128.9636875,-229.3644375,103.8931875,119.80425,429.0905,345.9015,207.0786875,253.365125,302.67075,324.03625,269.282625
4.272385114181913,260.025625,246.608375,260.3515625,193.543,79.281375,218.9589375,21.2259375,-28.0685,415.2261875,47.3744375,132.73525,314.0456875,369.489125,365.497625,199.58675,-60.971,473.1840625,397.371625,51.6435625,167.7023125,459.234625,305.394375,146.6459375,82.0178125,199.2348125,241.01,52.3664375,120.0378125,85.6514375,137.091,207.4739375,301.7481875,303.4985625,7.3126875,175.200625,306.5848125,303.539,260.983125,329.6700625,-349.530875,107.8104375,146.335875,139.1035,292.8923125,318.5775625,244.69375,-106.3769375,472.2360625,320.5845625,636.204875,356.697125,236.7230625,409.3416875,201.97675,20.431375,554.67075,320.780625,398.2385,573.530625,328.39725,187.5219375,270.145,121.809125,-23.041375,170.9551875,147.4125,-23.2474375,495.1940625,265.0780625,74.2103125,220.961125,337.659625,196.6955,390.5855625,64.0735,535.6139375,407.552625,274.238875,409.1955625,160.9175625,280.4445625,435.36375,30.9674375,529.77125,463.642,278.2245625,382.88325,294.8251875,175.8241875,372.433625,429.0050625,374.5098125,43.4736875,275.1334375,192.109375,-6.5608125,28.6986875,101.2418125,492.9910625,164.2991875,308.94725,206.14525,590.4483125,429.5591875,184.694125,-7.0973125,742.3765,283.5239375,184.6720625,436.21525,-17.858125,238.7363125,390.6068125,485.5185625,67.614625,160.024125,566.9861875,59.404875,-94.406875,102.607875,-237.527625,138.7694375,134.625,447.5235625,351.0463125,206.2728125,247.849875,291.95525,331.24375,232.468
4.276457636903982,291.26125,298.9926875,213.3650625,197.8303125,65.290875,194.39325,15.6949375,28.077375,367.787125,97.743375,97.7421875,332.276625,359.9361875,408.224375,184.822,-86.8861875,457.18825,372.7135,8.8165625,150.5490625,484.2133125,289.01925,173.5566875,119.433375,238.6455625,268.9619375,127.9745,138.0595625,89.986875,124.60975,244.590125,284.594125,300.8986875,-12.5575625,228.0275,337.0545,300.514875,244.436,344.9145625,-307.6438125,115.120625,144.4543125,96.07975,304.823125,321.137875,232.6425,-123.92625,446.114375,291.8085,572.1104375,332.191125,255.40175,400.2030625,211.1679375,46.2425625,543.7644375,329.76325,415.46525,581.615875,331.0085625,136.300375,299.0558125,121.7494375,-7.0608125,171.7230625,190.2455625,36.22575,487.6254375,319.2021875,106.272125,266.338875,322.616,186.228,432.772375,53.3440625,492.89275,409.930375,267.9120625,379.585375,178.143625,288.2265625,366.6185625,40.68875,544.093625,459.896625,298.385125,441.1124375,292.9973125,157.17775,362.5556875,443.5473125,321.694375,44.0951875,293.80025,217.7144375,34.1444375,-16.7625625,104.6396875,496.519375,164.15925,316.4516875,203.51425,560.034,446.104625,197.63475,28.912875,729.4460625,307.401625,178.5120625,482.4995,-16.2485625,284.3315,327.2179375,463.6204375,41.486125,128.931625,584.36275,83.39475,-93.8118125,82.2875,-216.977875,166.848625,158.2126875,436.98475,366.112875,229.9766875,253.4473125,270.1044375,334.9110625,207.2470625
4.280530159626065,296.558625,332.122,179.8775,211.353875,45.947125,172.7691875,36.4841875,84.18825,327.4183125,158.9976875,59.4056875,329.6656875,349.8170625,446.223375,179.9728125,-113.5626875,449.982125,350.5836875,-11.12725,167.127,497.3638125,255.440375,205.706375,173.8864375,286.37225,273.9559375,213.0085,152.722625,83.1078125,125.216125,293.595125,284.5908125,290.1205625,-39.22325,274.616375,356.531875,295.8815625,222.0546875,351.9248125,-247.375375,120.4765625,157.00675,51.4455625,319.7025,318.583625,217.786625,-120.389625,422.230875,283.769875,477.1988125,321.3403125,286.0223125,406.688125,222.0183125,67.869,509.392625,351.355625,417.8573125,571.93125,349.44125,84.3155,322.116625,126.8750625,8.6289375,180.9290625,250.838,96.209,485.71225,358.8336875,137.03875,288.604375,300.54175,174.5758125,471.39875,50.937125,437.4653125,398.47275,253.7735,378.2805625,189.5935625,278.860125,288.4790625,60.5606875,568.563875,437.1054375,304.435125,478.543125,285.018375,149.939375,312.3355625,441.611625,272.0565625,38.451875,295.0670625,250.0273125,60.9174375,-59.066875,114.5845,467.3294375,135.2998125,330.0705625,207.070125,518.2285625,454.38575,218.576125,83.7369375,701.6329375,336.2301875,194.813375,523.3276875,-20.1861875,329.3184375,262.3043125,428.86775,42.0633125,126.916125,577.675375,117.5006875,-89.8125,69.0175625,-173.7856875,188.8826875,191.587625,402.5276875,381.769875,257.99,269.25575,240.646375,331.278875,210.5048125
4.284602682348148,283.185375,353.5095625,158.1834375,224.553125,32.8726875,152.5931875,91.941875,139.179625,295.5609375,214.6294375,32.6756875,315.8518125,339.773375,478.1648125,185.146125,-123.9931875,450.062375,329.130875,-14.028875,214.9176875,500.0411875,215.592625,230.997125,236.195125,327.1110625,255.8641875,294.5390625,169.8191875,70.3258125,133.0951875,349.5215,293.5169375,283.685125,-52.4339375,300.9016875,370.361375,276.056375,196.442,356.630375,-183.1750625,122.77425,181.8864375,18.11275,335.9143125,302.9618125,195.034625,-100.756375,401.9768125,293.1663125,375.6588125,328.210125,329.0741875,426.3759375,232.72775,74.30725,466.5693125,379.606625,410.730125,545.2890625,378.8290625,55.05075,330.725875,124.7446875,15.9341875,198.51725,317.094625,146.3161875,491.2249375,391.96125,167.51925,281.077875,282.382,158.9116875,497.51225,58.8673125,382.161125,372.01975,231.274125,401.5098125,198.761875,250.7621875,218.71925,87.874625,594.9611875,404.6520625,290.774375,491.5671875,286.4165625,153.6736875,243.4885625,435.8043125,244.23775,37.7239375,282.0959375,278.650375,65.773,-90.1759375,129.0744375,416.0614375,89.84125,350.2466875,211.05625,470.0038125,460.15325,243.2023125,138.16475,661.5508125,362.3383125,223.7004375,561.0285625,-24.9520625,360.6509375,217.4750625,388.717,71.4205625,146.5429375,550.7114375,145.0415625,-82.6471875,69.4349375,-110.64,210.75125,228.8635625,361.40125,383.3485,278.6798125,292.648125,207.2954375,318.8875,244.5928125
4.288675205070217,271.381625,373.991625,140.759625,234.7196875,32.43525,137.777875,173.9679375,188.7273125,266.859,252.12425,24.823875,301.7251875,325.1028125,503.8625625,190.9851875,-103.058625,452.685375,294.1225625,-9.211125,281.3996875,497.372625,182.8955625,248.2069375,288.7395,350.4579375,217.5646875,359.9368125,185.9333125,57.1063125,131.558375,405.3325625,301.3804375,291.96525,-29.6795625,300.5589375,383.2868125,234.5165625,169.411125,364.195875,-133.147,120.100375,214.21375,4.7384375,351.8286875,277.610625,154.95625,-67.9481875,380.7375,312.7350625,288.61825,345.91275,375.329,457.069125,237.99675,71.1291875,430.9174375,406.621125,397.9644375,503.1989375,411.2371875,60.9558125,323.1135625,110.880125,7.416625,221.97025,377.025,181.31275,492.978125,424.2883125,198.8089375,255.22225,273.8658125,134.2275,509.2699375,74.07875,339.693,332.2015625,198.4013125,439.185375,218.69775,213.1338125,172.4435,117.422,616.573875,378.972625,267.29575,484.7955625,305.17675,163.05075,176.05225,443.3968125,237.214875,46.9318125,261.6011875,302.427,51.7378125,-103.9543125,149.181875,351.4815625,44.0306875,370.3001875,208.5361875,427.097125,469.852,273.3026875,175.363875,609.767625,375.304625,254.3798125,593.9041875,-25.188375,377.1868125,197.72825,353.8533125,109.464125,179.044125,519.914375,154.770125,-68.671625,86.6315625,-33.8855,239.35325,265.57425,328.262125,361.79175,295.91725,317.6986875,176.2550625,298.0075,295.0635
4.2927477277923005,276.9196875,399.832375,121.958,248.171625,40.080375,131.5486875,262.941125,228.4131875,237.14975,271.7138125,27.7540625,289.374625,300.1639375,523.477625,191.0220625,-44.39925,454.5884375,231.491875,-2.2110625,350.11975,493.382875,165.527375,262.8048125,318.762125,354.46025,165.7915,397.577,193.912875,47.39225,111.2710625,455.2485625,306.2180625,314.715625,37.3571875,283.3649375,394.4186875,183.6554375,145.8390625,376.7951875,-107.3343125,109.5388125,251.2225,13.1323125,366.3285,256.416,98.8005,-28.456,353.302625,333.122375,218.9915,363.6529375,413.887375,493.489125,230.39825,69.538625,406.009625,423.404875,382.0044375,451.8020625,441.7996875,93.7718125,304.88,97.602875,-15.7445625,243.169,423.2789375,204.7730625,484.0499375,454.399125,230.426125,227.399875,271.7204375,100.72,509.4774375,90.8946875,314.1686875,290.093375,161.253375,477.986875,259.3543125,177.9824375,153.5343125,140.612125,632.9421875,372.7983125,249.0038125,464.512125,334.10675,171.741875,121.7019375,469.090875,238.5374375,64.6279375,242.8425,323.569625,30.9420625,-103.7618125,176.955625,284.124375,11.4921875,375.5343125,196.1066875,398.494625,488.932875,306.287875,192.2180625,554.693875,373.9315625,277.5103125,615.9429375,-22.1925,381.7916875,194.7864375,331.7291875,135.3413125,221.9831875,501.2234375,149.6778125,-42.518,113.7476875,38.562875,278.1143125,301.7810625,307.706875,324.9461875,313.471125,341.3505,154.6541875,268.66325,338.928125
4.2968202505143696,299.41775,428.4095625,108.9948125,265.4016875,47.1870625,133.5165625,344.0845,260.966375,206.1604375,278.8104375,23.4130625,275.8421875,265.586625,544.4815,189.491625,43.4380625,453.144875,144.409,5.445875,405.2225,490.26375,167.730625,277.5843125,331.504,344.118625,114.6255,400.67975,195.19025,41.9619375,83.383125,499.030875,311.272,345.9705,140.714375,272.5740625,402.3091875,141.7999375,133.5543125,389.337375,-102.0546875,89.4305625,291.030625,39.1070625,371.6020625,252.52375,39.3705625,7.355,319.68575,346.1473125,162.18475,372.9413125,441.475375,527.4775625,207.0416875,76.756875,385.8794375,423.872875,364.999125,399.6413125,474.244875,133.7436875,281.960125,104.0514375,-40.794125,256.2885,455.783625,224.2644375,469.69875,473.8173125,258.9865625,202.883,269.190125,65.8303125,503.6808125,105.5685,297.666875,267.3506875,131.818,511.6956875,314.8085,155.5893125,155.8586875,145.183875,649.514875,385.3186875,241.6756875,436.2874375,362.5106875,173.3793125,88.458,500.9151875,239.8014375,91.1656875,234.18325,339.48375,13.33525,-98.7410625,212.5174375,227.4501875,-1.7953125,359.00975,178.28675,386.05425,517.937375,333.0333125,195.19375,509.9260625,366.0341875,283.2536875,623.2443125,-25.1185,373.2571875,198.7825625,325.88875,141.622875,275.90475,497.56375,138.027625,4.758,139.2496875,84.6649375,326.8813125,338.9721875,291.7471875,288.726625,327.642125,368.0478125,145.78525,231.3854375,356.0735
4.300892773236453,322.3664375,448.5819375,112.450125,282.2796875,51.4464375,144.8298125,413.3198125,290.201875,177.3754375,276.5709375,4.62075,264.1778125,228.958,579.672125,193.684875,137.5325625,445.264,51.27275,16.062,437.9378125,490.4679375,190.123875,290.249125,344.0795625,325.661875,79.119375,374.9615625,201.68825,38.96375,66.1858125,540.6565625,318.889125,385.941875,262.866125,288.497875,409.34525,113.5351875,135.3235625,388.586875,-104.30825,65.1455625,329.2110625,74.9661875,359.340875,269.3135625,-10.917625,31.06975,286.2420625,346.9366875,120.511875,367.2961875,461.5708125,556.3495625,171.5163125,96.06725,366.71675,411.3824375,346.4389375,351.6125625,512.51875,163.5286875,257.8604375,141.197625,-51.373125,263.25575,480.8359375,244.4223125,458.848625,474.989,281.0335,175.761625,267.132875,41.425375,499.495375,119.4708125,277.191375,275.571375,117.052875,545.27525,369.047875,147.6474375,167.575875,122.0824375,672.7691875,403.7125625,241.300375,403.4805625,382.959875,163.714625,83.125125,524.109875,238.0345625,127.86425,238.1756875,344.5243125,0.8975,-90.742,253.199875,189.84475,-1.418125,328.7929375,164.737,387.3885625,551.2583125,350.822,189.746875,482.4941875,359.2556875,269.1089375,620.298625,-43.48225,347.633,204.5725625,337.3986875,128.16575,336.3860625,501.6285625,125.969375,78.994,154.5201875,94.2925,382.91225,376.57125,269.09725,257.234625,337.901125,401.924625,146.2361875,192.787125,339.3056875
4.304965295958522,330.3706875,449.592,133.39975,304.560375,64.1300625,169.272625,468.7856875,310.850375,157.646,267.33475,-17.8624375,264.84575,195.5950625,632.7524375,200.0025625,212.8700625,432.859875,-28.2943125,34.87875,448.742,494.8133125,229.1615625,299.7020625,366.088375,302.3955,69.0985,336.292875,222.9395,42.7436875,66.8543125,577.805,333.0300625,436.411875,383.4315625,333.837875,416.8410625,86.3985625,149.064625,363.28975,-101.3633125,46.3639375,362.34975,113.3236875,333.0929375,301.213875,-43.58125,41.837625,260.7224375,335.3670625,100.7846875,345.4660625,478.1003125,588.896625,130.3803125,122.1565625,351.780875,392.634125,320.504,306.0969375,552.1604375,177.456625,238.4588125,207.284,-38.165,265.8100625,504.633875,265.8651875,455.9163125,458.3395625,298.3675625,138.9588125,272.168375,36.1351875,502.107,136.52825,244.4043125,302.204875,117.178125,582.972625,412.7045,142.4380625,177.5141875,72.1188125,707.8915,414.5853125,241.87375,366.26775,386.0384375,146.159125,106.3991875,530.5553125,232.90425,171.4280625,250.4810625,333.880875,-5.021125,-73.426125,294.1359375,167.261125,1.18725,297.1540625,161.933875,394.4493125,582.990125,369.6256875,181.155625,468.3266875,356.9599375,244.4436875,615.3831875,-73.6896875,305.8834375,211.381,362.5139375,96.9858125,392.8821875,502.85675,117.8524375,172.7249375,160.5485,75.42075,440.8779375,407.5036875,235.522625,223.8078125,351.801625,440.0534375,148.8736875,165.1628125,294.120875
4.309037818680605,324.1501875,434.2358125,164.50725,341.3391875,100.8894375,206.9341875,506.6930625,314.7091875,155.3508125,255.312,-31.8878125,282.3816875,165.048875,693.3585625,198.7591875,260.2594375,420.1853125,-82.9215,63.4413125,445.3225,502.2923125,277.4484375,311.297125,389.350375,276.534375,85.725625,300.092125,260.0734375,63.8968125,83.5703125,602.0535625,355.70375,488.1113125,484.5080625,397.414625,421.639375,46.2060625,173.062125,319.387375,-85.4425,41.6549375,388.32875,150.4434375,303.3489375,335.2236875,-52.7688125,44.7590625,247.9421875,319.5026875,105.847875,315.8151875,489.533625,632.35975,88.91225,141.993375,349.3511875,371.6175,283.677125,259.166,587.11575,187.1398125,230.398,290.965625,-0.740125,259.26025,525.5560625,291.4989375,463.4101875,428.4933125,315.4523125,91.6085,287.7161875,51.309,509.23875,157.4824375,203.8039375,328.725,135.000875,619.840875,449.0354375,124.61075,185.56125,5.8175625,754.3233125,414.712625,239.3583125,327.524875,364.79125,134.3914375,149.639125,517.8064375,227.252,211.487875,259.2605625,305.6498125,1.2740625,-43.4319375,330.5583125,147.5195,-0.713125,269.9830625,173.7385625,391.5845,613.776625,402.7843125,178.7369375,457.030375,357.70125,220.7045,609.684875,-99.9138125,257.588625,217.6446875,390.92575,57.1904375,433.25525,489.8670625,116.200375,266.4473125,169.9579375,47.35925,494.6665,423.8815625,194.37125,191.88775,372.19175,479.045375,149.8416875,154.298625,226.926125
4.313110341402674,313.934625,416.245625,199.4725625,388.542875,161.8530625,251.833625,524.05075,303.10625,173.7858125,244.687375,-35.3100625,306.070625,137.0801875,747.33325,190.7060625,288.4304375,408.1425,-111.65675,96.835,437.733,519.36025,326.8961875,332.029125,397.2925,250.493125,118.1080625,276.8258125,308.8814375,104.6479375,114.7684375,609.388875,379.5573125,524.880125,551.8465,462.8638125,419.2519375,-5.8948125,201.5419375,275.9860625,-56.3916875,58.9469375,401.3690625,186.2359375,275.21275,358.343625,-41.5418125,44.9388125,249.4071875,311.457875,130.075625,290.861125,489.0401875,677.351625,51.138625,149.1920625,369.1118125,355.2301875,247.41275,209.2041875,614.8691875,213.8193125,232.907625,375.455875,54.3708125,238.9183125,534.8345,328.3804375,486.3190625,387.1058125,329.305875,40.35675,314.9914375,79.582,513.904375,176.797875,170.3289375,349.471,175.56975,649.7535625,485.4966875,87.232375,202.0756875,-60.1034375,798.76225,405.094,238.0870625,300.2608125,323.329,141.5601875,201.701,484.9248125,220.9668125,236.856375,251.7646875,263.7975625,23.0375625,-1.25975,358.4693125,123.95375,-6.3880625,245.88425,208.4211875,367.287,650.3219375,452.5395,192.799375,440.6940625,358.76025,200.18875,598.379875,-107.4585,214.78825,220.249875,413.0055625,21.4888125,447.317875,456.4120625,119.7081875,342.799375,196.4418125,27.07425,535.7675,425.5801875,157.4136875,177.989375,387.775875,519.0628125,149.777375,151.4393125,143.317625
4.317182864124757,306.4420625,407.81325,236.8453125,429.970125,229.29875,296.2243125,523.2553125,284.4136875,204.82175,236.884875,-32.088625,320.7698125,111.1244375,787.9325,184.0689375,312.1265,399.9239375,-123.7035625,128.1073125,430.9479375,557.8420625,370.803625,363.5139375,379.5860625,225.4265625,150.2470625,269.9310625,356.926875,151.0795,155.0633125,599.8169375,398.0038125,536.895125,573.5900625,509.3623125,407.132125,-55.646625,226.261625,248.3728125,-22.762,100.0403125,394.4534375,220.8306875,249.1843125,365.6550625,-23.305,47.8258125,266.4983125,318.2515,161.172,281.349875,474.1220625,709.611125,21.568125,148.7174375,413.227625,353.778125,228.7434375,158.5390625,632.7880625,266.0176875,238.9785625,443.6905625,118.93625,208.54325,523.5220625,375.65975,527.4875625,333.2205625,329.562625,-4.4871875,355.474875,106.714125,514.5896875,189.989375,154.739375,368.4424375,234.5876875,673.4075625,522.9989375,35.719625,235.53625,-109.25775,820.80875,383.7318125,249.133,301.5943125,271.566375,165.6665625,257.1559375,430.528625,208.7415,246.027375,226.555875,218.1936875,56.241875,54.6845625,375.331875,103.5228125,-12.455,221.465,272.6425625,325.9108125,694.555,504.90625,227.2981875,419.948,361.289625,175.151625,583.924375,-90.595625,182.08425,219.167625,428.375625,-2.2234375,430.1511875,408.4490625,126.6200625,396.063125,242.0425625,16.63025,554.4326875,420.1235625,140.7084375,193.868875,386.1545,557.0025,150.6241875,142.5715625,59.251125
4.321255386846841,302.2384375,413.32125,273.0358125,454.6339375,281.8205,335.8086875,510.4614375,265.569875,232.871625,230.002125,-25.7449375,323.5275625,83.73,818.6878125,180.294625,341.3860625,401.9089375,-130.78225,153.782875,424.4118125,617.506375,402.8115,404.5809375,338.8906875,202.0056875,175.89625,270.8066875,389.5548125,187.098,190.822,573.789,413.260625,526.2091875,546.7806875,521.649,386.53825,-92.5783125,249.46575,242.1119375,8.0756875,151.91275,370.67525,250.043125,226.8239375,357.93875,-7.0961875,61.4711875,298.8576875,338.8049375,191.4599375,292.5156875,452.729,729.8183125,5.0015625,143.9189375,470.6165625,370.9886875,228.2153125,115.2540625,636.81875,328.433625,244.7010625,487.38475,185.9144375,181.242875,487.451875,424.07625,579.4623125,270.22125,313.867875,-30.03275,406.2320625,121.9519375,519.93475,202.995125,154.7643125,388.4280625,298.0541875,693.2610625,558.81025,-14.0925625,287.0625625,-131.0323125,807.719625,356.7560625,277.480875,335.5305,212.4021875,190.13125,315.6343125,357.5724375,190.6029375,247.168125,196.2655,181.406375,93.383,126.410875,381.587125,101.64075,-16.717,195.8753125,360.6135625,283.4235,734.2975,542.0616875,278.775125,402.434125,366.3819375,135.1689375,576.5945625,-50.363625,157.89175,215.901375,440.7720625,-11.9193125,389.292,360.4400625,142.9221875,427.1164375,297.222375,9.376375,548.1220625,416.8084375,147.4520625,230.7115,366.978375,585.3921875,153.5630625,120.5458125,0.028625
4.32532790956891,297.4188125,429.1315,299.753375,465.936875,308.849625,368.804375,487.5713125,249.27,247.3751875,220.5875,-16.7860625,326.293875,56.7986875,846.1736875,171.9206875,379.860875,410.6474375,-135.420125,176.677125,419.2160625,678.994875,417.261,455.21575,288.1023125,181.976875,204.6915,263.1243125,403.783125,211.0871875,207.6606875,533.596375,423.460375,503.4724375,486.401375,504.88525,359.5048125,-118.3333125,281.3450625,252.8025625,39.03475,196.4529375,343.9619375,265.7394375,209.7848125,336.26875,9.8864375,93.8191875,336.8996875,362.192125,224.78175,318.101375,436.257375,750.9243125,7.0695625,132.9589375,521.90925,400.0655,230.0751875,92.507375,623.082375,376.6765625,252.6854375,510.9183125,245.32775,171.1698125,431.2765625,473.3693125,626.0885625,207.21525,292.3984375,-23.788875,454.2255625,125.19025,541.1551875,224.2411875,162.08425,405.343125,352.9855625,711.0760625,591.5631875,-42.5393125,348.38275,-123.1431875,763.21925,343.709125,315.9501875,387.3255,141.01675,197.0195625,377.4139375,275.497625,173.0658125,251.3914375,173.014625,163.2515,128.2736875,211.779625,380.4825625,132.1661875,-19.343125,171.4675,454.1448125,256.14175,753.17175,558.0035625,339.8871875,396.5385,369.948625,77.5144375,584.135375,9.7071875,142.5240625,207.3395625,447.1091875,-9.690875,346.3750625,327.590875,177.804875,441.6448125,349.622375,5.6940625,525.4756875,422.1185,163.30225,261.152875,337.6568125,600.997,157.4351875,88.526375,-14.372375
4.329400432290993,288.093,444.7203125,308.539875,474.8356875,314.8671875,387.8160625,451.8244375,232.633875,248.2069375,206.328625,-4.0415625,344.3754375,38.965375,870.0665,155.1354375,424.2614375,410.2500625,-132.5628125,203.8315625,421.0455,715.8674375,413.3110625,512.4214375,238.5715625,170.964,248.9076875,237.1651875,403.06575,233.695125,194.963,481.8673125,419.2725625,477.7225625,417.8638125,479.406,324.8435625,-135.5624375,324.768,266.80375,73.40775,228.755625,323.0439375,264.913875,196.5435,305.8189375,29.9108125,147.08475,365.2685625,374.002625,265.465125,344.942125,427.3609375,778.7833125,32.1559375,120.42075,547.8346875,430.399875,220.90525,100.664875,593.5169375,394.3934375,266.8481875,523.5949375,287.5420625,184.412,368.561875,532.642,657.7075625,153.9868125,277.602875,14.91175,482.156,124.368125,579.2400625,249.1878125,172.8270625,411.5683125,393.3160625,730.8875,616.101875,-34.71875,402.725125,-92.8823125,699.8136875,360.1623125,351.0993125,436.3064375,60.0458125,178.6888125,442.862375,192.0158125,159.832625,271.3030625,156.768375,166.2286875,154.798875,298.071375,378.3695,197.6961875,-21.41,153.4316875,529.99375,251.782625,744.182125,557.805125,402.59825,407.7275,369.082625,11.852,603.9278125,84.5496875,137.906875,190.63125,436.7880625,0.32775,324.576625,321.23275,227.35575,450.5380625,390.719625,10.8034375,499.1235,438.882875,175.718375,262.3293125,306.27675,611.8148125,161.2918125,58.6264375,17.1970625
4.333472955013062,279.2498125,446.7000625,295.8515625,489.0363125,312.9969375,382.221125,404.040125,211.358125,241.4749375,185.82325,14.38425,382.531875,36.9953125,883.345,138.848375,464.994875,387.609375,-119.8755,240.227,434.87525,714.053875,401.3699375,566.3794375,194.69525,179.83675,307.5466875,194.502125,385.7100625,261.4205625,144.2275,422.8878125,396.2825625,447.7095,358.2708125,461.311875,284.1201875,-138.0285625,371.808125,270.1273125,108.3218125,254.21625,301.1059375,254.436875,180.77425,280.9825625,46.246625,211.791375,376.2004375,366.654,307.0426875,364.1874375,418.088,803.3521875,77.4199375,122.3314375,543.2475625,452.323375,203.2669375,134.637375,561.7175625,379.7860625,286.925625,530.05375,309.2595,215.41475,315.2138125,599.95725,677.8940625,117.9703125,276.7994375,72.9879375,479.6195625,130.6110625,621.6674375,264.0705,188.173375,402.7158125,418.083625,755.8740625,625.74425,14.366875,435.5176875,-51.5151875,622.15625,403.6168125,372.7473125,471.341125,-13.59625,140.45375,507.9564375,111.273875,149.515,315.2706875,141.1806875,189.511875,164.7676875,364.329625,382.864875,285.9246875,-19.474375,149.958875,571.2645,264.7614375,709.5733125,547.567375,463.5538125,437.249875,365.55875,-46.657875,618.1675625,166.707125,144.243625,172.239375,405.9778125,14.90775,333.9411875,343.161875,274.76525,466.014875,416.0440625,22.829875,476.0109375,463.8471875,185.0745,239.07075,278.0268125,629.2145625,168.0185,44.7841875,75.9093125
4.337545477735145,277.904,428.164875,267.184,505.7300625,317.8929375,352.753,354.6640625,184.4466875,235.2719375,157.9106875,37.3920625,433.274,53.138,879.1005625,139.18925,495.71925,346.3986875,-102.631875,281.766125,460.9973125,678.7694375,395.5624375,604.9241875,161.584375,219.0393125,369.38275,140.886625,348.5673125,288.603625,57.703625,363.467375,357.3555625,407.9233125,308.53925,451.882375,245.6951875,-117.1328125,409.516125,260.7468125,141.7719375,271.5068125,266.2609375,244.888125,153.8213125,274.88675,50.50325,270.059125,372.7955,339.7355,334.8780625,376.6126875,407.118,809.3995,132.412375,153.386625,523.7888125,459.8433125,192.5198125,174.1133125,546.6100625,342.963375,311.8805,530.6133125,313.9810625,249.090125,281.208625,656.817875,689.2004375,103.5595,291.724125,136.995875,445.3821875,154.17875,652.45975,265.67025,211.684625,378.354375,425.799,779.13525,620.72725,100.0035625,445.75175,-6.6361875,528.73575,461.1614375,379.5335625,491.874125,-63.3875,95.5566875,562.7165,39.3979375,141.413625,379.4301875,124.2928125,233.61975,153.4250625,398.4994375,398.038125,377.0390625,-6.83,168.9866875,576.216625,280.28075,658.9715,533.3018125,523.1795625,481.7821875,356.5185,-85.889375,606.4706875,248.9461875,158.8738125,161.4565,365.9035625,29.5858125,370.2761875,381.711125,306.269625,495.66125,424.387375,36.8945625,453.240625,486.255375,197.490875,214.6741875,251.404,654.91475,181.1419375,54.27375,140.1325625
4.341618000457214,280.27475,393.211,232.656625,513.1108125,338.6544375,315.5851875,321.887875,151.4524375,237.109625,124.342375,58.319125,485.4606875,84.22575,855.546375,168.42275,520.1473125,305.3175625,-91.0146875,315.52325,492.1486875,622.660625,395.6845,618.63175,145.622,286.236375,424.6966875,81.5939375,295.2566875,307.398875,-44.1845,305.02275,306.59475,360.106625,263.9605625,443.2490625,219.4918125,-71.903,425.9679375,246.543375,173.2600625,270.9318125,221.228375,244.510125,112.8169375,287.1706875,43.7678125,307.2225625,361.463125,296.4813125,338.3730625,390.7928125,410.578125,789.671125,188.8375625,211.9960625,508.8469375,454.625125,201.594375,206.1183125,558.3754375,296.9155,342.0735625,525.132625,311.5996875,270.695,265.2099375,689.5226875,682.162,108.0414375,321.1353125,200.822375,389.0919375,197.6018125,660.8104375,264.016375,246.013125,341.140125,410.12925,785.084375,608.0085625,207.721125,445.9511875,40.243,429.2475625,521.4640625,375.366875,501.883875,-87.382375,60.154625,603.3386875,-18.5470625,139.8881875,446.840375,107.245375,296.83,124.4940625,407.825,420.9115625,456.99675,19.82975,209.0153125,558.981625,287.3771875,606.879,520.1379375,578.1649375,530.4524375,333.104875,-97.6229375,564.1395625,328.80775,176.278375,160.220125,330.4871875,37.438625,421.9035625,416.139625,320.194875,533.2280625,417.951625,54.418625,422.8551875,497.0651875,213.762375,203.2311875,221.746375,682.1196875,198.7628125,84.1626875,202.777875
4.3456905231792975,277.2118125,351.4835625,198.16125,500.43,376.799625,289.1409375,317.9943125,115.157125,250.123625,91.4573125,71.332875,531.381625,120.42975,815.8959375,227.2501875,543.434625,279.5510625,-90.2658125,331.338,514.287625,554.8024375,389.9386875,604.4996875,145.9151875,360.8115625,468.3256875,24.8276875,239.3335625,318.385,-132.1413125,240.515,252.8283125,314.2639375,228.1365,432.386625,213.81125,-7.5206875,419.6044375,230.1158125,199.855625,249.979125,186.3683125,255.2145625,65.2981875,309.62275,36.38725,317.22475,347.6925,243.7556875,319.3670625,414.413625,442.3246875,747.894,247.075,285.3785,505.6809375,444.9331875,227.5495,237.6471875,594.0489375,252.104,372.4326875,514.6379375,313.80525,273.6026875,259.7483125,704.5126875,647.74325,119.0611875,361.1970625,261.8218125,327.4049375,252.8624375,644.092625,264.80975,288.5186875,301.0354375,365.7024375,764.6725,595.629125,316.7468125,450.4120625,89.82225,345.5005,577.6699375,359.9555625,507.3288125,-93.4709375,47.1501875,637.3808125,-62.1606875,150.081875,495.4359375,88.617625,370.7016875,89.16625,411.189,440.2840625,525.726,58.637125,257.1004375,539.9325,283.9635,564.951,507.238,620.05725,567.353,288.819875,-78.6633125,500.348125,407.173,190.3415,167.803875,305.610875,35.833,473.4333125,427.876375,323.869875,558.2195,399.4638125,78.1831875,380.3359375,497.6040625,224.0283125,203.249,192.282875,702.4788125,212.355,123.2191875,268.740875
4.349763045901381,265.12725,314.8078125,165.6535625,469.6189375,425.616625,278.504,336.4313125,87.1865625,270.580625,68.9534375,77.0093125,568.90725,152.0005,764.0803125,301.856,564.712125,268.9275625,-96.6371875,329.007125,514.8944375,486.3500625,375.9358125,571.255125,155.77175,416.040625,496.7061875,-15.8205,198.6705,326.778625,-181.3800625,163.599625,210.550375,279.804,206.5355625,426.1306875,235.07875,70.5218125,403.298625,206.064,215.901125,218.946875,181.0736875,274.0038125,23.0618125,336.4001875,37.5125625,304.4004375,335.7659375,188.8865625,288.368375,445.6723125,493.8921875,697.640875,308.843375,364.7486875,513.9723125,440.44925,251.9873125,279.9384375,645.6989375,216.2685625,392.092125,501.70275,323.718,257.4286875,259.9671875,718.84075,594.9016875,122.3544375,403.2745625,313.5000625,271.33375,307.849875,611.466625,263.56775,328.757375,275.035375,299.3344375,723.5710625,589.5864375,409.53925,463.56225,139.9615,294.0430625,628.0954375,333.8939375,511.1035625,-88.269,55.857625,671.1675625,-90.40275,168.5064375,513.4685625,69.083,442.3469375,63.3614375,423.4075,443.2909375,589.667125,103.2193125,298.7594375,530.559,270.960875,533.9589375,492.7481875,643.097875,580.13625,226.0015,-37.062,429.5061875,482.790125,196.2135,183.872375,290.305625,27.34475,512.3601875,412.7351875,327.5674375,548.975125,372.0676875,104.174375,328.931625,495.5026875,216.1488125,209.6581875,174.1199375,709.3838125,211.7175625,160.6459375,336.9705625
4.35383556862345,244.8968125,291.2698125,135.2611875,436.4949375,473.108875,273.5581875,354.107875,78.0459375,290.659125,65.8374375,78.199,599.409875,176.7479375,700.2628125,372.9315625,581.216125,263.465625,-100.5770625,315.1168125,489.4168125,433.4784375,364.718875,534.538875,172.4371875,437.4099375,511.1351875,-26.1864375,181.68525,334.1148125,-181.19625,76.2163125,184.1639375,261.3811875,194.37225,431.91025,284.62175,153.4578125,391.2944375,171.530125,216.7640625,191.4426875,207.7988125,301.904625,-5.609375,362.552375,48.392,280.449875,331.45075,136.287125,257.8905625,470.414125,542.9055,655.904375,369.337125,446.4000625,533.8108125,445.5075625,256.8531875,334.477375,705.8854375,193.845625,391.9921875,487.8225625,334.8190625,224.31975,265.3308125,742.2048125,546.6104375,115.4151875,437.985375,346.26775,227.64275,355.84425,579.5044375,257.64575,354.3381875,273.568,229.340375,672.626875,593.7480625,475.3540625,483.53875,188.391625,274.6833125,674.4845,310.71025,509.132875,-70.1215,70.41875,699.7449375,-97.51125,182.21475,507.5468125,55.4365,502.378875,59.36675,445.62625,426.357125,647.8326875,145.316875,325.822125,525.64125,251.35025,505.76375,481.5963125,649.5665,563.4285,160.6263125,8.7416875,367.81325,553.2289375,191.958625,203.390375,278.6425,14.5091875,535.3859375,381.27425,341.3673125,499.0905625,342.232875,127.35175,277.41275,497.002,187.601125,223.0386875,176.477,701.7221875,194.293375,193.22775,387.5158125
4.357908091345533,219.2155625,275.2726875,103.0355625,416.90125,514.9194375,257.92875,349.71925,87.8623125,305.3203125,85.6068125,74.86825,625.15225,199.04575,622.5711875,428.7176875,590.115,251.929,-91.0808125,298.4568125,442.28225,407.591,366.913875,504.4353125,197.4175625,429.1316875,521.00875,-4.813875,184.1163125,338.784625,-137.2295625,-9.3461875,161.2625,262.1448125,182.4686875,446.94675,354.25875,231.368625,385.484375,133.3414375,201.9739375,176.6996875,250.93825,342.9619375,-18.033375,382.3304375,63.9314375,257.3738125,343.0954375,90.156125,236.3784375,469.7345625,569.6024375,629.0101875,422.8534375,523.0185,561.75525,453.8671875,234.979875,396.054125,766.0963125,184.95225,370.35075,468.251875,342.163125,182.4929375,278.5139375,767.6486875,520.788875,107.24425,462.052125,353.6279375,206.091625,400.803875,559.9519375,253.7518125,363.294875,292.11725,172.2294375,615.031875,611.9549375,509.0038125,508.8628125,237.8566875,272.899,718.7865,307.8886875,497.2813125,-33.7746875,74.971625,711.6084375,-78.0103125,177.845625,494.1764375,52.165875,547.8208125,72.074875,469.048875,400.5723125,690.3009375,177.4245625,334.2080625,515.51575,234.71475,474.4384375,479.81725,644.33275,518.5588125,114.2605625,42.192375,325.23675,620.12525,179.34075,224.6871875,263.36275,0.6694375,548.5994375,346.1764375,369.6624375,421.5669375,313.466875,148.95025,234.2370625,501.33825,147.9591875,247.066625,202.99475,682.9465625,166.3260625,218.96975,396.0471875
4.361980614067602,194.0633125,251.612375,66.0379375,411.4855625,555.4445625,224.871375,322.7818125,111.45725,314.6445,121.92225,67.072375,645.9543125,229.6359375,533.568625,466.0565625,587.812875,230.979375,-64.6521875,284.259875,386.3760625,408.9436875,382.1578125,484.961125,227.93925,405.57025,532.328125,30.2033125,198.744125,340.382625,-63.6108125,-72.928625,133.8743125,285.537375,168.9285625,458.9520625,429.1541875,302.063875,378.2779375,106.6370625,176.8770625,177.1034375,284.556625,393.999,-17.4321875,393.34825,81.5721875,247.5258125,372.010375,53.468125,223.0541875,432.692125,565.240625,609.7200625,469.78525,585.70225,586.3214375,451.0345625,189.8585625,457.39375,814.9673125,189.402875,331.479125,432.1376875,345.796375,147.597125,302.789875,779.8665625,517.1925625,103.4568125,478.78225,335.1054375,213.092625,449.8753125,556.112125,256.9985,368.9225,318.88825,135.644625,550.316125,648.65775,512.63225,535.6280625,291.2164375,271.3013125,757.653375,329.8283125,479.138875,16.7454375,68.54175,699.5925,-30.9926875,149.45125,483.3513125,55.477125,578.3701875,84.8903125,484.646625,384.0481875,707.813125,196.1096875,318.3531875,504.336625,234.241,440.2110625,486.49325,628.5639375,453.730625,95.2656875,62.9410625,300.05075,687.5628125,161.164875,258.807,242.9715,-9.805375,564.6605625,313.2724375,403.876125,335.751375,280.1439375,171.0564375,204.82975,500.230875,113.4065625,279.2623125,251.203125,655.765625,135.931375,231.129,358.1880625
4.366053136789685,177.9268125,209.9918125,28.7843125,403.8385625,596.846,185.536625,294.579125,142.255,317.732625,160.0699375,55.8789375,656.9359375,278.28625,443.882375,486.6455625,576.3473125,206.5193125,-30.0588125,274.1845625,337.036125,430.28975,401.151375,477.0834375,257.13475,380.16625,539.476625,57.9604375,222.9068125,343.4488125,24.6489375,-99.302875,114.1875625,328.25575,162.143875,457.554375,495.61225,369.1573125,363.38575,104.5514375,152.80525,187.310625,286.3385625,444.1156875,-9.928,395.2008125,103.051125,262.628875,404.5438125,27.0145625,210.4525,363.1543125,535.8848125,591.44425,512.92925,634.616625,595.7628125,424.413625,133.9001875,508.8745625,840.544,205.951375,279.92,375.5838125,347.713875,133.5455,336.1001875,768.7256875,520.8906875,101.533125,497.2289375,302.863,240.4160625,500.603625,563.430125,261.969875,392.1565,343.2101875,122.451625,485.2271875,700.3639375,493.359625,558.359375,343.629125,263.163125,777.9455625,368.7991875,461.4453125,66.269375,60.9516875,668.8275,37.94,105.2671875,474.8546875,59.5970625,596.9390625,89.7459375,489.8905,386.0491875,702.6331875,204.556875,276.0460625,503.02025,256.637875,404.5044375,495.3796875,604.5681875,385.2169375,96.6425,87.0295625,285.347125,754.0335625,139.7365,315.940125,224.4471875,-13.96775,594.21425,283.88325,426.17925,256.70525,235.228625,190.1684375,191.860625,487.34575,94.3079375,307.0798125,311.0048125,622.3605625,109.063875,225.3269375,289.4026875
4.370125659511754,177.3915625,151.0315625,3.289,376.1373125,636.139125,153.990125,289.0720625,174.75325,312.8269375,186.9950625,42.83525,652.108625,339.6101875,368.2126875,495.6104375,565.896625,185.3875,-1.5270625,273.249125,304.7171875,464.5404375,417.5195,474.9673125,282.6671875,359.4838125,534.9554375,71.7746875,255.74825,351.29625,110.27825,-88.8438125,118.605375,377.673,175.4755625,442.5554375,545.4860625,428.5055,339.808125,130.353,139.1196875,195.7721875,252.2138125,483.0244375,3.039125,388.863875,127.68425,306.409,422.0659375,13.651375,196.029875,275.4395625,497.6969375,578.701,555.7833125,681.2478125,588.356125,374.84075,84.7219375,543.7114375,835.7049375,225.1905,222.342,313.928625,350.8690625,147.159125,368.1191875,732.3666875,515.97825,97.8055625,528.2806875,276.351625,265.738,543.6653125,572.5891875,265.90975,445.2010625,361.9210625,129.9325625,428.6144375,748.857,461.0141875,573.6398125,386.3908125,254.432125,768.1963125,416.5769375,449.83725,97.1208125,60.9575,637.5556875,114.2665,64.695125,467.40925,65.461125,608.251375,92.6965,488.195875,399.4225625,687.8893125,207.327875,215.7971875,511.3213125,297.6521875,368.933125,497.7155,579.8535625,328.7819375,111.937,130.0726875,276.1101875,808.7205,116.633125,388.182875,218.850625,-8.2493125,638.3740625,261.5213125,427.081375,197.2155,180.026625,201.0985,192.27425,468.307375,87.61275,314.492,370.0760625,586.7261875,89.412,207.296625,209.8705625
4.374198182233838,193.234875,82.224125,2.2328125,327.0163125,670.6720625,134.8055,313.8528125,209.6909375,302.9918125,199.5224375,33.991625,631.17925,393.5961875,316.5976875,500.511625,563.9315,172.775625,12.143,290.21425,292.61475,504.843625,431.781125,468.3321875,309.3425625,345.0109375,514.6609375,74.475125,295.627,354.8666875,174.660125,-53.9135625,148.3956875,421.690625,213.150625,423.54575,578.4573125,464.161625,309.0083125,182.27775,134.9171875,190.350625,196.53725,504.9590625,26.946625,378.5625,150.3968125,370.7528125,416.17725,18.10325,190.909625,190.0506875,463.3185625,583.0479375,604.13475,735.7865,568.3935625,317.534375,55.38225,563.88075,801.9771875,237.3935,172.192,270.48175,356.052625,191.8890625,388.5240625,676.9146875,496.660375,91.6595625,574.4948125,261.89925,269.7775,574.4238125,580.16625,277.077125,520.6164375,382.6528125,144.642375,383.2246875,771.16025,428.4476875,578.5071875,417.5129375,251.844625,731.7445,466.042875,448.72575,99.1235625,73.403,623.4876875,183.7871875,45.74175,461.4615,80.6626875,613.5188125,103.4375625,482.797625,406.7796875,677.973625,209.464875,156.326125,520.4835625,343.234125,338.8659375,485.96325,561.619375,291.6476875,140.7845,190.6700625,270.9855625,838.21475,95.866,454.4136875,232.2476875,12.1861875,687.8550625,253.0541875,415.5338125,166.743625,124.0746875,202.914875,196.7329375,457.70525,86.9490625,296.9715625,421.6463125,550.46375,79.940875,189.3895625,132.9751875
4.378270704955921,222.6604375,13.966625,28.3424375,272.5380625,695.160125,125.5711875,356.744875,252.5860625,296.65375,205.1274375,39.3688125,603.3083125,420.1534375,290.6968125,505.850125,565.88775,169.3894375,14.940875,328.120625,298.6260625,545.2431875,445.7465,452.5290625,340.0123125,339.4109375,478.3831875,68.6768125,343.22675,340.7165625,208.5935,-8.116375,188.876125,455.281125,259.4308125,413.6220625,599.7634375,466.7404375,276.4008125,257.1820625,133.859,167.1591875,142.00075,505.2846875,66.4414375,371.868125,166.3293125,438.2816875,393.261875,43.4171875,212.279,130.4756875,435.913375,609.3173125,661.9645,794.3074375,536.64375,273.2369375,45.3121875,576.1153125,751.5345,241.7799375,144.3819375,255.3775,362.244,263.165875,399.2494375,615.9704375,468.834125,81.3723125,626.2381875,251.0555,248.62825,595.3928125,593.6208125,301.613375,600.6689375,413.049125,150.2228125,350.9346875,761.0864375,406.8120625,570.732875,445.1718125,255.584375,682.5551875,507.119875,458.3015625,76.873375,98.4868125,628.08,244.685125,56.3520625,455.1389375,108.9776875,611.2421875,124.010375,469.8681875,395.8528125,676.7583125,223.692125,117.2846875,523.0313125,373.3085,320.530875,456.526125,554.1095,274.7118125,181.390375,251.55975,274.5990625,837.03825,84.4275,502.46875,263.9123125,49.7033125,725.3700625,259.85225,404.6446875,165.2963125,76.458875,200.145,197.125,465.852625,93.3010625,264.0000625,459.8929375,510.9658125,80.555125,180.1235625,65.589375
4.38234322767799,264.9970625,-40.5675625,72.4529375,233.1769375,697.992125,121.9919375,397.782,305.8293125,306.3445625,216.5491875,64.73375,584.3621875,410.47725,285.98375,508.7971875,560.8745625,166.9764375,19.594875,377.157125,318.2994375,583.9568125,459.6936875,432.87375,369.05575,346.5605,435.254375,58.5495,395.75525,307.4395625,218.894125,40.7905625,222.6209375,478.6950625,289.427,418.4139375,614.7988125,449.0315625,255.3279375,343.971375,131.5440625,133.784625,109.9845625,480.7104375,118.294375,378.1413125,174.919,490.1180625,365.1178125,92.3263125,267.87325,112.3100625,412.029125,649.7231875,722.8158125,843.623375,494.41925,257.042375,46.233125,587.1140625,702.3058125,241.357125,145.4108125,263.4273125,373.6819375,343.3565625,410.29225,563.208125,442.534625,60.7556875,668.825125,239.4375625,209.090875,608.741,620.4145,332.118875,674.1641875,445.003625,140.054375,337.3728125,735.632375,399.8928125,553.3241875,479.4668125,264.796875,635.5201875,530.207875,474.3063125,45.2275625,126.862125,639.888125,301.6724375,89.8908125,445.8369375,144.711,601.25775,150.9289375,440.858875,369.78675,674.144625,263.0113125,103.1601875,511.2281875,374.0675,313.0543125,409.124875,559.4730625,270.46325,226.9323125,294.2241875,295.5578125,813.0160625,86.9378125,539.5915,309.2629375,102.4355625,736.214625,273.154125,398.2621875,186.0863125,41.96675,199.090125,190.9783125,490.4195625,110.358375,224.59325,475.3058125,468.0476875,87.733875,180.9288125,14.8443125
4.386415750400073,319.892125,-70.4675625,119.712875,221.031125,674.9516875,125.0484375,422.4313125,362.5241875,340.5753125,239.28125,103.696125,586.2494375,369.2590625,295.773375,505.6801875,539.127625,156.5311875,34.265875,420.28075,344.2961875,619.5269375,469.1026875,418.51575,390.6149375,365.0190625,399.8980625,54.5370625,439.0314375,263.574125,222.4219375,90.7181875,244.4798125,495.0298125,290.563,430.054625,627.9166875,439.5361875,261.4305,422.6136875,126.9019375,102.3605,112.4146875,437.4146875,173.53275,400.74275,178.5365,515.8149375,336.3108125,167.0275,348.97375,132.233125,383.8194375,693.1926875,769.494875,873.4114375,452.71475,268.281,54.985375,603.385,665.9445625,239.4735625,170.4320625,281.50325,398.17875,416.4600625,424.954375,525.1095,425.5908125,25.627375,690.887,235.7849375,161.84025,612.1713125,657.966625,352.02875,740.7790625,462.4000625,116.8285625,345.2579375,715.590375,403.934375,533.3159375,523.2235,277.7458125,602.0971875,532.4213125,491.890625,16.8165,144.1764375,650.619625,354.235875,130.75675,435.348,181.417125,588.3735625,183.127375,397.215875,342.716,657.8285625,323.923625,99.5086875,478.3735,348.2114375,313.032625,346.62075,573.2456875,267.688,272.0224375,312.457625,337.4885,783.330625,100.82525,575.09725,361.5818125,161.9106875,720.873375,283.8535,399.1513125,221.8651875,28.2064375,200.8723125,178.3396875,517.9596875,137.534125,184.254875,463.835,426.1379375,99.860625,192.5163125,-11.2093125
4.390488273122142,382.6275625,-76.8310625,157.0436875,233.9298125,638.8173125,139.3459375,427.3075625,409.92775,392.3985625,262.6726875,138.92025,607.2623125,311.558125,315.5126875,500.1559375,496.073,141.1496875,57.0586875,442.9361875,369.761,645.7829375,464.2446875,415.1024375,408.6150625,390.3926875,380.454625,69.0561875,455.9311875,218.14,232.758,140.9371875,264.0481875,510.777125,270.26675,439.117875,641.46275,461.19025,302.4903125,474.5295625,121.0263125,79.9563125,146.012625,393.6259375,225.7985,432.858375,179.4104375,515.0740625,303.9669375,264.2734375,437.1911875,170.178375,346.38875,729.755375,791.63625,881.90925,426.1413125,289.3914375,75.3024375,628.878875,642.81625,239.0091875,207.14175,293.7825625,435.7593125,480.352,436.5168125,499.5423125,421.225375,-19.6948125,689.394375,252.7256875,118.557125,601.4588125,695.614,349.077375,803.728375,465.04,89.2991875,370.7773125,709.7755625,414.695,515.747,568.4150625,287.2241875,589.2784375,520.10425,510.320375,-2.769625,147.0395625,660.910625,396.524125,169.4961875,430.2816875,219.8585,584.2073125,224.82025,354.444875,329.2078125,618.4125,385.0940625,89.14225,427.457875,313.9004375,324.937,275.4365625,583.3126875,264.9955,315.8448125,314.2305,393.1963125,762.0709375,119.4699375,605.5223125,417.3113125,216.185625,693.438375,290.208625,413.887375,262.7275625,45.5583125,198.221375,161.5128125,530.5038125,168.821875,156.2006875,432.685875,387.572625,117.9341875,217.6345625,-11.7421875
4.394560795844225,444.6719375,-71.4664375,181.839125,259.9756875,607.0558125,162.508125,417.923,440.168,442.2490625,270.8124375,157.2896875,633.5663125,256.862375,344.8120625,499.66625,438.179,134.7290625,82.92275,438.4260625,395.658125,653.0075625,439.556625,422.192,430.451875,419.824375,371.538375,109.16075,441.627125,180.7414375,249.2703125,188.0558125,293.3203125,531.7085,247.28625,446.6676875,652.233375,513.52475,374.9485,495.075375,118.1574375,64.6081875,194.642375,365.301125,275.8660625,462.7151875,176.4236875,493.4321875,265.4969375,370.687375,517.722375,205.31825,309.6513125,750.5323125,796.53275,874.6716875,418.962875,300.988875,107.9219375,663.0296875,629.00575,237.007,240.5778125,293.8538125,476.8690625,536.53975,437.8515625,475.40625,427.0844375,-62.4816875,670.0344375,292.6936875,88.717,572.6738125,719.319125,323.606875,860.9208125,469.8739375,71.8935625,405.0460625,716.2854375,432.7971875,501.8929375,601.192375,287.830375,599.4166875,503.566,532.81725,-9.038,147.4561875,674.950125,422.6799375,206.32025,435.64725,262.9356875,600.495125,282.5665,330.06175,333.100875,545.1319375,422.4929375,69.4639375,370.0309375,292.5940625,355.27675,205.9560625,580.1249375,266.469375,356.431125,311.60225,448.6741875,749.4813125,142.0376875,626.12425,478.3376875,259.0165625,667.754875,291.8755625,442.357625,299.208,95.3456875,181.4401875,145.4714375,516.8709375,196.653125,160.16025,394.0655625,351.2221875,144.0704375,256.5133125,2.17825
4.3986333185662945,498.184875,-65.4815625,201.6976875,287.8174375,584.4771875,183.106125,401.240375,453.301875,474.4606875,260.3831875,158.487125,650.54025,222.2475625,384.1918125,508.5753125,383.8503125,147.9370625,108.796,412.1040625,427.92225,632.5381875,403.55575,433.402375,452.406375,451.34475,359.1794375,171.768625,406.469375,161.7339375,261.2583125,224.825125,332.478125,553.6935,238.209375,457.2015625,653.2586875,575.02925,464.3096875,495.5720625,131.8889375,49.513125,241.3493125,351.8170625,327.65925,482.679,165.507625,461.0930625,224.9786875,463.871125,586.13425,228.4151875,296.766875,752.7004375,795.57225,858.107125,426.722625,295.1034375,147.68725,708.575375,620.7516875,229.97775,260.005625,292.2446875,510.5995625,578.8006875,432.2545,439.8045,438.7225,-86.6611875,641.3793125,344.6341875,76.7715,523.5725,721.9435625,285.5110625,902.3154375,490.387375,78.2413125,433.4270625,725.7495,459.74625,491.9565,616.30275,284.34175,629.125375,485.7239375,557.760875,3.1125625,160.190125,696.5844375,429.3970625,241.8900625,451.611,307.685625,638.03425,356.6403125,332.951875,344.3509375,432.9465625,426.5835,53.98175,315.962875,292.361375,399.44975,149.9965625,563.5121875,265.9505625,390.069375,314.4025,492.236875,734.8901875,173.145375,640.3145,548.0909375,289.7880625,647.139,282.8250625,473.0388125,328.1348125,163.2225,151.8634375,133.35,478.1338125,220.9469375,207.2681875,358.3740625,322.3343125,179.9648125,304.4958125,16.7994375
4.402705841288378,541.562875,-63.4395,220.968625,312.800375,564.254125,191.8236875,381.3224375,450.187875,487.0545625,241.8711875,150.0730625,656.9479375,214.864875,429.535125,526.2259375,356.8059375,181.935,133.1303125,379.56325,466.5328125,581.1981875,373.7516875,439.6304375,460.20425,483.5365,336.0604375,242.130375,368.4025,164.0640625,264.0175625,246.018875,369.85975,564.537875,249.7894375,469.6115,644.09675,621.0444375,549.31,493.2404375,178.28325,31.987375,280.3320625,341.316,383.5666875,495.727,148.336125,431.5239375,195.5020625,526.340625,643.9101875,240.0585,322.25025,741.3601875,790.6823125,829.9718125,446.253375,273.906375,192.2863125,770.7591875,612.6306875,228.3160625,264.0740625,305.43625,529.054,599.122125,430.7033125,392.290125,453.2708125,-87.0911875,608.4900625,395.5265,84.0808125,455.6981875,712.293375,245.855,914.8415625,526.4865,109.600875,444.0764375,726.6521875,492.93675,485.7980625,622.584,286.436625,666.61025,456.6954375,576.448125,31.809625,188.8483125,726.0831875,417.5128125,276.7801875,476.1460625,345.67825,680.0975,436.409375,361.868125,350.2855625,294.976625,406.641625,57.490125,272.0581875,304.323625,440.0700625,115.3040625,538.22225,251.5256875,416.0898125,326.0666875,520.6421875,708.7266875,213.481375,649.225375,625.32875,308.72625,626.9754375,256.1975625,493.5885,347.3274375,229.3133125,123.9235,125.1393125,417.6065625,247.474625,289.9911875,334.3278125,311.5683125,221.8228125,354.4869375,26.73275
4.406778364010461,575.234375,-64.722875,237.92375,337.601375,540.7971875,187.2156875,363.0373125,429.3338125,483.883,230.0254375,145.4045,662.9128125,225.825875,474.0868125,545.934875,372.0093125,231.6209375,156.2306875,353.359875,504.644375,509.7589375,361.9885625,435.801125,446.170875,517.959875,310.825625,301.1521875,343.97425,181.2065625,263.208875,257.61675,394.0181875,559.6089375,281.07575,477.0825625,634.3525,640.04425,612.094875,501.231,257.3071875,19.4933125,316.6570625,327.2288125,443.5586875,514.4853125,133.9900625,419.7766875,190.02325,555.626875,688.1380625,242.8480625,380.7065625,725.7901875,778.085625,781.112,475.180375,246.323125,243.8828125,844.1444375,600.5511875,246.7056875,259.2578125,339.531,525.81775,596.329,438.000125,344.8495625,469.173875,-74.4070625,572.816,437.5023125,110.215,375.969875,705.1539375,208.6245,889.8764375,572.7554375,154.2439375,440.6643125,713.9309375,525.1925,480.8553125,632.0245,298.0189375,695.9786875,406.77375,579.9133125,65.96725,222.115375,755.715375,391.7794375,316.0585,503.2053125,372.0574375,703.564875,507.31025,411.285625,345.874375,158.0458125,381.341625,82.4895,243.6425625,315.6549375,457.7771875,102.440125,508.4825,224.5336875,435.343375,342.3865,534.2715,667.293625,256.6558125,645.1416875,701.09425,320.1906875,604.7145,213.0065625,500.5750625,353.49975,283.4465,113.4005625,124.098,337.1959375,276.2735,386.4275,327.1325625,318.6633125,260.8356875,397.3821875,31.618125
4.41085088673253,595.330625,-68.3005625,253.3435,364.70025,515.5716875,171.4554375,351.0120625,391.89575,464.83275,235.3249375,157.1235625,674.4633125,237.6720625,514.90275,559.8566875,422.0211875,287.5608125,178.1386875,332.2414375,536.5244375,444.4871875,366.4245625,427.4548125,418.468,555.157875,300.4143125,339.4053125,339.334875,205.5801875,267.1910625,275.62575,398.2213125,550.128875,328.1334375,471.142,634.8623125,634.4875625,651.8376875,520.9684375,351.34675,24.3605625,358.17475,317.752375,503.9310625,548.971125,132.343,434.628625,207.3199375,557.054625,710.5838125,239.7069375,457.4011875,713.0075,757.298,713.118625,507.040125,224.04675,299.45125,911.5229375,584.1434375,281.5665,256.466875,387.672625,497.3768125,574.7051875,447.81825,306.0333125,485.793,-62.0239375,535.1756875,464.056625,149.2815625,293.954125,705.426875,171.1739375,827.2645625,626.26175,202.1311875,438.9378125,689.856375,550.473,473.796375,648.302125,314.537125,706.183625,338.4390625,562.0366875,95.371375,240.4415,773.11475,358.4690625,362.33425,522.533875,390.14475,698.146625,562.3005,476.513625,335.2263125,49.6309375,367.06575,116.8824375,232.87675,321.6955625,445.481375,110.628625,478.134875,201.588625,446.85475,357.5405625,529.486,610.2631875,291.4319375,622.71425,762.9028125,332.06375,586.2895,165.5256875,496.2490625,351.1834375,325.4528125,125.8763125,137.2765,249.0371875,301.9781875,475.833,333.0068125,330.1019375,292.5735625,424.7621875,30.67975
4.414923409454613,599.018875,-70.794125,269.9066875,389.131375,496.6159375,146.86675,342.5643125,344.853,429.4268125,259.8386875,186.30075,691.173125,241.6961875,553.7825625,564.192375,482.7426875,338.2233125,196.9515,307.5758125,558.64575,410.0706875,378.5438125,427.22525,391.782125,585.7820625,311.5998125,362.252625,349.8635,231.33875,281.44425,309.5774375,378.17125,548.800875,383.799375,450.2806875,650.5043125,614.0729375,684.549125,541.9196875,441.3949375,53.37375,410.395875,324.6651875,557.4808125,594.01825,150.861625,466.3513125,234.1359375,535.7348125,707.34875,233.2855,538.6204375,701.8536875,734.9311875,644.77525,531.97275,212.983,348.060875,954.792375,566.6540625,311.3184375,265.4559375,441.8465,450.4180625,545.333125,454.3790625,277.7228125,502.6511875,-55.3456875,495.294625,469.390375,190.635,215.0026875,707.5763125,132.806625,739.813125,682.345375,250.524625,450.9850625,654.2366875,567.435375,463.8276875,666.1009375,327.9295,694.71525,263.4414375,521.632625,119.8295625,228.0839375,771.484875,324.7540625,409.567625,526.7371875,404.1331875,666.914875,605.526,548.9626875,329.5298125,-6.075125,368.39525,144.1710625,241.375875,328.9425,412.64375,142.9365625,451.5299375,197.1559375,450.5511875,369.2995,504.7065625,540.713625,306.804625,587.8228125,802.8699375,346.8076875,582.9424375,132.41725,484.93775,352.1574375,354.4863125,155.95875,166.109625,176.9021875,324.948625,544.2786875,345.580625,333.043875,320.026625,436.373125,26.518375
4.418995932176682,593.614875,-63.4915625,285.0704375,402.65025,488.393625,116.392625,332.14675,301.786875,385.6644375,295.9649375,225.4345625,712.002625,246.9221875,592.517375,557.2056875,534.4766875,375.22125,211.09575,276.58725,566.9964375,414.0035,398.56375,440.3945625,375.323125,593.1294375,333.4353125,379.6945,367.121,253.5430625,306.62175,349.5159375,334.1475,556.6366875,437.0071875,421.6478125,678.8881875,590.7211875,725.9529375,551.9875625,513.278625,101.168375,470.404625,343.417875,601.1303125,632.9049375,193.5380625,489.7598125,261.147375,498.63975,684.09425,224.8440625,614.8455625,690.8376875,718.4846875,595.472625,539.0108125,214.1655,380.2784375,961.7365625,555.80925,318.0746875,289.4331875,496.9025,401.46275,524.022625,463.033375,266.44275,515.0816875,-47.8153125,452.6659375,456.2565625,226.0288125,138.5094375,704.92775,97.8229375,655.9718125,734.4605,293.6575625,479.6121875,599.9084375,576.3173125,452.491,680.8004375,332.588375,668.75425,196.210625,466.5984375,145.65375,184.1555,753.54875,297.0141875,447.7161875,515.6470625,410.709875,617.542625,640.69175,611.6125625,340.10225,4.152625,375.9555,160.6524375,272.9459375,348.439125,372.1261875,200.3230625,429.4793125,210.2100625,447.7099375,380.0384375,474.0090625,469.882625,298.8738125,551.81125,821.687,364.2221875,602.3855,125.951875,472.61075,362.6056875,366.31325,197.2068125,203.643125,142.548125,352.6044375,580.518125,365.16575,324.3311875,344.485625,440.891375,26.85475
4.4230684548987655,588.15125,-42.481625,292.840625,401.5109375,482.4003125,87.0060625,320.93625,279.4615,345.579125,328.963875,262.9979375,733.062,266.269875,625.2046875,541.658125,569.4789375,399.0105625,221.6444375,245.1658125,561.644375,448.9995,434.5430625,460.132875,369.445375,565.8779375,351.1624375,399.166375,377.5971875,266.7984375,343.498,376.7214375,275.8618125,569.288625,478.4356875,392.1193125,712.62675,573.2258125,779.731375,546.6941875,552.8023125,155.3455,525.8315,359.7204375,644.1733125,650.797375,259.5855625,486.0171875,286.095,460.715,652.836,219.6133125,676.9524375,688.8505,710.1298125,567.0490625,521.065,231.0668125,395.4320625,927.655,556.0479375,303.3201875,324.94425,542.4755625,362.3608125,518.9623125,482.507625,280.7981875,516.076125,-26.8864375,410.1491875,438.704625,254.0169375,65.237625,693.9741875,73.13575,605.239125,782.1328125,325.002875,521.8778125,524.1145,577.472375,442.605625,692.299875,333.020625,638.2385625,148.1023125,412.196875,176.864875,124.315,726.7288125,278.4816875,469.1604375,494.7404375,406.1061875,557.1116875,660.8544375,648.7488125,369.006125,71.745375,376.5850625,178.84125,325.261625,382.9269375,328.96575,273.9849375,407.4051875,228.993875,439.96475,393.66625,460.3071875,416.623875,271.005,521.3426875,822.9335625,388.692625,644.8865,140.9775625,462.025875,378.52175,360.593,248.9103125,241.2561875,156.6053125,387.423375,581.7296875,393.0939375,308.0315,360.5865625,445.788125,39.9026875
4.427140977620835,581.6290625,-14.026625,293.2591875,392.0870625,467.5995,70.7070625,316.0636875,285.1011875,313.885875,346.2823125,283.27625,745.1060625,295.8853125,644.2279375,527.8015625,584.5413125,418.9843125,234.243125,222.3594375,549.54525,502.9685,486.6056875,481.5031875,372.153375,510.34925,362.8154375,428.3629375,363.13125,265.55525,394.204,380.8969375,221.79975,583.7820625,504.562125,363.3950625,747.6103125,564.5984375,843.1465625,528.4806875,553.001875,208.9375,568.1816875,368.454875,699.81775,643.0143125,339.8013125,458.20875,307.6611875,446.134875,624.592625,226.8084375,715.1219375,705.0944375,710.03475,543.570875,481.69525,264.5884375,397.866625,862.17925,560.20175,280.9583125,363.9735625,569.3531875,333.477125,526.79175,512.1956875,318.9089375,505.4580625,10.6653125,372.790625,430.80275,275.8156875,3.3485,673.731875,69.3135625,596.3201875,829.5915625,347.581,570.222875,439.41075,574.6795,440.7035625,697.9183125,344.17975,607.998,123.152875,373.9861875,212.2971875,71.4365625,693.8644375,271.7595625,473.703875,473.15975,396.2785,492.3416875,659.212,661.491375,408.343375,170.928125,364.7810625,210.210125,384.88075,420.4370625,288.0245,347.30225,385.065375,242.0821875,431.05,410.3588125,470.3093125,395.2296875,229.4200625,495.13925,808.8474375,421.449875,706.867625,164.856875,451.2921875,389.732125,341.789875,310.0559375,273.2795,218.25975,422.7414375,559.5061875,422.400875,291.0671875,366.2078125,450.54225,68.9156875
4.431213500342918,571.1475,14.9203125,292.7191875,386.21925,446.6995625,82.1550625,323.6031875,312.208,289.02475,346.6745,277.677125,737.239875,321.7938125,651.6545,524.37125,579.7090625,443.8340625,253.49975,211.6981875,538.514375,563.9046875,539.353375,509.08275,382.9679375,447.0103125,375.7495625,473.6873125,314.7645,252.625375,455.84075,363.8243125,189.539375,598.034125,512.771875,335.853375,787.4774375,565.3881875,915.2839375,500.0378125,526.2081875,261.1175625,600.4905625,371.8131875,766.9249375,613.948625,416.02275,425.8038125,329.893,475.2995625,602.9144375,249.7363125,724.1794375,733.3073125,711.8265625,509.406625,434.7459375,309.8969375,389.55925,789.6376875,554.765625,263.7009375,397.7350625,580.4356875,312.151125,542.819875,545.52425,367.7875,488.07325,56.67675,344.688375,438.7514375,294.3426875,-34.8708125,646.0406875,92.7078125,614.6351875,878.078375,369.0733125,616.42625,368.1414375,574.8545625,454.7955,691.4391875,374.6131875,580.6906875,119.837,361.41675,250.7098125,43.0475,652.3975625,279.89975,469.4311875,458.8339375,387.7899375,433.9335,638.824875,667.4634375,451.4800625,268.3791875,344.50725,252.505,437.8250625,444.6435,258.674,405.8563125,376.1903125,242.884,425.8213125,420.3030625,487.913,405.4166875,179.0863125,471.1529375,783.3305625,451.784,783.182875,193.6529375,435.7609375,385.3946875,315.9983125,374.12675,299.804375,315.0595,450.709625,533.9375625,440.946,278.0780625,369.5565625,452.824875,106.4449375
4.435286023064987,560.5535625,46.2205625,294.14,392.1690625,433.1164375,127.8795,344.6275625,353.26725,272.5776875,339.163875,252.3910625,705.0905,337.897625,653.6918125,531.573875,564.5460625,474.555375,274.298375,205.994125,531.480125,617.0313125,572.02325,548.713125,398.768875,393.7471875,392.568625,532.181875,244.2829375,243.524375,518.482,337.2438125,184.1215625,609.65225,500.523625,317.297,833.9591875,577.401125,990.821875,459.9701875,497.6529375,311.7520625,626.996375,367.70675,828.49025,573.5990625,466.889125,410.5285,364.5430625,547.3128125,584.30125,281.5451875,705.798625,757.0826875,697.4150625,464.6029375,396.7496875,363.919625,370.517875,730.4446875,530.44575,262.1558125,419.4378125,584.163625,297.4794375,565.998375,578.457,413.7358125,467.606875,103.9988125,328.8114375,460.707,317.5019375,-40.0916875,615.5291875,130.5294375,638.928375,925.3201875,393.825375,656.052875,327.476125,580.9910625,484.980125,673.158,415.163125,561.963875,136.139875,375.25225,294.857,46.894625,604.322875,302.278625,466.8746875,452.4468125,377.90075,391.629,609.0175,682.222625,494.4520625,333.230875,324.487,296.9798125,478.7926875,450.1671875,248.2144375,442.2118125,401.1953125,230.617375,429.313875,409.6453125,491.8746875,434.452,121.1718125,453.3095,753.29925,462.22275,868.4735625,226.6376875,408.58625,363.5579375,291.291875,432.9351875,328.9130625,427.2321875,467.370375,521.83775,439.59025,265.7389375,378.361875,455.038375,135.7181875
4.43935854578707,552.6195,89.874375,294.7524375,411.243875,435.2614375,197.363,376.0243125,405.7716875,269.41125,330.6085,219.4054375,656.783,346.7865,650.7825625,546.266125,557.8755,508.556,285.2761875,196.497375,529.446375,649.0829375,577.6850625,597.21975,414.1389375,358.1799375,412.9853125,587.39875,178.2405,255.346,570.7805,317.3980625,199.2041875,616.0146875,474.337375,321.3591875,874.7005625,599.70375,1052.6930625,408.228125,484.24375,360.583875,645.91725,349.2356875,866.7900625,535.0075,476.6019375,423.454375,421.3345625,636.70925,566.8034375,312.2703125,668.125375,767.2440625,651.0784375,421.0285625,380.0165,426.02325,347.048375,686.387875,487.054,287.809875,423.2325625,586.8285,287.52225,593.7321875,609.4140625,450.3453125,446.758375,152.6285,323.34675,488.4263125,350.162375,-9.472625,587.9490625,160.4483125,655.5713125,967.5935625,421.935625,687.5988125,318.80375,590.599875,519.2096875,652.84875,448.008125,559.5690625,172.47725,411.992125,348.2028125,81.095625,558.13725,335.183625,471.560875,447.7455625,365.9270625,369.0038125,580.236125,705.5245625,528.3775625,350.056125,319.8705,341.0785,508.5388125,444.460375,259.706125,457.1325,468.733125,207.7723125,445.7270625,376.8225625,471.451625,465.6476875,58.274625,444.0720625,726.105875,442.9951875,956.11325,254.5349375,366.4429375,338.6415,273.834125,479.676875,371.7039375,537.678875,470.278125,529.153,415.263625,247.109625,390.1655625,461.8721875,147.4311875
4.443431068509153,540.707375,150.830125,295.276375,440.893375,448.4228125,274.1534375,412.37125,463.16425,281.2356875,319.6773125,189.5205,604.176125,348.6071875,639.638125,565.832,577.147375,544.2998125,276.6919375,182.7099375,536.714125,658.4756875,571.0080625,638.437625,431.7795625,339.746125,442.0814375,621.8588125,139.8494375,291.4966875,604.438,316.0180625,229.9169375,616.3413125,449.9166875,350.2955625,885.418125,623.5453125,1083.3533125,355.503,485.22775,405.5658125,656.8335,315.0978125,873.1344375,506.7360625,448.1663125,461.798875,501.920875,707.6885625,557.5855625,339.9299375,625.838,766.230875,573.878125,393.25825,386.0398125,490.575625,333.2978125,649.5384375,433.105125,344.5651875,407.4225625,593.372125,279.8043125,622.018625,634.0874375,475.2826875,425.4955,207.0496875,318.83375,515.671375,386.9085625,51.400625,572.2084375,175.8325,660.349875,996.380875,450.0875,707.8791875,333.4375,604.8783125,538.593,635.4745,461.102125,578.003875,227.35325,469.9163125,411.1704375,131.2125,520.9098125,376.26325,482.5544375,440.6991875,362.5493125,367.7096875,559.9004375,725.6974375,546.18175,323.987125,347.923375,387.6169375,527.4875625,440.7811875,293.2785625,460.3198125,568.805,178.757625,475.3895625,337.7625,433.3918125,486.2176875,-1.3379375,437.951125,705.00675,403.642,1033.20025,264.6539375,315.09125,334.4583125,264.516375,510.531375,431.1011875,634.13975,458.9114375,551.1015,372.8684375,221.6415,400.476875,476.178875,151.0501875
4.447503591231222,515.919,221.9853125,303.086875,482.59225,457.800375,348.75575,446.3366875,513.4784375,304.992,307.116,174.9049375,555.28825,336.0953125,622.659875,584.164875,627.6199375,578.5645625,247.222375,171.7864375,556.0838125,653.161,574.842375,651.91325,460.90975,334.012375,482.8024375,631.455875,136.529,340.574625,615.650625,333.7710625,275.921125,613.8011875,443.512625,389.987,852.1946875,637.1519375,1080.5459375,319.120625,490.0348125,443.259,664.562125,272.86875,852.3451875,486.997125,407.2016875,513.54575,601.7409375,736.316875,564.378,370.29175,598.416625,761.9263125,481.7759375,395.1655625,404.3463125,545.406625,341.215125,617.5976875,382.069,422.2416875,380.7635625,608.819375,271.290875,650.3421875,648.3519375,482.041625,403.240125,274.8445,303.166875,544.278125,416.0206875,131.5825625,579.002,189.8639375,652.894375,1001.840625,478.8791875,709.331875,362.9373125,632.4115,533.8828125,613.6085625,455.5426875,614.6706875,292.076,548.3818125,480.34475,177.10425,497.78825,423.1161875,498.76025,437.736625,381.1483125,386.4783125,549.8538125,735.5919375,553.4926875,276.5905,410.2573125,434.0591875,538.0041875,452.333,345.773375,461.5454375,682.2999375,155.2533125,513.4249375,311.61475,395.869,487.8703125,-47.5808125,430.348875,686.8935625,365.4134375,1083.2965,255.5964375,265.7841875,361.8286875,265.5605,528.9241875,494.9935,707.992,441.09625,577.2178125,328.4046875,194.9029375,411.6584375,494.14075,163.3373125
4.451576113953306,481.061,292.2886875,320.66725,541.95675,449.138375,415.122375,471.414875,548.7933125,336.804375,302.0121875,185.4123125,521.5095625,304.1975625,606.5830625,593.871375,699.12525,606.0810625,210.7895625,175.404375,583.571125,640.9189375,599.5389375,629.126625,498.4554375,340.0378125,528.894375,624.7675625,161.8055625,388.9170625,605.1014375,359.7645,334.6768125,614.436875,465.74125,426.4353125,787.669875,635.4113125,1056.6150625,309.772125,490.8295,473.8174375,674.867,231.8665,824.106625,471.6805,384.1945,564.9056875,708.8384375,724.949875,583.8275,406.298375,602.7213125,762.742625,395.506,430.883875,420.9413125,577.2798125,370.9855,598.1345625,344.5448125,506.076125,362.402375,637.271125,261.114125,677.5083125,659.9968125,462.665375,388.022625,365.4459375,270.8735625,579.35025,425.27375,219.8355,611.44075,219.9709375,634.7776875,984.3143125,516.257875,684.6971875,398.347125,679.4233125,519.5395,579.666375,443.91975,660.6108125,355.9901875,640.1010625,550.2076875,208.94875,497.6905625,471.757,522.1543125,449.4181875,422.84125,418.06325,547.2420625,740.5785625,563.5825,233.809375,487.1653125,469.3203125,545.1284375,484.1735,414.171375,461.5301875,790.4323125,152.628,551.0240625,303.8723125,371.920625,465.309375,-76.530875,424.183875,664.1344375,341.2905625,1098.659125,239.627625,228.3575625,407.2820625,285.5460625,546.610375,542.0571875,757.1861875,432.537375,600.8661875,305.3213125,173.9025,427.54925,505.897125,193.1079375
4.455648636675375,451.8931875,355.66525,340.594875,616.92075,422.3805,465.3534375,486.9366875,568.4820625,372.9139375,311.5331875,218.5411875,516.067,260.989375,591.804125,594.4385625,773.7230625,624.8134375,185.507125,203.9978125,614.7474375,625.099125,634.1709375,577.31,525.6060625,357.783125,571.845375,613.414375,205.43925,430.89925,576.702625,381.2349375,402.1065,622.7689375,514.1898125,457.5271875,720.8679375,622.7401875,1024.1585625,329.7535,492.0216875,503.8826875,689.8384375,200.6796875,811.423125,462.593,395.1204375,605.872875,803.6765,694.492875,608.3538125,443.0455625,641.457875,771.7460625,330.5423125,486.1524375,428.519,579.284875,413.31725,604.964875,324.5428125,588.305375,371.356875,677.1015625,259.2066875,697.017625,684.594,416.203375,392.3383125,480.5825625,229.6666875,620.0853125,412.0691875,303.0513125,659.8368125,276.6315,613.2223125,955.1771875,565.690875,637.623625,427.074125,741.0398125,519.1441875,537.65275,442.193375,704.648625,416.9180625,729.6894375,615.4319375,231.577625,531.0529375,523.211125,553.1024375,477.5825625,476.6316875,455.6015,549.49375,744.2773125,585.4048125,211.91925,555.1991875,480.5225625,549.638625,529.902375,491.56975,455.95575,877.3365625,171.96375,577.3921875,308.6500625,365.619,419.4494375,-92.3966875,423.9005,628.9403125,332.6063125,1084.7115625,230.983125,208.048,450.5554375,332.183875,574.32325,553.61375,786.4335,443.2545,627.601875,321.96025,162.8370625,447.789125,506.0459375,236.702
4.459721159397458,441.468125,412.1945625,358.567125,691.5205625,391.6815,497.0016875,497.7414375,574.8494375,407.0538125,330.7070625,261.54875,541.382625,223.0501875,574.384625,589.6045625,838.4554375,638.957625,177.4331875,261.035875,649.9079375,608.714,656.935375,511.4803125,532.0905625,381.9519375,603.60375,602.7311875,258.2909375,466.5839375,538.10825,395.5486875,476.91,634.9539375,571.6855625,488.4818125,679.7954375,605.08725,986.0179375,376.766125,506.5578125,542.041875,708.294375,188.7994375,821.64175,464.255375,436.8884375,632.2116875,867.2431875,662.974,633.481125,473.760625,699.6910625,785.3769375,293.8154375,539.297,429.3570625,558.759625,462.267,646.3203125,323.788375,666.9075,413.0130625,721.6615,282.8835,704.796625,724.8404375,350.524625,420.2195,607.2855,194.1995,654.731625,389.5254375,367.892375,707.602125,360.99975,594.804,924.7461875,617.4706875,589.0535,434.923375,799.40075,539.5273125,503.4574375,461.1145625,739.3603125,482.5196875,803.911,671.770125,251.459125,601.3109375,580.29625,589.983875,515.1108125,531.8648125,496.8263125,555.56275,738.4999375,618.663,215.3381875,605.08125,463.878125,548.75825,582.6209375,557.88375,445.506375,932.5744375,196.3125625,580.4516875,321.648875,383.447,360.012375,-98.016875,431.0428125,579.7876875,339.5468125,1054.3734375,237.1404375,204.4779375,483.2059375,402.1590625,612.6619375,524.465,804.025625,468.213625,669.2664375,379.350875,158.749875,471.4800625,496.6599375,281.30625
4.463793682119527,451.6866875,465.0570625,380.2715625,745.8944375,367.65275,518.4538125,509.8200625,569.760125,435.60825,347.83625,304.55575,586.552875,199.8485,557.3740625,578.657375,889.6550625,654.429375,188.36475,344.049375,689.4405,598.3243125,656.5636875,446.035625,532.092875,408.268125,613.4670625,592.6764375,313.7859375,495.9715,501.154125,412.681875,557.648,639.1249375,618.8758125,526.0356875,679.0115,585.4345625,942.8176875,438.05575,543.244125,589.686625,730.9043125,199.797375,843.0139375,478.3275,495.743125,647.8316875,891.0544375,636.2225625,655.9960625,494.98775,752.8583125,800.561375,290.8906875,578.52075,430.2381875,535.8430625,518.4715,715.7634375,341.3445625,736.3544375,475.2569375,768.0913125,340.8456875,706.2485,766.6231875,282.2745,466.6894375,728.4598125,172.6756875,671.00225,376.9963125,410.146125,744.5601875,466.39775,576.1988125,896.4774375,654.3158125,564.49775,412.299125,832.751625,570.0555625,490.646875,499.9110625,765.8149375,559.0469375,858.3624375,715.903875,270.4479375,698.1991875,635.1431875,635.1338125,555.80825,584.3826875,539.5531875,562.3876875,715.415875,655.642625,241.1811875,643.4145625,429.8840625,541.429125,644.782375,592.543125,442.2970625,953.1599375,213.5713125,553.783875,342.45525,434.1459375,305.5303125,-91.4908125,448.207,524.0004375,360.9216875,1021.86025,258.477,212.342625,506.7413125,479.7295,654.5436875,467.9233125,817.113125,494.385875,730.499,461.5725625,156.4338125,496.66475,478.8885,317.493375
4.46786620484161,478.1146875,515.678875,409.439375,767.57775,349.9475625,542.9478125,526.7768125,557.0231875,460.917,356.1341875,345.6764375,635.4135,189.5755625,549.559625,560.8883125,931.041375,669.37225,228.940125,446.1815625,729.5346875,600.8425625,639.3118125,386.883375,547.2879375,436.0335625,595.7411875,583.08275,368.778375,519.6376875,476.4680625,442.659,638.5781875,630.521375,646.112,575.182625,711.91175,568.0270625,906.2604375,488.3275,601.8501875,636.9691875,758.449875,221.751,859.41025,502.30525,554.7940625,664.5563125,879.3835,613.442125,671.206625,503.7171875,778.845375,815.7961875,329.2104375,603.2679375,436.5833125,527.1335,581.9504375,796.5845,367.8819375,786.4190625,535.2551875,817.94725,424.5269375,710.0565,793.2380625,232.310375,522.7259375,837.116125,160.951875,665.125625,385.6833125,436.1014375,772.295875,581.8828125,547.8214375,873.18625,662.296375,573.072125,361.713125,831.7020625,597.6,493.874,545.8975,792.9603125,641.8611875,891.57325,745.268375,292.9530625,801.739,672.241875,695.135125,598.667375,634.4590625,580.961,565.3524375,683.533,687.4273125,283.2756875,684.47825,395.541875,528.8343125,721.478125,593.4840625,464.50475,939.2218125,233.1221875,507.6191875,369.008875,514.6755625,276.89575,-70.822625,478.8514375,475.3108125,390.1093125,995.6885625,291.3415625,223.2674375,524.5319375,546.9830625,693.3179375,409.3286875,830.6105,512.787375,802.5365625,548.1824375,157.0003125,517.02675,451.9735625,345.72775
4.4719387275636935,511.263625,561.4391875,437.0685625,753.6593125,338.3795625,576.815875,547.335625,541.7395,484.8826875,357.28825,387.650625,672.163625,186.932625,554.053375,543.912875,968.8159375,673.7580625,307.6693125,553.0053125,764.717,617.3951875,616.4945,332.6345,584.92525,463.5418125,558.85625,576.5006875,419.083625,539.0266875,464.5914375,483.3123125,710.0098125,618.61775,655.2289375,634.8609375,759.3938125,558.7563125,896.683375,506.4975,676.332,668.4195,783.2969375,237.1826875,860.5216875,531.9014375,598.5009375,698.3126875,840.0644375,592.9871875,672.78675,499.263625,769.8185625,826.1405625,406.4025625,616.9839375,448.93525,532.7105625,648.507,868.064,390.939125,808.5703125,571.635375,868.9984375,515.7348125,720.1736875,797.967375,214.099625,572.97525,932.2141875,147.5569375,637.330875,415.26025,451.106625,797.1758125,694.75425,501.44925,860.70275,643.2449375,604.4410625,294.534125,804.283625,613.80525,495.71275,581.346375,830.9696875,718.5205625,895.59175,760.59375,325.0923125,893.5336875,683.8558125,772.9021875,642.7528125,681.3704375,622.51075,562.8836875,662.902875,710.1320625,338.5299375,736.4181875,373.5043125,516.7151875,810.2920625,571.8649375,516.92075,897.079625,275.4415625,462.3281875,400.1925625,612.2474375,286.7981875,-36.7973125,519.9726875,447.2856875,418.214875,976.15375,330.932125,232.714375,537.4424375,595.6080625,727.199875,371.331625,848.3925,523.8581875,868.88675,626.3871875,169.311125,528.6141875,419.46,367.3003125
4.4760112502857625,536.88925,600.756625,450.088,710.801,335.717375,612.5099375,571.9985625,525.383125,508.606,360.2060625,434.176375,685.4764375,187.66275,565.09525,536.110625,1001.9339375,662.2490625,413.995875,645.5749375,791.9844375,642.839125,596.6403125,283.5405625,637.163875,488.3895625,519.1326875,582.0585,455.9490625,554.5265625,459.622,526.324375,762.4570625,615.2228125,652.6813125,698.864125,808.0394375,562.1093125,924.3119375,496.101125,758.3725625,673.4456875,791.078875,240.76625,841.2563125,563.6229375,620.8208125,759.783375,779.1630625,572.3034375,657.0341875,486.8295625,734.28725,825.8299375,504.221,627.156875,463.161125,541.087125,711.1916875,914.866625,408.3995,800.8244375,577.7429375,912.619125,596.0166875,739.5699375,789.3895,225.4224375,597.98425,1004.105375,125.5215,593.61825,459.0178125,456.1069375,824.8985,795.137,440.6815,862.3916875,615.5893125,644.656375,223.3840625,765.8705625,617.9939375,487.5395625,594.77075,882.918125,777.476125,859.4613125,768.3881875,367.8215625,961.764375,677.576875,859.1056875,680.6871875,724.0023125,668.485625,555.95525,664.6074375,724.013,405.5068125,794.463,370.279,514.276375,898.7880625,541.1790625,582.95925,845.199625,350.678125,429.5279375,440.4821875,715.499125,334.0026875,8.3581875,561.2241875,446.5028125,439.107875,961.083625,372.73575,243.1519375,542.6615,627.85325,760.39275,363.1155625,870.3083125,532.3010625,920.052,694.42075,199.8196875,534.8230625,389.385125,380.8206875
4.480083773007846,546.7543125,633.1741875,446.733125,656.7125,345.69625,635.8730625,605.6674375,510.4023125,537.808125,375.42225,484.877875,677.623125,188.875125,575.8024375,540.9494375,1020.543625,642.7793125,523.56625,714.7246875,811.7464375,669.1021875,586.052375,245.3135625,690.8164375,506.2325625,488.02375,609.8486875,472.072375,566.8768125,459.2053125,567.4821875,790.570875,628.41675,642.30625,762.566,852.8450625,577.91925,977.16125,481.1564375,840.9183125,658.2226875,775.206,244.747375,799.8235,596.3120625,627.97375,843.5118125,704.8398125,547.76775,625.30025,473.4199375,686.3425,817.12025,599.632,645.7848125,475.88175,540.85975,760.4466875,933.704,429.3344375,773.7158125,563.931625,939.4601875,651.0905,771.0620625,784.755875,252.151375,589.1620625,1037.8445,101.977625,549.6989375,504.60475,456.98225,858.088875,877.5274375,384.506875,876.8119375,593.2666875,686.993625,164.634125,731.2689375,619.8179375,475.6584375,588.808125,941.559375,814.235125,784.696875,779.3208125,417.757375,1000.558875,673.72,933.5461875,701.8300625,764.669125,717.0021875,542.9625,684.458875,733.2235,476.1166875,847.1645625,390.104625,522.5,969.06525,514.9510625,638.8001875,803.2879375,447.08125,407.5145,492.234,814.0938125,408.21275,65.63675,594.2179375,470.9909375,455.374,950.5236875,415.8083125,258.367875,538.6233125,651.799125,798.0618125,378.5038125,889.075,538.694875,961.8856875,753.6356875,242.1750625,541.486375,370.0918125,387.12875
4.484156295729915,546.9511875,656.769375,437.4916875,616.409375,377.63475,638.893,648.7025625,505.8305625,581.1951875,405.9578125,533.06275,666.1320625,189.2240625,586.2015625,559.4818125,1020.142875,629.278,617.9815625,768.3035625,825.011875,688.00875,589.3009375,225.2304375,732.6264375,512.5106875,466.9895,658.1961875,470.961125,580.1935,464.3675625,605.700125,796.62025,664.881375,624.4420625,825.776375,889.2441875,599.1128125,1030.84,480.9434375,917.7205,641.8149375,739.915375,272.0649375,741.6615,628.632375,633.1524375,927.0850625,628.6915,517.883125,583.2991875,464.893625,636.599625,812.678,672.500875,681.304125,492.82425,529.3349375,785.0120625,926.092125,460.5253125,748.8250625,548.9600625,947.480375,679.4569375,809.4963125,796.64775,281.40975,554.4141875,1033.5805,92.53275,523.277375,539.674125,463.638875,894.1703125,935.2369375,357.85875,901.771375,574.66325,726.3828125,135.0494375,713.1919375,631.94725,471.660125,575.373375,996.2144375,832.17775,693.1584375,801.31825,471.14325,1009.9400625,693.092125,978.6368125,703.5640625,805.242375,760.23775,525.3923125,713.7240625,746.6711875,537.5340625,886.0359375,433.045125,531.80925,1008.6409375,500.6778125,669.8348125,778.772625,538.6979375,397.3930625,548.6265625,898.2408125,499.0366875,137.9485625,618.7019375,511.0310625,476.31975,944.824125,460.758625,283.6003125,526.0654375,677.537375,839.707375,401.6866875,895.17325,541.6314375,1000.5786875,800.5661875,285.4991875,549.2738125,364.92125,387.63875
4.488228818451998,546.356,672.8341875,433.541,609.7770625,437.9809375,626.7875,694.7246875,520.337125,642.1320625,445.83625,572.48075,666.507875,188.2375625,599.1588125,591.780625,1009.870125,625.99125,690.0195625,815.3688125,832.199625,693.4315,608.7363125,225.4116875,756.275625,511.659625,450.35275,711.689125,464.77325,600.355125,474.63825,638.084875,791.062,723.09025,599.581625,886.3939375,913.51125,616.8243125,1069.3161875,493.9963125,981.09525,640.7015,695.0776875,339.4296875,680.3434375,655.5910625,652.4948125,983.696375,564.0454375,483.336375,540.530625,466.6956875,593.761625,827.301375,709.9555625,732.726875,527.709375,516.085,774.8725,892.7130625,498.9591875,742.4494375,547.967,943.8299375,693.071625,844.19975,824.0814375,309.6345625,509.2409375,1011.7269375,106.195375,523.2765,563.2238125,481.328625,923.4239375,962.87425,380.5393125,931.145625,555.1790625,755.5518125,140.44375,716.2590625,660.0470625,484.1655625,563.8455625,1040.5906875,841.147625,613.31675,831.199,525.4878125,997.982375,740.628375,994.8890625,695.8881875,844.7033125,795.2615625,516.3253125,745.884,772.397375,583.3676875,910.0585,488.5204375,535.496875,1018.285875,494.807875,674.304,767.01775,605.2680625,409.007125,599.09825,961.8361875,597.0631875,223.923125,640.079375,554.337125,506.3300625,939.7375625,502.2575625,327.9110625,503.8571875,714.905875,881.563375,419.30275,885.1356875,545.2433125,1028.344875,830.6221875,326.79975,553.0854375,369.08975,382.1845
4.492301341174067,543.5533125,686.742375,438.4425,636.143125,519.407125,614.8709375,736.995875,553.92375,712.691875,491.491375,604.5061875,678.2788125,187.8014375,612.155875,637.575,1002.604125,624.2901875,736.209625,854.903625,831.81,682.1989375,642.0428125,238.8914375,770.4688125,515.5935,430.6208125,753.7754375,462.8001875,627.6145,487.814125,663.174625,786.445375,791.4928125,571.3515,935.6283125,925.8860625,628.5565,1093.9460625,504.44075,1024.6966875,662.9291875,657.2123125,439.4885,629.8130625,671.2854375,699.448125,1000.7743125,520.451625,444.4696875,513.161625,480.838375,565.2425625,866.6019375,716.18725,791.3514375,585.50375,514.5996875,726.28525,839.7416875,539.8535,756.759375,560.22625,937.7159375,705.5430625,867.4049375,852.5785625,343.333125,469.609625,995.4049375,141.1329375,546.13275,580.7741875,509.491,931.771125,965.1914375,458.96175,952.22125,536.0621875,769.5845625,176.996375,732.1295,704.3945625,514.156375,555.10125,1074.6228125,852.498,559.0259375,854.4385625,580.46275,976.712,803.973375,1003.9815,692.6231875,884.2410625,827.3525625,531.23925,775.36,810.409375,619.0820625,923.15175,539.935125,539.273875,1008.3241875,491.0759375,658.5219375,759.2631875,641.9084375,444.6901875,639.3529375,1004.6944375,695.427125,315.8718125,664.644,596.13775,539.988375,929.7605625,532.851,396.2975625,472.5316875,766.7779375,919.9339375,430.199375,863.5603125,556.8165,1036.8293125,845.833875,368.8384375,554.00275,376.572625,374.037
4.49637386389615,534.591875,700.503125,450.771125,673.3030625,610.4201875,615.85225,771.139625,596.2813125,778.08525,544.9738125,633.0861875,691.057875,196.4830625,619.777625,692.028,1002.0843125,617.6451875,754.5164375,882.865125,820.8538125,655.796625,681.00175,254.5148125,789.3894375,534.6834375,404.9074375,780.985,468.62625,657.5459375,504.354375,687.1086875,788.4693125,857.152375,544.9016875,967.4569375,925.4409375,638.6644375,1113.8295625,501.306625,1046.4454375,707.6011875,644.5518125,544.333,596.482375,671.274375,773.7609375,988.7583125,500.690625,404.5238125,518.7645625,500.93675,551.8400625,924.6508125,707.24725,846.005625,654.3838125,530.6978125,650.1451875,781.3258125,583.3403125,787.4411875,570.3645,934.6921875,723.1205625,875.80325,862.914,395.980625,449.6778125,991.6441875,195.31725,580.885875,593.2801875,543.576375,913.5756875,954.31175,577.84,956.688625,520.092125,768.559125,237.5845625,747.7915,762.1058125,556.7505,546.8768125,1103.100125,871.7985,527.563875,859.1284375,636.03675,952.2240625,865.955,1030.6521875,701.1085,925.557375,863.750375,572.3965,798.644875,849.2630625,658.1496875,929.6213125,577.08175,556.219625,992.1715625,493.5226875,635.8539375,754.5340625,653.9799375,487.7978125,673.777,1033.1525,796.2705625,404.1666875,693.6604375,638.6285,564.8155625,920.9399375,551.410625,481.1643125,439.95775,822.0026875,950.3410625,444.29625,836.838875,576.8024375,1030.68025,854.482125,412.8660625,565.9333125,388.982125,369.14625
4.500446386618234,521.6250625,711.360875,472.3144375,693.1948125,703.1100625,629.1174375,795.6174375,636.7189375,824.8789375,603.994125,656.8324375,693.632375,222.7365625,623.128125,740.9123125,1002.702875,610.1651875,746.7831875,896.2775,801.46925,623.50975,717.0549375,266.139875,813.934,574.2416875,377.086625,804.148375,483.867625,690.6346875,531.495125,714.6444375,794.7666875,912.069625,522.611125,986.1464375,906.4223125,650.495375,1132.2643125,490.6924375,1045.4389375,763.61775,665.940625,633.6705,578.4731875,650.8681875,860.115,971.970625,502.123375,376.218375,558.24475,518.8143125,550.13425,989.466875,693.584125,891.11625,719.1975,561.2820625,571.4354375,729.0784375,626.54325,829.149,565.588,939.04425,740.721125,873.3883125,841.474,476.0740625,457.87275,991.2863125,271.7291875,619.40925,601.5686875,577.817375,879.2629375,940.8929375,702.6235625,953.1619375,504.6388125,756.1625,311.2198125,758.970625,822.8935625,605.9625,542.0915,1133.353125,898.9018125,515.0755,848.278625,688.96725,926.713625,913.599,1080.8390625,720.3733125,963.9773125,908.0654375,627.370625,814.2924375,872.168375,711.7655,929.5303125,600.216375,590.72725,981.8108125,515.681375,624.16325,764.6028125,652.988875,514.031,710.8546875,1054.4463125,905.252875,483.9979375,716.3295,679.8925,569.2959375,928.5293125,560.7569375,565.9925,418.371375,865.6124375,970.675375,471.24475,808.3621875,598.0534375,1017.159125,862.1976875,460.4225625,602.6026875,415.3085,370.680875
4.504518909340303,508.5883125,720.5564375,511.5404375,681.81775,788.0608125,643.907625,811.821625,671.96525,847.03775,660.3265625,673.584125,677.2770625,264.091875,633.8983125,770.283125,998.9538125,607.6918125,724.1059375,891.7785,783.8255,598.7358125,744.662625,271.037125,832.6878125,630.2588125,351.8199375,836.591375,508.245375,735.7008125,577.436,740.239125,801.7054375,958.2080625,502.6001875,998.8810625,865.432875,662.076375,1141.391375,489.0195,1021.41525,812.448,716.396625,710.1035625,572.1649375,609.8706875,941.1845,968.5468125,517.353,375.4635625,610.5926875,535.1895625,558.2424375,1049.144375,675.75125,930.7571875,774.5819375,597.708125,514.75525,685.5620625,661.5604375,873.8959375,544.75025,956.4596875,745.3639375,872.599625,786.31075,576.248125,494.1286875,986.884375,369.999625,661.628375,612.8865,609.7158125,842.390375,932.5123125,802.781,961.88825,481.4709375,737.90875,383.1920625,771.3445625,875.056125,651.717125,547.8874375,1171.1325625,927.2638125,524.2245,832.28275,726.6715,908.2540625,940.871,1139.2260625,746.897875,993.3075625,955.479,680.757125,819.144,871.243875,779.38575,921.6123125,618.4371875,631.63725,981.0526875,564.995,636.0303125,799.6926875,651.367375,514.50675,757.2290625,1070.0105625,1015.858125,557.23375,717.78325,713.0966875,553.2120625,958.5543125,561.0265625,639.8489375,417.0314375,894.8088125,984.2981875,513.0750625,777.362625,616.9578125,994.21475,867.2945625,516.064625,662.4416875,464.0308125,380.90875
4.508591432062386,498.59125,737.3311875,575.8895,648.516,854.3546875,651.6340625,819.9365,701.1421875,850.5099375,708.465375,688.3851875,641.3175625,310.6709375,666.0775,778.499125,990.6750625,607.7286875,708.406875,869.535875,776.7541875,589.1285625,758.2626875,267.7058125,836.543625,690.0358125,335.860875,884.64825,541.49475,803.1825,638.605,761.2220625,810.099375,1000.997,483.06525,1009.6076875,809.9981875,674.6830625,1128.522875,510.4246875,979.6528125,836.491,781.243125,781.76375,578.662375,561.4376875,1005.8894375,974.9339375,538.1811875,404.754375,651.902125,557.5296875,574.764875,1094.107875,650.628375,972.324,820.676875,630.073875,492.478875,650.8933125,685.89525,909.718875,512.96725,989.575875,730.1664375,884.817625,705.1940625,675.984375,551.5640625,983.529625,479.9083125,706.7623125,635.1625625,638.36375,808.68525,936.38025,870.591125,996.578875,447.9754375,720.6214375,437.646875,791.6905,915.847625,682.1855,572.08175,1216.0916875,940.8940625,559.194875,814.037125,727.3919375,906.8091875,951.4446875,1187.36975,778.586375,1012.31475,995.2996875,724.5244375,806.194625,853.840625,847.6105,906.5661875,647.5045,668.9663125,982.755,632.37925,670.513625,851.9221875,654.2410625,502.70525,811.6244375,1075.2439375,1108.13425,628.6085625,699.2035,737.7926875,526.8081875,1004.1681875,552.1611875,705.53275,438.138125,914.947375,996.6866875,565.82725,741.30225,638.3549375,959.8075,865.411,584.51775,731.2321875,538.140625,404.91425
4.512663954784455,498.88525,771.20825,659.9959375,616.38725,895.12525,650.2598125,817.041625,726.453375,847.7581875,747.480875,709.5423125,597.962625,355.590875,725.511625,773.73,978.35775,601.9995625,715.70875,839.15875,777.854875,596.9420625,757.397125,262.886625,826.9678125,743.8561875,341.9008125,946.232125,581.4380625,894.2864375,700.0289375,786.0053125,822.3378125,1035.629375,464.7110625,1017.3995625,755.7875,698.2663125,1090.86075,559.4205625,932.1375625,830.304125,844.8279375,846.802125,600.2464375,528.504,1047.51025,973.765875,561.028375,455.465,674.327125,590.1661875,596.3765625,1118.395875,619.487375,1019.5429375,854.595375,655.5956875,502.949625,631.7734375,701.4660625,925.768875,478.8195625,1034.0891875,701.9633125,910.052375,609.9178125,754.251375,620.1498125,989.745875,586.0285,744.9973125,671.643875,661.9385,782.9366875,958.2928125,914.9624375,1054.132,414.614,706.601875,464.00875,819.946125,944.3650625,693.4099375,618.46825,1262.9449375,923.8468125,620.2996875,790.9165,677.154875,925.7916875,952.81525,1220.9176875,809.70925,1018.27575,1019.7765625,759.9559375,769.579,837.3783125,897.419,883.428625,697.6218125,707.4445,977.0360625,702.086875,717.0949375,900.257875,661.8175625,497.1873125,863.2386875,1065.5343125,1164.96375,704.5876875,679.38,761.9334375,501.1590625,1057.57075,541.1656875,771.7154375,473.318125,927.143,1012.2475625,622.522125,703.0853125,670.21675,923.95725,856.5574375,664.8530625,794.275375,633.4090625,446.9013125
4.516736477506538,518.6625625,821.7929375,745.7233125,605.1891875,910.5855,640.7571875,804.13125,755.826375,850.3431875,777.7530625,737.308125,567.962625,401.3865,805.1563125,766.676375,958.7728125,589.856875,736.7753125,818.049125,776.2114375,622.659875,752.8900625,268.6966875,815.9539375,793.176,380.3469375,1011.468625,621.091875,995.6689375,749.305875,822.1048125,838.37,1050.5516875,451.157625,1018.4133125,715.416625,740.3496875,1038.394,627.0953125,890.657625,802.152375,897.918125,901.32675,629.06975,526.3460625,1062.7663125,954.267625,586.005375,522.6485625,684.7959375,631.0535625,618.22475,1125.343,591.6024375,1069.2635625,873.887,683.296625,532.8888125,642.7295625,705.1954375,919.0589375,454.9736875,1081.0943125,676.7973125,942.0538125,517.1879375,801.617625,687.9715625,1004.0289375,678.3070625,765.0504375,723.1385,682.8509375,772.186875,999.47675,946.050375,1119.9334375,396.9114375,690.80925,462.0809375,848.44025,954.610625,690.2856875,678.625375,1305.5858125,873.959625,703.1101875,763.74675,585.8208125,967.043375,942.526375,1246.76925,830.9295625,1006.752875,1030.7016875,795.498,714.095125,841.2149375,916.7553125,853.035125,762.619375,756.5914375,962.1965,768.261,767.545125,928.9521875,676.407625,505.629875,897.59125,1043.2965,1183.603375,793.4565625,673.6121875,791.3850625,482.659125,1114.451375,541.2670625,840.2320625,505.7829375,931.5866875,1033.0838125,675.5174375,673.1963125,714.9481875,900.32575,849.512375,745.7334375,841.576,737.5786875,505.2868125
4.520809000228607,553.568375,876.177625,813.8670625,622.681,911.4094375,628.7251875,789.842375,795.2306875,867.3380625,802.1891875,766.1219375,569.5378125,453.1003125,888.486125,764.30225,932.1776875,583.6388125,750.6299375,820.176,762.4298125,662.8516875,753.1411875,293.88625,819.1518125,846.8815,447.610875,1064.1636875,654.152125,1087.1903125,783.4233125,869.09625,858.1314375,1043.688375,446.5201875,1011.0178125,692.64375,795.6515,987.39075,697.3921875,862.6663125,764.528,938.889375,945.72325,649.2406875,551.448125,1055.1860625,921.3355625,609.84025,602.413,693.968875,674.0958125,639.9216875,1126.728375,579.2416875,1112.542,884.0016875,722.8910625,567.40375,694.5345,692.6519375,899.0564375,453.0174375,1124.7616875,672.9015625,979.999,447.1869375,822.6595,742.4860625,1013.57475,754.167125,763.244125,788.74175,708.6349375,777.8430625,1053.262875,971.3911875,1180.4395625,406.8803125,669.88875,439.516,867.6955,941.8994375,679.7958125,731.4439375,1336.027625,802.795375,799.9404375,735.2909375,485.805875,1035.3345,914.5511875,1267.51275,839.7686875,985.0361875,1039.53775,838.8933125,652.5713125,878.24225,910.76625,823.22925,829.522875,817.2090625,944.4905625,837.85625,821.1825,933.2533125,700.7715,525.159875,907.3226875,1014.355875,1175.399875,896.8668125,677.6920625,822.5599375,473.296125,1169.041375,564.62975,906.3651875,523.1275,933.59475,1060.7269375,720.1753125,661.9474375,765.434375,893.30575,856.9916875,814.8723125,873.963625,836.114625,572.7500625
4.5248815229506905,589.134625,917.79475,851.7369375,664.7528125,915.2961875,626.036875,783.8331875,841.114,903.909125,827.556,793.1005,606.911875,511.387375,960.866375,770.269625,907.8424375,597.298125,751.0920625,848.976,737.3640625,713.5891875,754.5536875,340.2979375,844.59625,909.4825625,524.0056875,1089.9115625,678.0609375,1153.2393125,804.434625,919.74275,885.764375,1023.25625,449.8380625,996.8535,684.88275,854.1261875,956.4473125,758.3920625,857.954,728.0314375,972.0966875,980.3370625,655.59325,593.6578125,1034.4640625,891.5475,627.6299375,685.4309375,710.7745625,713.19425,666.934625,1130.514,588.6454375,1140.8560625,896.8574375,776.2990625,602.7440625,780.179125,669.6549375,884.6288125,477.5369375,1164.339625,699.394,1028.7103125,413.7013125,825.3615625,776.8903125,1007.4236875,815.2123125,743.41075,863.0884375,746.1878125,793.5934375,1109.68475,997.31875,1227.974,448.976625,649.96475,411.3216875,871.34425,907.2840625,666.8891875,757.22375,1347.5938125,724.83925,902.421625,709.0050625,414.2220625,1127.5479375,876.1841875,1278.8999375,845.102375,971.709125,1057.0429375,889.3073125,595.6061875,947.0465625,900.3770625,802.341625,893.1375,880.6834375,930.858125,918.5955625,876.52725,913.7555,732.629,550.68675,897.4000625,979.8128125,1160.551625,1001.2443125,675.5750625,846.6314375,475.4409375,1214.7063125,614.967125,969.2466875,523.8848125,942.6400625,1098.3880625,757.89025,667.9043125,813.553125,900.606125,885.65775,870.081375,902.560875,921.33175,640.07675
4.528954045672774,620.8378125,942.552625,854.2971875,720.4941875,933.1445625,643.6945,791.5141875,881.7485625,961.803625,858.7975625,817.604,668.24725,577.380875,1014.2746875,789.0539375,894.655625,630.738,746.5625625,898.668875,713.79075,773.163125,753.2205625,401.119375,886.1049375,975.81575,588.651375,1086.0348125,689.8515625,1186.9400625,815.8318125,964.2458125,927.609625,996.971625,457.0493125,980.3145625,685.925375,911.8754375,956.7343125,807.2108125,887.2075625,699.01325,1005.2069375,1004.3585,660.31375,650.7260625,1009.6188125,883.599625,643.8006875,766.164,738.6875625,749.1474375,704.0611875,1134.9568125,615.8143125,1154.709125,924.229125,841.040875,647.325375,879.4535,651.0700625,891.31425,527.8441875,1194.4528125,748.475875,1087.3375,420.202,814.425875,793.99125,987.42775,864.387875,715.2256875,936.0931875,796.512625,811.304375,1164.7663125,1027.1089375,1255.3835625,515.1539375,642.8371875,397.081875,855.424875,857.5515,654.993,757.758,1344.499125,653.672875,1004.0138125,691.4326875,392.0955625,1226.80225,844.6406875,1277.2438125,858.65875,980.3013125,1083.9663125,939.5038125,549.9855625,1032.00725,909.47075,791.6195,954.348375,935.6675625,927.738125,1008.0301875,924.4353125,875.333625,767.2195,582.2003125,878.206375,939.841,1158.3775,1086.0945,661.8543125,859.8381875,494.5774375,1247.2141875,684.7179375,1034.14425,514.0195625,968.7531875,1149.5515625,794.3985625,679.7899375,860.70675,922.60325,932.2294375,915.5940625,930.076,992.6825625,700.8156875
4.533026568394843,653.431125,965.161125,825.6511875,778.37875,965.058375,684.7768125,816.2039375,908.0934375,1039.2885625,891.440125,839.608375,740.435,652.7699375,1045.424375,823.7359375,891.3811875,670.2095625,744.998375,955.2585,708.018,836.6716875,752.4874375,464.5918125,930.0035625,1035.8614375,634.505625,1059.7305625,686.45975,1189.8384375,821.98525,1002.597625,984.7758125,972.011625,467.8100625,970.4633125,688.3951875,967.201125,981.5739375,847.3899375,946.2276875,679.367625,1042.4415625,1017.6488125,679.121125,723.013125,985.017875,911.97275,673.32325,847.239875,776.609625,789.109625,756.1271875,1138.2095625,653.782125,1166.7651875,973.3635625,906.9954375,713.3960625,973.045,649.147375,923.4759375,598.727125,1203.6158125,806.248125,1143.664125,464.244,798.3743125,804.635875,963.1528125,900.182875,691.9363125,998.198625,852.1480625,825.38025,1222.183,1059.8031875,1258.0924375,586.9808125,657.685375,407.33375,822.57975,808.3788125,650.2243125,754.1796875,1339.15875,605.699375,1100.197125,688.4214375,421.5426875,1313.527875,831.9321875,1260.2839375,883.9603125,1011.8263125,1114.6470625,984.0558125,516.961125,1114.4429375,947.3578125,788.7023125,1010.068875,975.4636875,941.758625,1097.49575,953.8295625,827.674,804.7821875,623.0428125,860.2374375,901.5093125,1175.5026875,1136.8411875,647.0259375,865.217625,534.3600625,1263.2606875,760.30375,1103.81025,502.7145625,1013.2378125,1215.8055,836.0906875,693.5655,915.467875,960.5221875,988.962625,955.116625,944.0506875,1049.8823125,751.845
4.537099091116926,690.5900625,1003.13975,782.8245625,831.6258125,1006.932,749.66175,859.0605625,922.1900625,1126.16975,915.4803125,859.5119375,821.48475,733.672875,1059.8848125,870.7710625,891.341375,704.187625,749.9023125,1001.677125,728.6879375,896.5801875,760.638,519.818875,967.8315625,1079.038875,668.2593125,1021.9544375,672.6925,1170.8765625,828.907875,1047.2543125,1049.82625,959.2186875,486.6599375,978.8320625,691.2341875,1014.952,1013.0210625,882.034,1013.69125,670.4719375,1079.643,1020.6793125,716.9086875,806.4796875,959.9896875,981.0254375,727.315125,926.6010625,823.4303125,836.187375,829.1765,1146.4670625,698.2565625,1194.6239375,1043.4394375,957.64925,806.7769375,1043.9833125,666.2998125,977.5650625,682.7120625,1189.02,864.484625,1184.3265,537.1979375,790.4078125,819.3693125,941.480375,918.52825,684.762625,1049.624375,902.3195625,834.46525,1286.5918125,1091.7151875,1242.9935625,646.199125,696.566,439.0791875,786.778625,779.1055,661.963625,763.1036875,1342.2438125,594.7690625,1185.3351875,696.589125,494.3611875,1375.229125,841.3100625,1231.076625,917.9525,1058.27125,1143.0291875,1024.30025,492.2604375,1182.1653125,1003.2465,796.5605,1053.2575,1001.6415,973.4949375,1181.026,964.0766875,785.2393125,851.9395,672.92825,853.455875,876.4,1202.90225,1148.8854375,641.6064375,864.379,595.02525,1264.8979375,831.03525,1171.469375,500.4110625,1066.9848125,1288.19725,886.544375,716.0859375,981.6750625,1009.6715,1048.043625,991.1729375,937.97275,1091.2180625,792.7679375
4.541171613838995,736.630125,1057.5815625,750.734875,881.4416875,1051.2958125,839.5378125,911.4356875,929.8730625,1205.9084375,927.2026875,877.7909375,910.1680625,810.6456875,1070.3519375,916.6005625,894.1238125,731.333375,763.3121875,1030.9095625,774.879375,948.2405,788.066125,561.3595625,1001.8785,1097.8450625,701.4163125,988.19425,661.56275,1143.904375,843.64125,1106.1318125,1109.1491875,966.4625,517.8544375,1010.9086875,704.1875625,1052.41,1037.571375,910.73425,1070.194,673.82975,1110.92375,1016.4346875,768.478625,896.1031875,933.5430625,1077.977125,801.3276875,991.4493125,874.7368125,885.2401875,919.7749375,1166.9933125,746.66675,1249.9825625,1126.22625,989.048625,922.088375,1075.5924375,697.4698125,1044.40875,773.71,1161.925125,915.721625,1207.7275625,621.1883125,798.3906875,841.838375,923.661625,920.84075,699.9763125,1100.6493125,940.74,844.5824375,1354.988,1119.842,1231.4394375,684.2280625,751.684,486.5409375,762.4750625,776.590375,693.1016875,786.4479375,1359.45375,620.5686875,1248.3504375,704.81575,596.638625,1410.709875,873.8390625,1203.163875,960.2018125,1106.543,1163.4034375,1063.020625,476.844,1230.74825,1058.8759375,818.1199375,1083.73475,1018.3513125,1014.7291875,1253.4689375,965.2734375,766.4546875,913.6844375,725.927375,862.3066875,873.0495,1226.8129375,1130.424875,650.7144375,853.414625,674.78975,1265.5460625,892.264375,1224.2485,517.49675,1124.0145625,1346.2415,940.3446875,753.037125,1050.88625,1060.657875,1101.5703125,1025.995875,922.6855625,1117.86325,828.7158125
4.545244136561078,795.0805,1114.310125,747.5705,932.831125,1087.6409375,947.357125,958.447125,932.843875,1267.8119375,934.8419375,898.2954375,991.956625,876.9550625,1081.4488125,946.7998125,906.3720625,756.097375,781.8355,1048.8805625,838.3055625,993.35675,841.8470625,591.0990625,1039.529875,1093.273125,740.0016875,976.578875,665.857625,1122.956125,871.49625,1173.0589375,1150.500875,988.7998125,562.73725,1062.970125,738.801,1082.745625,1049.46325,933.63725,1112.585375,688.055375,1137.8953125,1016.0496875,826.3551875,987.5985,909.0234375,1175.686875,882.1355625,1033.3824375,922.043,929.946,1011.662,1197.5940625,799.5916875,1332.3766875,1207.7978125,1018.63675,1043.9306875,1063.608625,738.376125,1110.436,863.862,1135.4206875,950.0653125,1223.664375,700.464375,820.245375,874.621375,909.6965,913.3260625,739.8063125,1161.089125,967.466875,867.83725,1414.362375,1141.91825,1247.3143125,706.74175,806.646875,545.8199375,753.4190625,792.9554375,736.09175,819.1363125,1386.6430625,667.281375,1278.79975,709.3529375,709.2234375,1429.28175,927.404875,1190.1018125,1015.03175,1142.112625,1175.385375,1095.4825,481.7793125,1264.2543125,1103.4615,845.0088125,1111.441125,1024.426375,1053.9729375,1307.5450625,965.76125,785.3395625,988.7474375,775.2170625,885.673,894.257125,1240.8464375,1097.45675,678.501,828.2125,765.661375,1277.7196875,944.133125,1254.772125,560.500875,1186.85175,1377.194375,984.8885625,802.34675,1107.2493125,1106.5846875,1145.3700625,1062.9276875,913.0805625,1137.0885625,870.1526875
4.549316659283147,863.38375,1160.4865,774.93525,986.8234375,1110.30975,1054.608375,995.3181875,933.3469375,1314.3775625,949.5863125,931.1985,1046.5031875,932.4200625,1087.161,964.339875,929.97775,785.2533125,800.5626875,1062.8105625,905.2543125,1040.558125,917.592875,616.4575625,1083.85875,1077.83425,778.853375,1000.616125,695.6008125,1116.1414375,916.2629375,1239.343,1176.21375,1015.344875,621.926375,1126.499875,792.0784375,1107.403875,1047.1633125,953.809875,1147.3806875,709.1920625,1166.3509375,1034.5039375,882.484625,1076.2594375,891.9176875,1247.6281875,961.1355625,1060.82325,960.70725,968.3568125,1090.017125,1229.243375,858.99725,1428.0233125,1270.4946875,1068.8845,1153.06525,1024.347875,794.269625,1163.3608125,944.7929375,1117.710375,966.165875,1242.276,772.4213125,847.8251875,924.7899375,904.1218125,899.2564375,801.7096875,1232.9253125,986.9883125,910.6905,1449.7156875,1156.40575,1294.3008125,729.3206875,848.1129375,611.16225,757.3129375,821.54975,784.618875,856.4775,1410.0825,717.088,1279.68025,721.738875,810.7524375,1442.46525,991.8285625,1195.1995,1083.243875,1154.8215625,1188.0591875,1114.03775,516.3483125,1296.7803125,1138.844,866.5539375,1148.7286875,1017.2200625,1083.8359375,1341.7204375,968.528625,840.174625,1076.067,820.08975,924.0438125,937.477625,1246.7356875,1062.1340625,727.245625,791.097,854.156875,1298.5713125,991.538875,1266.8385,629.405875,1254.29325,1390.4744375,1015.519375,855.0035625,1144.6610625,1148.29775,1182.2831875,1106.0349375,916.690625,1158.861625,922.8909375
4.553389182005231,937.2351875,1189.880625,817.443125,1040.0131875,1123.2455,1141.1560625,1030.6530625,940.6063125,1355.4905625,974.4031875,986.754375,1066.8084375,978.5165625,1085.5396875,988.8174375,957.72075,826.4735625,821.9145625,1075.2121875,964.2798125,1097.71925,997.6021875,646.904125,1133.5748125,1067.192625,807.537,1064.4400625,755.220375,1124.73,976.5279375,1303.2959375,1204.23575,1045.1214375,696.617,1192.8981875,847.91325,1124.4778125,1034.4145625,974.7418125,1179.9314375,735.4615,1194.4970625,1074.212375,930.035375,1156.253125,887.0446875,1279.79825,1034.500375,1089.088125,995.2434375,1001.689375,1150.98,1255.64225,923.6386875,1515.933875,1305.182375,1145.0606875,1235.1648125,983.158,876.9711875,1197.355375,1013.8819375,1119.5085625,977.81225,1266.3858125,836.9583125,875.4863125,996.720375,914.105,877.2621875,876.2659375,1310.512625,1004.4338125,967.1176875,1456.1849375,1165.2286875,1354.10475,768.29525,878.434375,674.1166875,773.311,863.425125,838.9278125,895.7861875,1420.3795,765.340375,1265.2046875,755.375875,888.903625,1457.0703125,1054.0816875,1216.133125,1158.56,1147.4559375,1210.0765625,1120.679375,581.2095,1344.348625,1172.3358125,885.0463125,1200.0884375,1006.0033125,1107.1005625,1365.529625,979.8173125,915.71075,1171.77625,863.500375,977.882625,996.4226875,1250.5059375,1031.03675,794.117625,755.3025,928.152875,1319.7525,1043.8159375,1272.422875,719.842375,1315.3741875,1401.8450625,1045.7466875,902.937875,1178.196125,1187.9456875,1212.5375625,1155.626125,936.250125,1188.354,982.4074375
4.5574617047273,1018.6695,1196.11,851.4040625,1086.974,1136.4553125,1195.7363125,1072.5118125,965.4805,1398.5405,1006.4856875,1061.954625,1064.82875,1014.6859375,1084.8323125,1036.8855,985.0204375,885.4926875,850.581625,1087.544875,1010.94875,1164.9163125,1062.58425,692.215,1189.0474375,1071.5886875,826.142375,1161.5085,838.4610625,1148.1145,1042.48025,1367.3525625,1249.658,1088.1344375,788.592125,1255.71175,896.283,1137.72725,1020.0458125,999.9835,1214.225875,769.0961875,1212.616,1121.653625,966.98625,1221.8843125,895.1516875,1271.509375,1094.4721875,1122.2848125,1034.9030625,1030.6908125,1197.569875,1277.1438125,990.482625,1580.877375,1319.3648125,1231.0645625,1285.863625,962.54125,988.24575,1215.3925,1075.47675,1156.2590625,1004.2981875,1291.7399375,889.9419375,903.1069375,1081.5288125,940.68275,850.4276875,951.3436875,1384.448375,1023.739375,1026.397875,1444.3203125,1173.749,1407.877625,833.110625,915.34625,730.190625,801.346875,919.9303125,900.7594375,937.4505,1418.0593125,818.1583125,1246.719375,809.9089375,948.5505,1476.3944375,1106.285625,1250.9901875,1233.8314375,1136.721875,1236.6870625,1123.3478125,674.1809375,1409.6158125,1205.5903125,914.7790625,1259.103375,1010.019625,1132.209,1391.0778125,1008.4333125,994.2826875,1257.3670625,903.4031875,1044.5545625,1064.3924375,1261.233,1010.0980625,870.4405625,739.846125,977.662625,1343.29025,1108.8370625,1285.3203125,824.2688125,1357.976875,1412.0714375,1100.0174375,943.066875,1227.63025,1225.370625,1229.7383125,1207.96225,972.3635625,1224.71875,1040.1753125
4.561534227449383,1112.7399375,1178.1599375,862.4561875,1122.109375,1157.929875,1217.1658125,1120.722,1006.8445625,1443.3354375,1043.8114375,1136.0466875,1061.59625,1043.7964375,1095.342375,1113.3795,1014.4566875,961.1705625,885.0373125,1106.1164375,1045.021875,1234.199125,1104.422625,762.1794375,1253.7735625,1099.080125,851.29,1277.5530625,931.033875,1185.4706875,1106.6755625,1431.5810625,1311.711125,1154.847625,896.7086875,1313.698625,938.836375,1158.4199375,1013.173875,1030.7394375,1254.583625,812.9770625,1216.2525625,1161.9793125,996.019375,1269.843375,912.51375,1232.8879375,1132.707375,1152.8440625,1083.5843125,1053.928875,1235.4056875,1300.884875,1055.7219375,1619.6695,1326.9790625,1305.53875,1311.7404375,973.4145625,1111.571125,1225.612875,1140.0944375,1235.4640625,1056.3051875,1312.786875,931.83025,930.1715625,1159.8615625,978.961375,833.64725,1021.27225,1445.3353125,1048.2725,1077.9685625,1434.6826875,1184.089375,1452.2970625,920.542125,980.9438125,783.7670625,836.0816875,985.47225,971.4169375,986.1093125,1407.204375,881.7328125,1227.644875,872.3565,1003.793875,1502.1378125,1147.5026875,1298.9535625,1303.72,1141.3426875,1251.5991875,1122.4639375,788.230125,1480.281625,1235.5035625,969.2579375,1313.8825,1041.447125,1161.0495,1428.3448125,1055.8589375,1065.26,1308.014875,934.6175625,1120.7955625,1136.8158125,1285.3843125,1006.259375,946.5215,754.8263125,996.4814375,1377.2588125,1187.134375,1312.4765625,930.9461875,1376.2968125,1411.0816875,1191.6773125,972.507625,1292.7516875,1263.4928125,1234.4638125,1258.7611875,1016.4685625,1263.5285625,1087.2813125
4.565606750171466,1213.496875,1151.7551875,856.058875,1143.228375,1188.552,1212.619125,1171.279375,1052.89325,1484.7346875,1086.48375,1187.8686875,1076.247375,1079.0800625,1124.24975,1215.0066875,1044.8798125,1042.7640625,915.7103125,1144.4380625,1068.7730625,1298.2710625,1130.8310625,863.4560625,1331.3799375,1152.789,902.22225,1392.9550625,1021.18025,1233.07825,1169.8474375,1489.8331875,1383.315875,1246.932,1009.6528125,1368.16475,976.605625,1194.8121875,1017.0704375,1062.965625,1302.247875,868.304375,1211.41725,1191.766,1025.8284375,1302.059875,939.128,1181.107625,1151.4530625,1175.9779375,1134.9670625,1071.962,1273.357,1337.02825,1115.2619375,1638.416375,1336.505625,1357.5565,1326.447375,1010.5499375,1222.70625,1234.2566875,1222.2226875,1346.1303125,1133.58125,1333.0624375,972.4170625,955.4500625,1218.3170625,1025.821375,843.5974375,1089.7874375,1483.6320625,1081.0921875,1113.9869375,1447.902,1190.138,1496.7818125,1018.332,1084.20475,838.74425,870.7105,1048.8951875,1051.617375,1045.130375,1391.32525,957.792375,1209.341875,928.8194375,1064.3215625,1533.6944375,1183.395,1358.5695625,1360.7745625,1172.209125,1244.1156875,1113.509875,905.731875,1544.5696875,1261.204125,1052.0283125,1355.63675,1094.660375,1189.175875,1485.895125,1115.0958125,1129.536125,1314.866375,960.1835625,1202.915125,1209.926875,1322.4195,1025.1631875,1015.33075,796.51525,990.0880625,1421.6936875,1274.88225,1350.1645625,1026.4761875,1371.564125,1394.4978125,1311.477875,991.5148125,1352.760625,1305.5974375,1239.8306875,1301.6738125,1052.7570625,1299.21475,1115.8400625
4.569679272893535,1299.4546875,1143.6126875,845.32825,1154.1024375,1226.317875,1198.1395,1219.769375,1096.094875,1518.382875,1134.6083125,1213.31675,1119.3499375,1136.5325625,1173.6181875,1329.603375,1069.247125,1117.5579375,935.4964375,1214.4014375,1088.9784375,1360.0125625,1158.5375,996.231625,1422.6373125,1222.377125,983.32825,1488.225875,1109.815125,1284.5121875,1236.134875,1534.7435625,1463.730125,1352.8399375,1105.2444375,1417.6703125,1004.401375,1243.79325,1026.510375,1087.9373125,1353.428,938.75225,1207.2413125,1221.7421875,1069.9568125,1326.5555,980.5264375,1135.0396875,1162.822875,1196.754,1177.73625,1090.2486875,1320.45925,1389.6660625,1169.45625,1649.1720625,1348.645625,1389.643,1345.2735,1062.2595625,1304.7666875,1247.5366875,1325.9168125,1466.153625,1230.4849375,1366.966875,1023.448,982.739375,1262.303375,1079.63475,882.1493125,1163.7613125,1491.2240625,1125.4840625,1136.1505,1495.3953125,1187.0396875,1547.857875,1116.9661875,1207.3104375,888.3435625,903.90475,1104.6054375,1137.2486875,1109.5395,1373.69475,1040.7549375,1198.5046875,973.9233125,1129.871625,1567.6150625,1222.2196875,1428.87,1398.0169375,1229.150625,1224.229625,1097.834375,1008.0789375,1601.2124375,1285.8135625,1159.05975,1387.6864375,1149.497,1215.5301875,1567.3110625,1174.95225,1195.2790625,1288.84075,991.7559375,1288.2326875,1280.5218125,1367.3781875,1063.169,1076.0109375,855.649375,976.5186875,1467.610125,1367.9191875,1390.76975,1101.3605625,1347.875125,1370.948125,1439.6513125,1012.4358125,1386.6480625,1349.5083125,1258.5300625,1327.3528125,1076.923625,1330.4368125,1124.2673125
4.573751795615618,1350.9120625,1172.6388125,838.049875,1163.1786875,1271.552625,1189.783,1262.4630625,1137.8945625,1547.316625,1187.9770625,1221.5858125,1192.185125,1219.3209375,1238.6468125,1437.3725,1086.4123125,1183.430125,952.783,1312.9500625,1117.00725,1426.996375,1204.368625,1151.8334375,1525.2040625,1289.765125,1080.672,1552.1919375,1206.217625,1336.8083125,1313.400125,1565.3728125,1554.537375,1453.6995625,1165.9825625,1461.540375,1021.9281875,1293.8403125,1033.23625,1097.19325,1404.5471875,1029.8311875,1214.5794375,1266.3771875,1137.8251875,1350.6539375,1037.785125,1111.0991875,1181.042625,1224.9791875,1202.8753125,1114.4113125,1381.1210625,1454.084875,1227.6229375,1663.978125,1360.8255625,1416.0265,1380.0645625,1122.94125,1356.267125,1270.53825,1438.0515625,1580.242125,1336.46275,1427.07425,1088.2204375,1018.8866875,1310.993625,1136.0161875,937.926125,1242.96925,1469.504125,1184.980625,1154.2204375,1572.87825,1182.8930625,1603.30375,1215.6809375,1315.0878125,920.8243125,934.404375,1156.2999375,1223.7591875,1165.9221875,1366.513,1117.8281875,1206.42175,1012.8031875,1190.4725625,1598.4716875,1265.701875,1509.17675,1416.8238125,1300.581625,1212.5085,1084.3308125,1093.5910625,1657.7406875,1312.7398125,1285.5048125,1425.515875,1186.732,1244.7705625,1669.258625,1223.2165625,1269.87525,1245.63775,1035.4096875,1381.0105,1350.4605,1411.692625,1107.7848125,1133.5971875,923.4195625,973.6301875,1505.71125,1461.0589375,1430.7273125,1155.92775,1310.0818125,1353.98775,1559.1908125,1052.3664375,1388.6653125,1391.46875,1292.4406875,1330.576125,1099.7429375,1360.8729375,1116.58675
4.577824318337687,1368.4435625,1241.055,841.3130625,1180.4484375,1324.3161875,1196.649,1297.6391875,1182.32325,1582.267375,1247.254625,1224.886625,1291.40075,1317.8840625,1313.7319375,1523.675125,1110.5963125,1249.4829375,986.094625,1424.8785625,1161.2265,1502.4629375,1280.705875,1314.7923125,1632.690125,1342.8485625,1172.0553125,1583.5704375,1312.6304375,1391.581875,1410.975375,1587.655125,1652.4285,1539.006625,1194.3960625,1505.718,1041.3274375,1336.239,1035.875,1092.2639375,1455.446,1138.8456875,1249.1575625,1329.523,1227.29575,1377.293125,1106.60375,1119.290625,1217.0451875,1269.283875,1207.0330625,1145.8286875,1455.2005,1524.2928125,1302.772375,1685.996125,1373.2653125,1450.61425,1434.5315625,1197.2043125,1387.8715625,1300.4845625,1545.1075,1686.7188125,1434.56625,1516.22125,1162.6036875,1068.92525,1378.7805625,1190.920875,1005.948,1320.29675,1435.26925,1260.466375,1177.1128125,1666.4923125,1195.2715,1660.5595,1317.1015,1381.7605,932.752375,960.96275,1208.8325,1315.014375,1203.9860625,1390.2174375,1178.46825,1238.62925,1053.863875,1236.09925,1623.073375,1311.3370625,1594.04625,1427.4771875,1370.8661875,1217.427,1085.4768125,1179.1129375,1724.37175,1341.941125,1423.4760625,1482.3149375,1202.52475,1284.2738125,1782.24675,1253.625375,1355.1286875,1197.405125,1084.8934375,1485.2666875,1424.434125,1446.5728125,1153.3341875,1189.9426875,990.59725,987.5951875,1530.5291875,1545.1653125,1468.886,1201.2109375,1268.419,1352.9271875,1658.033375,1115.2150625,1366.95175,1431.3025625,1338.3894375,1315.994375,1131.2008125,1395.013125,1098.5315
4.581896841059771,1368.0845625,1339.037125,864.88025,1215.0686875,1382.3529375,1225.5040625,1330.0700625,1235.5208125,1632.5956875,1310.22775,1232.884125,1409.7416875,1421.4138125,1396.769,1588.870375,1163.2411875,1323.8921875,1048.526,1535.70975,1221.6758125,1586.5643125,1388.474875,1470.2149375,1734.6113125,1381.7951875,1245.127875,1587.13525,1417.3634375,1451.9083125,1526.9314375,1610.45,1748.9690625,1619.6668125,1211.96425,1560.2780625,1078.1675,1376.155875,1044.3625625,1089.1378125,1506.9279375,1251.447625,1320.369,1404.276375,1326.7930625,1411.4440625,1187.1363125,1160.437125,1274.8095625,1335.205875,1197.4323125,1180.0809375,1542.13825,1594.0143125,1397.151375,1710.3608125,1393.0660625,1492.0041875,1503.83,1292.4691875,1412.3371875,1334.5490625,1644.3471875,1787.5115625,1508.391875,1629.890375,1245.4774375,1138.821,1461.74225,1248.7654375,1097.714375,1394.71525,1410.7980625,1350.1663125,1211.1163125,1764.0181875,1237.5983125,1718.0176875,1422.58,1410.1390625,938.2244375,993.936625,1265.51975,1416.8086875,1231.788125,1456.333875,1222.1041875,1288.01125,1101.0971875,1273.886875,1644.7339375,1361.3945,1672.5983125,1441.56325,1430.30725,1236.4420625,1111.2279375,1279.0285625,1804.95325,1368.732125,1557.5979375,1556.8600625,1206.7443125,1338.5845625,1891.7394375,1273.1370625,1448.3989375,1157.1413125,1135.6473125,1590.205875,1502.1329375,1475.2358125,1208.6488125,1240.081625,1047.4788125,1018.999625,1541.1680625,1608.154625,1502.1578125,1252.06725,1238.830375,1372.5745625,1733.2538125,1190.5788125,1337.8031875,1472.364375,1395.11225,1295.1999375,1174.598375,1436.7346875,1080.289125
4.58596936378184,1366.662875,1447.4299375,915.529125,1273.1585625,1448.16425,1280.0384375,1370.796125,1307.121375,1701.9308125,1368.994,1250.0296875,1533.14425,1518.7558125,1483.138375,1643.9995,1255.026,1406.7713125,1142.808875,1637.0100625,1294.5671875,1680.4194375,1512.505,1610.278625,1821.122625,1417.068625,1306.1349375,1572.621375,1505.1263125,1518.321,1645.383875,1643.882625,1835.6705625,1718.313625,1245.3970625,1631.0479375,1138.645125,1429.911125,1075.2531875,1106.071125,1558.5716875,1351.4278125,1418.515375,1482.9865625,1416.815125,1462.4098125,1282.8553125,1228.472375,1348.8769375,1420.31125,1193.452375,1211.4624375,1642.9174375,1656.017375,1499.956875,1736.7778125,1430.061,1528.16125,1582.707375,1407.0680625,1439.1736875,1380.511875,1736.1548125,1880.886,1555.09975,1757.5628125,1343.0369375,1233.993875,1543.65075,1321.380125,1227.429625,1473.3651875,1407.9291875,1450.8290625,1261.4810625,1853.776125,1310.9123125,1771.582625,1533.5078125,1426.360875,960.54425,1050.2015625,1330.951625,1528.2670625,1275.7024375,1559.2470625,1251.087375,1343.2115,1155.537125,1326.3296875,1670.274375,1420.4765625,1735.323625,1467.7536875,1479.405625,1268.86975,1164.962625,1387.86625,1891.61575,1388.670125,1675.3201875,1639.8320625,1214.4035625,1406.4476875,1984.61875,1297.3968125,1543.9655625,1142.9059375,1198.6743125,1677.340625,1577.198125,1514.97575,1283.0065625,1282.3875625,1092.820625,1074.2428125,1544.686,1643.0519375,1529.5835,1318.1475625,1234.594875,1415.817,1790.2045625,1266.9043125,1320.537375,1517.7751875,1461.498125,1280.7636875,1229.9185,1487.031875,1077.8531875
4.590041886503923,1375.073,1544.9943125,999.1179375,1350.866125,1529.405625,1356.364125,1425.8315,1401.5931875,1784.989125,1415.673875,1276.407125,1642.2769375,1595.7970625,1562.8983125,1701.9995625,1381.7921875,1494.87275,1263.82225,1729.8243125,1378.878375,1787.0264375,1630.3999375,1738.259875,1889.2934375,1463.252,1372.683625,1555.923875,1570.1086875,1588.1285,1753.2996875,1697.8796875,1912.007625,1846.0451875,1310.3840625,1714.3623125,1217.2746875,1508.73025,1141.843375,1148.1511875,1610.52325,1435.908125,1523.432125,1562.7135,1476.9386875,1533.73775,1392.683,1315.2113125,1427.2768125,1511.286,1215.5980625,1243.341375,1754.0625,1712.43125,1598.1843125,1771.2970625,1486.1951875,1554.80775,1673.6170625,1530.703625,1477.3773125,1449.7360625,1820.4781875,1965.44375,1584.8165625,1883.109625,1460.0891875,1351.8280625,1612.9396875,1415.4230625,1394.065625,1561.3855,1428.715875,1556.10075,1329.6903125,1922.2941875,1404.183,1819.7159375,1651.7385625,1459.9621875,1011.3675,1136.1416875,1410.5481875,1641.869375,1360.25275,1680.8150625,1266.9714375,1401.922125,1221.86775,1409.438625,1699.252625,1490.0041875,1783.83575,1515.117,1528.5790625,1312.13875,1245.123375,1489.7585,1973.456375,1404.92975,1779.2246875,1726.264,1241.397125,1483.7885625,2055.6595625,1340.3154375,1629.668125,1172.0635625,1288.440875,1737.5836875,1647.355,1581.7213125,1370.1261875,1328.250125,1140.792625,1162.47775,1552.6256875,1652.7159375,1558.4914375,1398.337625,1260.0615625,1482.0645,1833.018375,1340.06125,1328.1969375,1567.42525,1531.1161875,1282.91275,1295.261625,1542.56725,1106.8761875
4.594114409226006,1398.014875,1620.703,1119.3241875,1435.4909375,1631.1366875,1446.3018125,1492.4046875,1514.575125,1867.7579375,1450.1123125,1312.231625,1721.157,1643.9936875,1629.354875,1775.9171875,1528.8179375,1587.2518125,1400.0205,1824.1761875,1478.140625,1910.395875,1729.69525,1865.2104375,1945.924875,1528.6538125,1462.22975,1557.4005625,1621.687125,1659.20425,1852.671875,1780.868125,1986.7208125,1994.278875,1403.873375,1798.806625,1306.4455,1609.3314375,1247.19375,1211.648875,1667.0611875,1515.8860625,1623.349,1642.165875,1502.0619375,1619.512125,1513.258,1415.8480625,1502.5558125,1595.4588125,1271.117125,1286.3390625,1863.1191875,1776.0658125,1686.4284375,1813.9616875,1556.4184375,1584.863,1778.6231875,1656.8959375,1536.63375,1545.8755625,1903.49575,2041.7634375,1608.97525,1992.696625,1592.4385,1481.3256875,1669.979625,1525.7658125,1580.1130625,1658.455125,1474.6495,1657.086625,1414.6533125,1961.36325,1501.261125,1869.7131875,1778.876625,1525.0380625,1086.2464375,1246.9178125,1506.4019375,1747.835375,1487.052875,1798.921125,1279.8873125,1472.4098125,1313.74075,1523.9181875,1723.946,1565.6550625,1833.5491875,1592.24275,1594.4704375,1356.448875,1344.990875,1577.8125625,2052.7680625,1426.39,1879.02575,1818.597375,1299.2624375,1565.8180625,2104.730125,1406.317,1690.5669375,1252.694375,1399.555625,1775.7531875,1720.592375,1679.712125,1455.8320625,1396.7351875,1208.441375,1283.7843125,1571.9989375,1646.225625,1602.93675,1486.61225,1310.6011875,1564.448625,1862.707875,1412.071625,1365.793375,1621.938375,1595.1241875,1308.9173125,1369.268625,1599.6290625,1169.7466875
4.598186931948075,1433.652375,1677.2416875,1270.28175,1522.09275,1753.457375,1543.259875,1567.309,1639.8328125,1942.662125,1478.9120625,1362.3305,1771.1825625,1669.026375,1688.7233125,1875.099875,1675.2046875,1686.5101875,1536.8254375,1929.1594375,1596.212375,2047.6421875,1815.2614375,1999.74325,2008.0730625,1612.3570625,1583.5225625,1592.4013125,1684.024,1731.2878125,1958.23475,1896.899875,2071.824625,2143.958875,1515.092,1875.166875,1404.74725,1722.6905625,1385.8491875,1296.636375,1735.2086875,1604.2604375,1718.0715625,1721.09875,1507.0099375,1715.8904375,1641.3211875,1532.0465,1579.5413125,1673.70025,1350.8178125,1343.256,1957.6963125,1853.7389375,1765.355125,1862.009,1639.256125,1639.3975,1891.689875,1785.991375,1618.7899375,1662.8225625,1995.0289375,2110.5920625,1641.406375,2083.799875,1733.031625,1610.5818125,1723.2781875,1641.9480625,1767.4524375,1760.668625,1548.3913125,1749.1049375,1517.0759375,1976.3066875,1591.5635,1935.684875,1916.88325,1616.1669375,1176.3994375,1373.3081875,1613.61375,1844.630125,1633.6428125,1900.023875,1308.6435625,1563.0113125,1448.0998125,1663.156,1742.4813125,1638.0913125,1899.8951875,1697.269875,1691.00475,1391.223375,1453.5739375,1655.471,2143.4129375,1464.4600625,1978.4201875,1922.5155,1387.8805,1647.0214375,2132.8725625,1487.3476875,1725.3155,1381.675125,1506.8228125,1804.7679375,1804.8645,1800.3220625,1535.6175625,1500.6220625,1300.9926875,1426.09225,1607.3655,1636.2005,1677.8591875,1581.950875,1378.294125,1655.869875,1883.34,1485.245,1436.12175,1686.5580625,1656.3361875,1362.0219375,1453.459125,1656.6905625,1252.328625
4.6022594546701585,1478.7376875,1728.0386875,1442.6893125,1620.2964375,1894.4548125,1641.5485,1653.767625,1772.7628125,2017.483375,1508.4800625,1435.990625,1812.2336875,1688.96575,1758.1033125,2000.0180625,1802.0681875,1796.6013125,1665.105375,2044.478125,1733.1395625,2180.3813125,1900.248375,2144.44375,2093.7893125,1709.046375,1732.934375,1659.3566875,1784.0561875,1806.2571875,2085.0934375,2038.5753125,2174.40125,2280.07325,1641.8370625,1947.9295,1515.47125,1846.0285625,1549.6376875,1405.817875,1818.3904375,1711.948875,1810.481875,1805.706375,1516.4675625,1825.797,1770.8003125,1666.639,1674.087875,1755.837375,1443.57475,1407.790375,2039.2235625,1938.56375,1834.7115,1923.8095,1739.9120625,1730.3014375,2006.4346875,1919.443125,1715.5118125,1789.3065625,2098.602875,2172.728625,1701.6958125,2166.9260625,1877.9085625,1731.8039375,1783.7209375,1756.3159375,1950.67775,1863.062625,1646.7633125,1839.805875,1637.288375,1984.1635,1676.144625,2026.7915625,2067.7545,1722.227375,1279.768375,1503.974,1724.20075,1942.9869375,1772.576875,1986.274375,1369.0244375,1671.7288125,1631.803625,1816.1800625,1766.7703125,1704.6571875,1984.353875,1813.5440625,1817.9275625,1417.061625,1565.97525,1728.582125,2253.5978125,1529.328875,2075.9744375,2039.7473125,1496.0949375,1724.338375,2144.285625,1573.1921875,1754.6788125,1542.5588125,1592.821875,1836.3470625,1898.9881875,1929.2236875,1614.929875,1638.0923125,1412.5100625,1574.010375,1667.29325,1638.5714375,1790.76525,1687.9118125,1460.5575,1757.593875,1904.1395,1562.315125,1537.61725,1764.11275,1731.9388125,1440.4668125,1547.828375,1713.667375,1337.5709375
4.6063319773922276,1534.7695,1791.3533125,1627.12275,1739.532125,2053.5971875,1734.5353125,1761.200625,1911.1615,2103.7989375,1541.3521875,1539.993125,1865.9919375,1725.058875,1850.66275,2144.449125,1901.023875,1916.77425,1786.7056875,2164.459625,1886.2008125,2288.116875,1996.7295625,2299.902,2208.3063125,1816.44825,1897.5040625,1749.1723125,1931.402875,1891.3344375,2236.342,2190.167375,2292.8959375,2403.3355625,1788.668625,2030.88,1643.635125,1984.0238125,1731.4246875,1536.6034375,1916.0955625,1849.4621875,1904.7610625,1905.53375,1553.62,1952.2715,1894.69025,1816.2615625,1806.8145625,1850.609375,1551.919875,1478.6925625,2120.5100625,2024.282875,1898.50575,2016.283375,1865.3169375,1854.0235,2123.0959375,2062.084875,1820.49925,1912.297,2211.886375,2231.904,1803.3966875,2260.3705,2023.280625,1839.6029375,1858.9993125,1867.0715,2134.4625,1966.0470625,1758.5568125,1944.231,1771.4235,2002.415125,1765.7204375,2138.7789375,2230.8381875,1839.1695625,1404.909125,1630.62325,1834.7784375,2053.7459375,1888.9030625,2070.795125,1471.26,1786.142625,1857.4969375,1966.419375,1816.4288125,1777.1666875,2078.39425,1925.189125,1957.7010625,1451.873625,1685.0130625,1802.3453125,2378.318,1622.1815625,2169.02175,2161.8691875,1613.6275,1803.5515625,2152.3025,1665.583125,1809.84575,1708.3435625,1668.068875,1874.9876875,2000.049,2059.544,1700.633375,1795.488,1536.8728125,1718.2593125,1761.5978125,1666.39275,1936.5245625,1805.8334375,1564.9051875,1874.5059375,1933.2480625,1650.49625,1661.476625,1847.2030625,1838.1855625,1538.974375,1646.5130625,1770.637375,1418.4213125
4.610404500114311,1605.138125,1881.74,1808.1953125,1874.4395625,2229.6750625,1818.9958125,1895.021625,2055.9200625,2206.84825,1577.9975625,1670.6910625,1943.2413125,1788.1505625,1966.9375625,2300.5108125,1977.9713125,2040.7176875,1910.4613125,2288.171625,2053.0969375,2368.8655625,2113.92325,2466.009375,2349.5276875,1942.922125,2065.6225625,1864.7476875,2111.9198125,1997.2504375,2405.7706875,2341.3285,2421.35675,2529.25875,1957.4551875,2131.805,1795.3725625,2145.6375,1923.03525,1681.258875,2031.35,2019.140875,2008.7743125,2025.753125,1632.667625,2092.722,2009.7289375,1970.9646875,1988.5555625,1964.0400625,1688.9128125,1566.3129375,2215.7886875,2113.08375,1970.08075,2150.605,2020.844625,2000.3350625,2243.53125,2224.32875,1937.353625,2022.6628125,2333.870625,2296.2335,1947.401125,2375.32575,2163.923625,1937.0429375,1954.074,1977.9733125,2326.0364375,2077.9599375,1876.78725,2069.2114375,1911.745625,2043.5863125,1877.303375,2262.1874375,2401.8429375,1971.2260625,1562.03525,1755.593,1952.2821875,2177.5,1982.9251875,2167.5868125,1619.122375,1893.5726875,2107.845875,2098.15775,1905.554125,1872.034375,2176.496875,2034.2340625,2084.678625,1519.469375,1810.8003125,1880.9195625,2507.8275625,1736.42975,2257.1511875,2276.7541875,1740.356,1896.4425,2179.1840625,1776.1718125,1910.46175,1858.922375,1759.643875,1921.6935,2109.5379375,2193.407375,1799.0464375,1962.0184375,1677.0531875,1856.626,1892.8303125,1723.27,2101.5933125,1929.5296875,1702.903875,2006.5635,1976.5065625,1758.85825,1796.7014375,1923.2640625,1974.664,1651.306625,1744.1279375,1827.420625,1500.6263125
4.61447702283638,1692.95125,2004.8589375,1971.24175,2010.3070625,2416.98125,1898.80975,2049.4945625,2207.7419375,2325.972125,1624.746125,1814.7543125,2042.863125,1871.62475,2100.8826875,2463.2325625,2050.63675,2163.0990625,2044.0413125,2423.2580625,2232.195875,2441.006875,2258.734375,2639.8591875,2518.4,2101.20325,2236.7455625,2018.485625,2302.8314375,2131.6070625,2587.9765625,2492.9266875,2554.3554375,2671.2414375,2147.327375,2250.775,1971.3045625,2337.786625,2117.1000625,1832.0869375,2170.5781875,2206.8890625,2131.984375,2166.5878125,1755.036875,2237.5300625,2118.3423125,2120.333625,2210.1295,2100.4210625,1863.6454375,1683.6161875,2337.185875,2208.8565625,2063.634125,2322.3395625,2208.9580625,2164.024625,2362.372125,2411.617625,2073.201875,2124.3433125,2466.1426875,2375.878375,2129.595375,2506.9120625,2297.332625,2039.5629375,2074.718125,2096.6031875,2528.145875,2207.7195,2008.509875,2208.5520625,2049.9295625,2119.1854375,2028.8328125,2396.2165625,2577.608375,2123.2043125,1749.3955625,1894.7625,2094.3665,2307.7136875,2067.4228125,2285.558375,1803.8755625,1994.7515625,2359.465875,2208.57675,2038.15875,1998.4111875,2281.3303125,2154.726,2184.9305625,1632.58,1943.0834375,1969.362875,2637.506125,1871.2494375,2344.1521875,2382.60775,1881.2889375,2009.7611875,2245.833,1914.9668125,2056.094125,1992.9279375,1887.6409375,1980.787875,2227.23075,2333.3605,1915.249875,2139.767125,1839.5145,1991.8158125,2051.1751875,1805.5203125,2271.74275,2051.246,1875.689875,2144.4131875,2040.6208125,1891.5661875,1937.2025,1986.38575,2125.73375,1773.0139375,1843.09425,1887.907125,1597.500375
4.618549545558463,1801.4270625,2156.9028125,2116.4253125,2138.18475,2606.6029375,1984.2485625,2212.7045625,2361.5038125,2457.7878125,1697.458,1958.3105625,2159.21725,1962.809875,2246.885125,2635.1849375,2140.881625,2284.5891875,2189.1188125,2581.0203125,2422.6685,2532.010375,2433.2666875,2817.105125,2715.55125,2294.992,2418.7201875,2219.1975,2489.5125,2297.516625,2784.4208125,2650.4553125,2689.05075,2829.9695625,2356.4859375,2391.8065,2163.0890625,2558.2075625,2313.87025,1988.8990625,2335.2969375,2391.3655625,2278.5841875,2328.804875,1912.8855625,2377.1674375,2231.2529375,2260.6396875,2455.6503125,2263.031125,2071.113375,1833.143,2487.7095625,2315.49625,2186.352,2519.456,2426.423625,2352.7635,2472.7069375,2616.617875,2230.790875,2231.787875,2609.80575,2481.361,2345.6085625,2644.999625,2427.18875,2162.479,2225.222,2232.3835625,2734.796375,2359.2144375,2164.128375,2354.73825,2180.5905625,2238.101375,2227.254875,2547.632875,2759.883875,2292.471125,1954.634875,2070.3600625,2279.370875,2441.7700625,2163.4253125,2428.6555,2010.211,2105.244,2590.1415,2313.142125,2214.5354375,2155.7605625,2399.2501875,2296.094125,2267.76925,1791.3478125,2091.28425,2080.2035625,2769.6524375,2033.539125,2437.24175,2489.0838125,2041.9798125,2140.026375,2360.6275625,2082.3735625,2238.185125,2117.4669375,2051.8844375,2058.616125,2348.6830625,2476.1924375,2046.5981875,2334.3059375,2021.207875,2133.5786875,2221.88075,1906.838375,2434.943875,2172.442,2068.642625,2272.8025,2130.3454375,2046.0853125,2086.0201875,2045.8115,2277.390875,1905.4833125,1950.617625,1962.593875,1721.4475
4.622622068280546,1931.059,2326.988625,2261.20175,2264.0983125,2792.208625,2089.1566875,2374.3859375,2508.2016875,2600.3005625,1807.6999375,2096.3850625,2292.261625,2060.651125,2402.16,2824.3646875,2265.1763125,2410.5278125,2343.4758125,2768.9444375,2626.8674375,2668.159875,2634.013625,2996.718625,2941.0033125,2518.8710625,2617.36575,2465.8214375,2673.246125,2494.607875,3003.094625,2816.86375,2826.7489375,3002.714625,2580.61925,2566.546,2359.4274375,2798.419125,2520.14175,2163.72975,2522.19675,2567.04375,2446.2188125,2518.59025,2100.3340625,2513.083125,2366.130375,2397.36875,2718.79375,2454.653375,2293.8435,2008.664,2662.115625,2440.3095,2342.8891875,2735.091625,2664.58425,2582.908125,2581.04275,2830.03175,2408.493875,2357.337,2767.3669375,2618.3225625,2590.2143125,2788.21675,2562.936625,2310.5195,2402.3090625,2390.40225,2934.5001875,2533.89225,2344.76475,2506.165375,2304.2250625,2397.2259375,2466.15725,2719.733625,2951.2141875,2470.2015,2166.48125,2297.4674375,2510.5328125,2587.7224375,2291.065875,2601.2065625,2231.8199375,2241.3101875,2791.286375,2437.7220625,2431.5186875,2337.7594375,2535.495,2460.469375,2354.9531875,1991.7539375,2266.41875,2230.217375,2911.9240625,2223.4748125,2546.9051875,2607.1949375,2228.700625,2279.6510625,2516.46875,2267.614625,2449.175875,2236.552375,2235.7693125,2154.791,2472.0533125,2615.082,2180.246875,2539.8955,2210.3493125,2296.5639375,2393.2128125,2023.37775,2581.8265,2302.44975,2260.86275,2385.368375,2245.1045,2216.6461875,2249.4329375,2124.614125,2429.354125,2054.7218125,2070.4220625,2063.2625625,1875.3229375
4.626694591002615,2077.7081875,2504.1133125,2425.4674375,2406.6613125,2972.4135,2226.1693125,2529.871625,2646.4035625,2751.894125,1953.788375,2239.049875,2448.857875,2176.5881875,2568.38825,3033.3275,2429.6804375,2550.371,2510.734375,2989.2960625,2851.60575,2865.0220625,2857.8140625,3182.6926875,3198.7459375,2768.313,2829.243875,2751.4295,2870.4803125,2718.9250625,3250.992125,2993.373625,2974.0346875,3192.3921875,2816.72925,2784.575375,2556.588625,3051.3125625,2742.5215625,2374.6705,2731.9001875,2752.6869375,2632.3558125,2742.6036875,2320.2898125,2658.7178125,2537.522875,2544.572875,2999.017875,2674.340375,2516.674625,2209.1284375,2858.3743125,2592.15275,2542.4968125,2966.934875,2912.9656875,2863.882625,2707.6101875,3054.1993125,2606.1386875,2511.859875,2944.196,2783.706875,2859.0440625,2945.712,2716.9040625,2483.03725,2596.406,2569.191875,3120.00875,2734.8545625,2548.2143125,2666.8238125,2431.2370625,2583.721875,2737.963,2911.7720625,3150.4515625,2650.071125,2381.8734375,2576.8089375,2773.81925,2759.0174375,2461.374,2808.9738125,2469.9150625,2411.6981875,2972.4430625,2602.3345,2677.73425,2537.2469375,2691.8718125,2648.332,2468.0469375,2225.44875,2465.2535,2424.1023125,3073.1320625,2433.0038125,2682.8254375,2744.69775,2442.1268125,2430.0265,2698.820875,2456.8874375,2683.35475,2353.895125,2424.4425625,2265.000125,2602.809125,2750.950375,2306.2956875,2741.3550625,2402.210375,2491.4724375,2558.8645625,2159.8745625,2711.002125,2450.791,2440.225,2494.86975,2381.9248125,2399.022,2427.7471875,2246.659375,2589.8225,2220.578125,2200.2919375,2195.2620625,2050.17825
4.630767113724699,2237.6135,2685.2281875,2613.166,2583.5490625,3146.054625,2399.8425625,2683.034375,2788.7763125,2907.048125,2129.5644375,2408.530625,2634.873625,2317.97375,2752.311875,3252.0153125,2631.8995,2713.0118125,2702.063375,3241.7306875,3106.951875,3121.7810625,3107.328875,3383.50025,3490.368125,3045.85075,3050.86475,3074.287,3101.9869375,2965.0104375,3529.75325,3187.0323125,3143.3645,3408.014375,3069.3605,3044.830875,2768.0455,3314.61,2983.9834375,2633.9799375,2970.3900625,2971.5369375,2836.4245625,3001.5498125,2580.9165,2833.62425,2751.747,2720.96575,3290.4853125,2911.671125,2736.99175,2438.77675,3081.0356875,2775.7771875,2792.062375,3215.3498125,3162.848875,3193.9965625,2873.44825,3298.9171875,2832.517375,2710.568125,3146.0148125,2973.0688125,3153.743375,3125.3994375,2902.882375,2685.747375,2800.5469375,2768.0248125,3297.741875,2965.1055,2775.449875,2848.9776875,2581.9389375,2789.7209375,3039.631875,3126.99475,3357.2360625,2837.9658125,2606.2845,2896.195125,3053.7700625,2962.30525,2675.2793125,3049.4905625,2720.852,2620.9165625,3152.5116875,2809.898375,2941.7403125,2750.4036875,2870.828125,2860.26175,2625.613625,2479.582875,2676.2669375,2654.1835,3259.065875,2655.408625,2850.37525,2907.5410625,2674.1141875,2602.312,2896.874875,2646.225375,2938.4205,2480.5618125,2618.8018125,2395.400375,2750.956875,2898.697625,2434.08875,2931.503,2607.291375,2717.412375,2723.229625,2326.0155625,2835.65975,2622.124,2612.2645625,2626.301625,2542.5970625,2592.5423125,2616.5651875,2422.890125,2761.887,2395.6825,2338.2911875,2355.8230625,2232.584125
4.634839636446768,2409.78325,2873.878625,2812.1751875,2797.8221875,3310.9393125,2607.5475625,2848.7086875,2951.858625,3062.8291875,2331.628,2622.8294375,2850.7245625,2480.432,2960.195625,3465.18725,2866.1875625,2900.4549375,2927.9595,3522.5061875,3402.6776875,3428.25825,3389.43325,3611.9911875,3807.269125,3361.934875,3294.6119375,3438.259125,3379.2589375,3234.4035,3838.622625,3416.2406875,3350.429625,3660.296875,3351.48925,3341.5630625,3018.8446875,3593.1920625,3249.214375,2941.5123125,3242.410125,3229.85675,3060.565875,3291.5571875,2886.79125,3055.635125,3013.7149375,2941.5620625,3584.45825,3152.5366875,2958.22425,2697.561625,3331.9640625,2993.845,3088.6515625,3488.4064375,3408.5645,3568.000375,3093.3071875,3570.0704375,3102.185875,2966.262875,3380.1414375,3188.543625,3481.896125,3327.632,3132.9925625,2935.3326875,3015.5219375,2995.2409375,3487.2629375,3222.05675,3026.757625,3070.27425,2778.955375,3019.5596875,3369.45975,3372.949,3579.07275,3051.2785,2846.56875,3235.301625,3346.4011875,3192.705125,2927.8990625,3312.94675,2978.8445625,2872.5386875,3348.9664375,3051.9071875,3223.628125,2979.734125,3080.905875,3095.32275,2837.9414375,2742.1893125,2896.0095625,2913.24525,3470.4571875,2887.6224375,3052.012,3097.5885,2916.57375,2806.039875,3110.104625,2845.811375,3218.547125,2637.95675,2831.1955625,2563.4358125,2924.8814375,3080.773125,2590.1999375,3119.9309375,2839.0445,2961.894125,2898.5499375,2524.171,2977.50625,2813.8949375,2792.5409375,2793.9150625,2735.1009375,2795.5256875,2815.768,2649.1285625,2942.369125,2577.519375,2489.7615,2541.746875,2415.935625
4.638912159168851,2595.121125,3074.0575,3010.21175,3036.7210625,3469.814125,2850.1753125,3047.4864375,3144.7960625,3229.632,2561.18325,2880.284625,3093.0694375,2660.985125,3189.491625,3666.9603125,3127.874125,3114.23725,3200.066125,3829.5343125,3746.1039375,3775.792125,3712.343125,3883.6586875,4140.549375,3727.5443125,3581.2975,3842.7660625,3700.286625,3538.6026875,4179.430875,3703.8778125,3609.71525,3952.9774375,3680.6975,3676.2128125,3333.0165,3897.1873125,3549.9328125,3288.1064375,3548.422625,3522.559125,3315.0255,3609.2355,3234.5790625,3332.6934375,3329.5845625,3214.85375,3877.9998125,3395.7298125,3183.617375,2981.461125,3606.938375,3248.349375,3427.834625,3802.35825,3652.2555625,3977.34775,3375.1499375,3871.7945,3421.0789375,3283.5304375,3652.8988125,3440.058375,3847.8081875,3555.7555,3411.7389375,3249.1636875,3251.1444375,3268.8125,3711.2849375,3497.3065625,3304.11775,3341.9830625,3036.9473125,3279.28125,3723.71025,3655.1715,3832.0604375,3307.8266875,3107.0830625,3576.21375,3654.121375,3443.7475,3214.7973125,3595.66375,3246.61675,3171.5435625,3576.804875,3325.418,3534.18475,3236.4054375,3332.8224375,3348.24625,3101.8459375,3007.612875,3133.837625,3199.732,3701.8206875,3133.351625,3289.1371875,3311.463125,3171.9749375,3043.634625,3347.4625,3074.257,3532.979125,2854.3638125,3070.9873125,2784.3585625,3130.8681875,3315.100875,2801.547,3324.0768125,3100.2035,3212.9799375,3091.4684375,2751.3205625,3155.3244375,3021.089875,2997.298,2991.58075,2968.7540625,3002.8519375,3030.93125,2915.372875,3134.5755,2774.0420625,2663.4796875,2757.9531875,2604.2084375
4.64298468189092,2797.9435,3287.2296875,3203.6793125,3285.6853125,3635.76075,3133.04325,3288.709875,3370.778375,3429.087625,2821.8139375,3164.83175,3360.03075,2866.2791875,3435.803375,3864.568875,3408.8491875,3358.5095,3532.5765,4174.4306875,4143.61825,4162.27975,4089.98525,4212.054125,4492.4044375,4145.86525,3923.409,4282.23375,4060.4651875,3887.821875,4557.924875,4065.5663125,3932.457625,4282.0864375,4073.21925,4058.4874375,3725.8948125,4235.470125,3898.7096875,3669.1739375,3890.431625,3854.8389375,3618.0565,3955.45775,3616.883,3661.4146875,3703.3224375,3550.30525,4177.871,3657.8039375,3419.619,3292.1895625,3904.3743125,3536.2555625,3809.810625,4172.0273125,3912.278125,4407.3171875,3717.1556875,4210.7698125,3779.4974375,3661.636125,3963.035,3742.5363125,4247.8415,3823.0460625,3738.6996875,3631.3101875,3525.71175,3605.103375,3982.08825,3785.0661875,3612.93875,3662.273125,3355.4868125,3564.2215,4098.49225,3974.7885,4134.670625,3619.8395,3397.94725,3918.7774375,3978.167125,3720.658625,3537.4768125,3906.60475,3538.603125,3517.848,3852.3305625,3639.6539375,3884.0079375,3536.7814375,3631.70425,3613.5935625,3408.25775,3279.5618125,3402.2193125,3516.4541875,3943.5358125,3407.1644375,3562.057125,3552.59975,3454.109625,3312.18375,3621.7076875,3347.7543125,3885.006375,3153.9433125,3338.8633125,3062.533375,3375.883375,3605.2731875,3082.45775,3561.3443125,3388.26175,3471.635375,3299.565625,3008.86775,3383.6929375,3243.1508125,3241.3513125,3216.2715625,3252.6140625,3213.9403125,3266.0325,3216.2568125,3354.479,2995.8576875,2867.7854375,3012.227125,2805.2164375
4.647057204613003,3022.587625,3517.6819375,3398.302125,3542.7349375,3827.77675,3452.34975,3561.0845625,3629.9289375,3675.777125,3117.2513125,3463.035625,3656.763,3107.606875,3704.358875,4068.7570625,3696.0918125,3633.737,3930.65575,4579.2588125,4601.8334375,4593.55825,4542.7683125,4604.8451875,4875.923,4614.8345625,4330.9588125,4752.20325,4465.33,4286.0595,4983.3993125,4505.88475,4326.991,4645.4315,4533.10525,4494.320375,4199.9368125,4613.852125,4301.8594375,4093.3991875,4278.4619375,4244.9515625,3985.1884375,4333.99825,4032.0173125,4035.441,4136.116375,3956.24575,4502.751875,3960.4838125,3684.5278125,3642.5605625,4228.7395625,3853.6178125,4237.7685625,4604.355625,4218.4261875,4844.6319375,4112.3941875,4591.521,4165.7505625,4097.025375,4305.6020625,4107.314625,4679.28025,4144.160625,4116.566125,4071.5004375,3858.8305625,4004.353375,4301.4095625,4090.732375,3953.541,4021.7361875,3722.854875,3864.5234375,4494.34775,4332.448875,4501.0035,3994.4924375,3739.6771875,4281.9885,4325.4235,4043.870875,3904.6180625,4260.284375,3869.6525625,3900.71375,4188.079875,4005.3526875,4277.0435,3891.888625,3976.4796875,3896.60175,3754.9830625,3570.2685,3701.924625,3863.9075,4196.388375,3727.4155625,3873.3458125,3837.3655625,3775.2554375,3612.9315,3945.3415,3670.84325,4265.82225,3545.1173125,3632.2493125,3394.21625,3664.438375,3944.4301875,3434.0425625,3845.6455,3708.902,3749.8770625,3521.8881875,3303.8823125,3672.7570625,3486.9524375,3533.6076875,3485.1438125,3593.0500625,3438.7461875,3521.9524375,3551.181375,3620.413,3250.6288125,3116.709625,3303.8104375,3026.5351875
4.6511297273350865,3269.3431875,3780.928625,3608.4611875,3819.0495,4059.8638125,3789.251,3847.391375,3921.6993125,3960.1895,3453.6635625,3777.0564375,3989.7015625,3395.136375,4007.0344375,4289.4588125,3984.2358125,3936.2466875,4381.7149375,5058.20125,5128.50225,5081.3296875,5086.1009375,5064.866875,5310.965375,5129.2483125,4822.1455,5252.9366875,4932.6245625,4740.5004375,5464.6816875,5021.3948125,4798.171875,5048.3808125,5047.180375,4980.832,4744.8385,5041.662125,4763.336625,4575.16275,4724.77,4702.443375,4420.805875,4753.0135,4489.34475,4456.4418125,4624.0588125,4429.0386875,4877.266125,4324.1250625,4012.35975,4047.7139375,4588.37175,4206.31375,4717.5356875,5100.9929375,4595.90925,5290.88025,4560.971625,5019.1235,4582.5048125,4584.814375,4686.3294375,4536.3165,5145.376125,4526.921625,4551.5859375,4555.751375,4260.1420625,4453.187125,4669.6589375,4432.92575,4321.718,4413.4215,4123.0725625,4178.406875,4915.1410625,4735.6654375,4936.1695,4434.39,4151.53225,4690.351,4716.8375,4435.29675,4327.3495,4664.9295,4243.770125,4308.611875,4584.5396875,4426.333625,4714.144875,4304.2758125,4368.8574375,4214.2145,4146.2458125,3896.615,4024.3275625,4241.5958125,4481.4185625,4108.1363125,4232.43775,4182.632125,4139.517375,3957.1716875,4329.599875,4036.76475,4662.3046875,4017.4855,3953.3765,3771.689625,3996.857,4331.3799375,3849.283625,4184.1600625,4075.05575,4060.9421875,3766.269375,3645.6210625,4022.4976875,3770.37625,3873.0520625,3820.231875,3984.861,3694.84875,3807.6318125,3918.22825,3938.87275,3544.077625,3425.4486875,3625.5254375,3275.8348125
4.6552022500571555,3541.193875,4096.858375,3848.0099375,4131.9615,4337.818125,4125.989625,4142.7146875,4250.2556875,4261.161875,3835.1773125,4121.27025,4355.289,3729.959375,4353.1783125,4540.953,4283.050625,4265.0571875,4864.206625,5606.5895,5729.925375,5634.59775,5719.369375,5592.221625,5815.247125,5682.8429375,5414.249125,5791.29725,5483.6690625,5264.9608125,6003.0006875,5601.4890625,5348.0773125,5505.0721875,5599.995875,5517.4368125,5347.30425,5532.666375,5290.707625,5124.5144375,5234.0118125,5217.1566875,4921.722375,5229.9996875,4999.28,4931.7364375,5159.254125,4955.814375,5317.8988125,4766.9788125,4439.828875,4513.808,4995.1865,4608.26975,5252.82675,5664.5341875,5059.17025,5763.553125,5070.9316875,5506.584625,5043.978375,5120.364125,5125.310625,5027.5406875,5650.1501875,4975.7705,5047.6895,5077.600375,4729.1104375,4938.4778125,5085.32525,4832.6579375,4717.168375,4839.203875,4537.6459375,4518.0593125,5365.9644375,5197.51725,5436.0579375,4941.5928125,4642.4165625,5164.512,5178.3160625,4904.491875,4810.861625,5118.9785,4663.5429375,4739.0005,5036.8785625,4904.6709375,5197.00625,4775.04525,4821.02775,4584.245,4584.0143125,4270.4811875,4367.1198125,4657.522875,4826.4389375,4556.7285625,4654.8125625,4598.4475625,4551.0048125,4358.0724375,4780.5404375,4439.86125,5071.0458125,4548.03375,4321.0446875,4188.146625,4377.0775,4776.624125,4318.6621875,4580.1950625,4496.396375,4413.2865625,4048.563875,4042.5335,4425.1763125,4117.384375,4255.5945,4231.3808125,4410.2266875,4002.5304375,4146.9869375,4316.089375,4303.715375,3877.2606875,3799.7379375,3975.1970625,3561.1345625
4.659274772779239,3850.8364375,4472.081875,4126.408125,4495.5285,4658.5236875,4467.6093125,4455.78375,4626.245875,4572.652625,4253.9619375,4505.494875,4739.1694375,4102.392375,4740.7131875,4840.302625,4607.872,4625.9641875,5363.9435,6208.9136875,6403.5535625,6253.213875,6426.2800625,6183.37425,6396.7898125,6277.3431875,6107.6206875,6376.0931875,6123.9358125,5868.0051875,6592.64025,6230.6620625,5977.219375,6032.556375,6190.7378125,6108.453125,6001.5376875,6096.0625625,5891.022,5743.0765625,5805.5605,5781.196625,5484.9553125,5785.9656875,5563.1131875,5467.1280625,5738.4636875,5530.7465,5826.4425,5297.8995625,4984.3551875,5037.137,5463.4628125,5070.29775,5837.3236875,6299.9646875,5617.5666875,6284.3571875,5649.9800625,6064.1855625,5564.310375,5699.1304375,5644.1451875,5581.4435625,6196.5131875,5495.3853125,5605.0814375,5638.30925,5264.19825,5453.0951875,5542.842625,5294.3743125,5146.84925,5307.974875,4958.6016875,4904.18275,5854.824375,5728.132875,5992.950375,5519.8916875,5217.492625,5717.9263125,5726.1001875,5449.5056875,5349.0418125,5618.8989375,5141.745,5198.2015625,5547.4064375,5447.1361875,5727.3184375,5309.8709375,5348.2161875,5018.58825,5066.9135,4692.6828125,4737.601375,5126.6503125,5251.087625,5074.4504375,5155.2839375,5089.0145,5019.108,4826.218875,5297.200125,4888.246625,5503.9416875,5116.7350625,4768.0370625,4649.0873125,4817.188375,5289.33225,4834.218625,5036.695375,4976.651875,4814.683,4385.0249375,4505.19175,4873.4896875,4542.6304375,4683.9510625,4713.234125,4854.402125,4377.1789375,4565.0436875,4748.699875,4707.441,4245.7445,4238.79125,4361.1540625,3895.3330625
4.663347295501308,4212.922125,4893.5329375,4456.152625,4912.0601875,5011.7406875,4837.3426875,4800.700625,5056.52675,4909.84825,4697.2563125,4934.1973125,5132.0789375,4503.4414375,5153.72775,5197.46,4966.07075,5026.8799375,5880.108125,6850.841,7133.13725,6928.42675,7181.0781875,6833.5663125,7053.1524375,6921.5363125,6878.04025,7005.62875,6833.6175,6541.4655625,7224.8131875,6895.9335625,6679.1625625,6633.889375,6830.7050625,6751.815125,6706.184125,6730.033875,6561.2789375,6423.4150625,6438.4381875,6403.186125,6109.806,6430.1103125,6175.538625,6069.6656875,6367.2418125,6162.1005,6395.5658125,5911.02675,5634.2890625,5612.66275,6004.259125,5595.3595625,6458.878625,7002.7084375,6271.883,6869.5645,6298.4108125,6683.3358125,6150.3574375,6318.577625,6249.8411875,6196.93675,6785.281125,6085.408,6219.48275,6235.8589375,5859.7259375,5996.27525,6035.949875,5804.2074375,5625.3320625,5826.730375,5400.261875,5348.27225,6388.28625,6329.1748125,6600.71125,6169.1784375,5878.12575,6353.8469375,6360.8405625,6062.3226875,5932.6471875,6167.81025,5695.9965625,5697.6830625,6121.6765625,6060.8506875,6302.1593125,5915.27725,5952.5690625,5523.0776875,5593.2558125,5158.25375,5146.694125,5664.5943125,5765.7916875,5660.111875,5741.933625,5651.065125,5553.324125,5375.65475,5876.1953125,5400.748125,5980.8528125,5721.9765625,5317.10525,5172.7954375,5328.44625,5866.96475,5391.121375,5556.9049375,5518.5370625,5276.437875,4784.798375,5047.5556875,5365.000625,5045.512875,5166.7801875,5250.555875,5317.4135,4825.3136875,5067.1476875,5223.190125,5152.9575,4645.617375,4738.8518125,4797.6766875,4295.7548125
4.667419818223391,4630.2475625,5340.1679375,4845.724375,5369.63,5392.7929375,5252.83925,5186.8908125,5532.631875,5294.1201875,5162.354625,5415.3441875,5544.771,4933.8831875,5577.66825,5613.388375,5358.518125,5470.1895,6413.9145625,7516.2259375,7891.0090625,7643.3725625,7954.1621875,7535.7290625,7767.6974375,7616.1258125,7682.96225,7666.2135625,7576.0448125,7259.123,7885.0154375,7586.5223125,7431.9603125,7290.57775,7526.3761875,7428.83175,7451.20375,7419.9415,7284.385125,7152.958,7125.484625,7086.25125,6791.9738125,7148.096625,6830.469,6742.7145,7050.5939375,6857.4273125,7017.1960625,6587.7860625,6357.133375,6237.7401875,6613.7224375,6179.311625,7105.8076875,7747.7125625,7005.6845625,7522.0640625,7002.967,7341.619875,6802.0096875,6973.7554375,6926.744,6861.68375,7413.967,6733.7583125,6878.3101875,6859.40675,6500.7469375,6573.30825,6562.6608125,6348.35125,6167.7070625,6393.215625,5883.7333125,5841.6391875,6966.444125,6994.7875,7257.616125,6880.9295625,6613.176375,7063.2169375,7067.333875,6731.961125,6561.8955625,6771.6505625,6331.3888125,6251.0784375,6757.1070625,6745.0105625,6912.8050625,6587.6995625,6618.2839375,6094.77325,6161.5468125,5664.5443125,5605.738375,6285.439,6370.111375,6312.1623125,6414.425,6273.8204375,6154.1581875,6018.3954375,6516.21525,5995.1836875,6520.3358125,6376.7945,5966.921,5774.2409375,5913.0955,6502.987125,5988.2730625,6143.705,6124.513875,5806.1858125,5252.9398125,5679.302,5903.81775,5618.390625,5713.1994375,5831.83275,5808.76425,5345.6614375,5637.621375,5744.9373125,5654.9216875,5080.3590625,5292.428,5295.4626875,4772.072625
4.67149234094546,5090.035875,5797.8855625,5284.7308125,5846.398125,5807.1111875,5713.4160625,5613.1699375,6034.0770625,5735.29575,5652.647125,5953.3691875,5996.516625,5400.661375,6012.726,6081.84725,5788.1830625,5950.1951875,6954.867,8172.916875,8636.036875,8364.8911875,8708.8126875,8263.264,8500.686,8333.6431875,8475.313625,8335.0346875,8305.0641875,7980.296875,8546.536625,8282.594875,8199.25775,7968.1636875,8260.2884375,8104.375375,8206.046875,8133.7169375,8029.5489375,7910.7693125,7844.4475625,7804.5761875,7512.949,7901.65525,7520.6395,7468.4353125,7773.9315625,7599.7570625,7677.988,7302.399,7110.674,6903.3893125,7262.20475,6809.6735625,7764.802375,8498.993375,7786.685,8222.3186875,7735.1545,8018.3539375,7511.772125,7650.3130625,7639.560375,7551.6363125,8075.4695625,7420.822125,7559.9279375,7497.6733125,7171.1274375,7186.1444375,7126.6119375,6927.1371875,6777.67475,6992.4756875,6417.310875,6368.260625,7582.812875,7714.7835625,7961.8058125,7638.758625,7401.8785,7823.4621875,7821.3764375,7446.252,7237.0500625,7427.358375,7031.4711875,6864.940375,7441.61925,7484.463375,7548.474125,7309.6135625,7321.437375,6720.8234375,6768.880625,6215.04975,6120.822625,6992.203,7047.11825,7026.030375,7160.689875,6942.1781875,6809.769625,6747.95625,7211.9713125,6677.86075,7130.541875,7088.0465625,6697.73175,6451.493375,6569.156,7195.6033125,6625.082375,6795.2435625,6796.486625,6396.4459375,5792.667625,6399.0009375,6496.230875,6251.6015,6330.67575,6460.6024375,6340.1094375,5925.532875,6259.2630625,6316.914375,6227.3953125,5560.2874375,5892.783,5853.79775,5321.46025
4.675564863667543,5570.4224375,6258.311625,5747.0951875,6320.8449375,6254.966125,6200.452,6068.2054375,6541.3755625,6223.9003125,6164.09975,6533.893375,6491.537875,5906.7438125,6464.7859375,6585.96375,6258.56075,6454.0900625,7479.4291875,8764.2740625,9307.2946875,9031.5001875,9388.6931875,8954.1320625,9184.702625,9011.3756875,9206.9610625,8967.3345,8967.2471875,8654.315625,9162.907125,8948.0271875,8937.0235,8620.3111875,8978.0004375,8739.280875,8918.0140625,8819.4406875,8751.69225,8652.953625,8554.0874375,8503.518625,8231.0646875,8635.652125,8227.260125,8200.180375,8494.654375,8338.01875,8344.9366875,8022.336875,7848.968875,7585.175375,7902.9054375,7463.3661875,8413.9514375,9225.8400625,8570.4279375,8925.8506875,8458.95225,8693.82875,8252.5123125,8327.725125,8342.0451875,8238.9620625,8753.0734375,8125.966875,8235.4539375,8140.8733125,7856.8429375,7821.727875,7726.047875,7544.5873125,7441.9961875,7602.2200625,6997.06325,6922.3276875,8220.5266875,8468.036375,8696.30775,8415.254375,8219.6743125,8598.55175,8593.196375,8187.6765625,7939.0565,8119.2559375,7766.248875,7523.443375,8155.4115625,8248.393125,8197.9074375,8053.2565,8038.92,7380.1545,7409.5716875,6813.816875,6686.965625,7762.3003125,7768.2561875,7785.4313125,7957.2651875,7642.2710625,7498.8944375,7534.4918125,7945.6141875,7435.0593125,7799.471625,7843.8451875,7480.284625,7181.9845,7291.6380625,7938.2855,7297.1503125,7500.031,7531.8085625,7026.2870625,6400.706625,7193.9005625,7142.265125,6930.179,7019.7781875,7147.9091875,6919.87325,6543.7230625,6925.43575,6940.546,6871.5610625,6093.2135625,6538.0165,6460.646375,5935.604875
4.679637386389612,6043.5165625,6705.478875,6202.013625,6777.4260625,6715.846,6685.5501875,6534.4615625,7038.6415,6733.10225,6685.572875,7118.743,7011.2183125,6442.265625,6930.9589375,7098.6025,6764.718625,6961.195,7954.9694375,9221.2603125,9832.3483125,9562.5259375,9920.120875,9521.6048125,9736.52425,9567.9010625,9820.3933125,9492.723375,9507.6523125,9223.4484375,9669.38875,9529.263875,9592.5528125,9192.5279375,9597.005625,9294.7975625,9521.9936875,9414.7940625,9390.58875,9312.512125,9197.0841875,9115.9141875,8881.3143125,9283.5995,8906.5475625,8872.075125,9150.23475,9003.1441875,8962.2218125,8702.0015625,8523.3899375,8239.85875,8493.7209375,8103.135,9011.07575,9898.495625,9300.871,9569.6719375,9133.6499375,9338.614,8966.551125,8978.49025,8983.32475,8891.864,9413.86025,8817.07825,8871.2314375,8771.2745625,8533.4640625,8451.217875,8339.523875,8185.5731875,8128.653625,8203.376375,7611.6125625,7506.644625,8846.4300625,9210.77725,9415.93675,9164.3485625,9028.68175,9338.2899375,9338.94175,8921.97725,8632.2738125,8821.43325,8500.09675,8186.6021875,8867.104625,8994.3819375,8844.1015625,8783.7045625,8744.8043125,8044.1774375,8073.5461875,7453.2155,7288.7068125,8547.2299375,8499.5443125,8553.799375,8767.15725,8359.2430625,8195.0769375,8334.231625,8685.8855,8228.723375,8495.26775,8618.0209375,8279.7245,7924.0929375,8062.30925,8704.5993125,7992.40225,8235.4353125,8312.714375,7676.149375,7066.0316875,8038.2713125,7830.8169375,7631.667,7768.8284375,7891.935375,7547.852625,7186.0760625,7630.378125,7613.1816875,7574.665875,6677.2645,7225.449625,7102.7261875,6602.8281875
4.683709909111696,6473.714125,7106.837875,6618.1595625,7200.466625,7149.586125,7140.7848125,6988.6328125,7504.1535625,7226.2340625,7199.0223125,7658.57075,7522.319125,6981.5335,7392.8233125,7588.17075,7285.5550625,7444.641,8345.5649375,9484.7838125,10148.0989375,9892.1536875,10239.473,9891.5775625,10082.501375,9931.627125,10250.3595625,9844.5611875,9875.4570625,9627.2189375,10001.2510625,9959.989375,10102.1975625,9629.7213125,10035.7753125,9719.3914375,9952.17825,9854.81225,9875.199625,9819.1936875,9705.7389375,9583.157625,9390.75175,9774.8744375,9488.3084375,9411.1479375,9672.1605,9527.502375,9467.3355625,9278.097125,9083.018125,8804.20525,9001.4121875,8671.0946875,9492.8639375,10469.090125,9910.721625,10083.7856875,9708.1698125,9904.1136875,9577.8068125,9557.605375,9508.02725,9464.2555625,10002.5235,9441.875875,9433.103125,9357.7326875,9156.0593125,9035.6169375,8928.275375,8809.9250625,8787.718875,8780.631875,8239.1258125,8115.1440625,9413.0920625,9876.18,10051.8445625,9819.3130625,9764.015,9982.1291875,9997.6604375,9590.911625,9279.8744375,9491.1475625,9190.4295625,8806.06125,9532.6395,9670.0230625,9455.4875625,9461.25375,9400.6779375,8678.5545,8742.25375,8109.6354375,7901.806375,9287.3218125,9200.3891875,9279.4565625,9532.770125,9060.4449375,8868.8550625,9099.0115625,9389.1754375,9001.1655,9176.9685625,9371.68175,9051.9665,8631.7905,8844.3903125,9445.430125,8683.594125,8967.0400625,9101.3555625,8334.4063125,7769.403,8887.6656875,8536.830375,8328.861625,8550.7490625,8665.546375,8211.5964375,7846.485875,8356.4445,8322.983125,8313.515,7303.3581875,7940.9530625,7769.8770625,7304.1890625
4.687782431833779,6824.9675625,7414.471875,6959.59925,7561.918625,7507.4085,7538.10675,7399.5023125,7904.9359375,7661.466625,7668.3529375,8109.499625,7985.200875,7485.2535625,7815.571125,8021.8101875,7782.1936875,7872.514625,8619.7525625,9519.341,10216.80625,9992.871625,10316.9784375,10030.7293125,10183.60625,10065.6673125,10444.5569375,9989.22225,10025.9371875,9815.398875,10115.5784375,10181.2738125,10402.9441875,9883.2301875,10238.542375,9950.1920625,10153.85975,10080.5841875,10139.7356875,10116.9699375,10010.076625,9867.367875,9702.0353125,10051.5530625,9893.0928125,9747.3559375,9999.3340625,9854.5770625,9808.0968125,9679.5115,9476.1558125,9207.1625,9384.5576875,9095.9241875,9792.0420625,10869.879125,10328.9134375,10406.492,10123.043625,10316.8903125,10015.5953125,10005.3303125,9861.0603125,9897.01875,10446.7349375,9940.0275,9888.8989375,9849.5866875,9664.6385,9527.4796875,9443.4988125,9365.562,9359.52075,9310.7474375,8841.50175,8720.7118125,9865.2386875,10387.217125,10532.252375,10303.9196875,10338.9776875,10469.4511875,10503.3290625,10122.9016875,9841.5974375,10064.4741875,9786.8155625,9337.8126875,10101.3034375,10215.513625,9981.543375,10038.9595,9954.659125,9243.444125,9379.965375,8750.248625,8493.08225,9920.4740625,9821.5440625,9907.18175,10183.4616875,9685.7181875,9481.3375,9779.3256875,10004.811875,9691.9459375,9795.5895,10047.7575625,9742.8905,9268.55425,9584.7698125,10100.4585,9323.9729375,9646.3494375,9840.5270625,8983.4119375,8481.9079375,9678.815625,9217.738875,8996.2018125,9320.5201875,9416.0593125,8882.56875,8506.71275,9068.815375,9040.563375,9053.779125,7956.6791875,8659.026375,8444.3045,8016.03375
4.691854954555848,7076.396125,7580.3391875,7183.4518125,7817.853375,7745.44275,7840.52225,7725.4186875,8199.694625,7990.550625,8039.912875,8436.838,8355.017375,7901.1568125,8151.2105625,8363.6395625,8205.60125,8207.928,8755.1845,9322.5704375,10033.009875,9866.0523125,10157.8075,9941.1196875,10045.02075,9971.5454375,10382.8851875,9923.573625,9931.2184375,9764.4551875,10000.8908125,10166.5375,10455.462,9914.87275,10188.1501875,9942.8421875,10098.669,10060.68375,10146.985375,10172.9839375,10059.6475625,9946.8214375,9784.5468125,10086.1785,10057.5475625,9832.2629375,10089.1153125,9950.7651875,9946.2090625,9853.2871875,9653.710125,9393.69325,9589.353625,9318.2244375,9860.2624375,11038.446125,10500.5445,10500.7656875,10323.2718125,10498.1100625,10227.491375,10264.7546875,9999.9423125,10135.2911875,10683.0901875,10254.4279375,10198.618375,10178.085625,9999.7701875,9872.6995625,9824.05025,9798.8844375,9786.779375,9750.777,9358.4625625,9271.2060625,10148.659625,10675.9071875,10801.095125,10557.006875,10670.8651875,10747.6798125,10800.330125,10453.786375,10262.3958125,10470.6043125,10233.497375,9743.024625,10520.6558125,10573.97425,10360.38075,10461.1760625,10351.717875,9691.4186875,9933.2850625,9335.7498125,9019.966875,10384.595,10307.53575,10382.6988125,10654.7515,10162.1658125,9976.7325,10326.0235,10479.329375,10247.5476875,10288.4633125,10578.755625,10297.6304375,9796.266625,10219.0245625,10611.323125,9858.7569375,10212.77625,10459.43725,9586.9080625,9165.7174375,10342.9974375,9819.5683125,9607.894875,10017.2468125,10077.430875,9514.3565,9127.9194375,9717.230875,9712.662625,9750.7553125,8613.345875,9345.62575,9091.7808125,8715.136
4.695927477277931,7223.067,7574.5231875,7251.95175,7917.2941875,7833.485625,8006.975625,7916.5125625,8346.2435,8165.7681875,8256.091125,8608.8163125,8584.703,8173.1150625,8346.0704375,8572.7124375,8507.9685625,8413.9904375,8740.27775,8927.5431875,9621.4035625,9523.3153125,9792.4575625,9641.0795,9697.6471875,9674.716875,10078.5640625,9657.6269375,9596.6303125,9485.0779375,9675.701,9929.36275,10259.9740625,9705.6880625,9901.951625,9695.1753125,9797.5125625,9803.274375,9897.8156875,9982.779375,9847.5845,9806.130125,9631.9110625,9885.072375,9955.9699375,9658.8594375,9926.2569375,9812.563125,9855.514,9781.2805,9585.502,9337.8258125,9572.667625,9311.2054375,9684.8934375,10945.1911875,10408.70525,10361.436375,10278.048,10402.5281875,10184.4735625,10296.819625,9909.0635625,10146.7509375,10679.0881875,10336.3353125,10307.940875,10277.887125,10117.6555,10020.369125,10006.681625,10053.944125,10022.0908125,10040.6424375,9710.8266875,9691.3745625,10222.7411875,10701.410375,10824.7695625,10551.4170625,10710.2015,10779.8175625,10852.2865625,10539.9534375,10480.88825,10653.5850625,10475.343125,9984.56475,10741.21075,10704.9115,10533.789875,10673.1823125,10546.1205,9972.0698125,10344.972125,9813.40775,9435.938875,10630.7614375,10603.326375,10657.819875,10898.0483125,10429.0176875,10292.81225,10692.19225,10758.0746875,10617.8745,10593.046625,10905.987875,10668.1448125,10164.181625,10680.7361875,10930.3863125,10243.72125,10607.17025,10890.54175,10096.737125,9772.9379375,10818.6049375,10288.557375,10125.4779375,10571.7168125,10589.686875,10051.4911875,9666.0441875,10245.3986875,10269.54925,10352.6785625,9240.151625,9953.0465625,9666.724125,9373.6301875
4.7,7261.707375,7388.8384375,7152.0011875,7817.968375,7753.253875,8009.2085625,7928.31575,8312.06925,8154.0001875,8272.801,8593.702125,8634.75625,8257.907125,8356.0381875,8610.3155,8646.80525,8457.9709375,8574.9844375,8382.4456875,9026.121875,8987.980375,9262.1574375,9160.7505,9172.168,9214.151875,9569.2078125,9207.94925,9063.48275,9017.8126875,9178.9171875,9507.61075,9852.205,9272.0255625,9418.2370625,9240.707125,9297.9225,9344.6948125,9422.1503125,9570.7423125,9409.7398125,9442.4020625,9259.453625,9480.2695625,9607.744875,9260.843125,9528.449875,9459.7171875,9530.7123125,9478.08525,9278.8925625,9043.9324375,9323.1660625,9082.8230625,9289.6853125,10599.483125,10077.77375,10007.6574375,9993.9181875,10037.944,9888.1756875,10093.5238125,9605.0956875,9926.8438125,10432.7654375,10157.5039375,10169.3955625,10112.10625,9996.5745625,9935.2269375,9950.3640625,10076.683875,10028.73175,10119.1308125,9824.8720625,9900.5073125,10066.06175,10459.0548125,10591.6294375,10291.64075,10455.7530625,10551.49,10641.0975,10365.3380625,10453.523625,10585.1275625,10468.5026875,10027.155875,10730.9209375,10589.4616875,10460.0848125,10637.9895625,10512.7494375,10038.572125,10559.329125,10117.888375,9693.8540625,10634.1800625,10662.54775,10699.5705,10882.1914375,10452.42525,10384.88875,10833.9870625,10798.218125,10757.157,10665.215,10995.7985625,10816.4414375,10320.1959375,10913.5406875,11026.9719375,10449.2389375,10785.8175,11083.6568125,10457.983875,10247.8175,11054.5629375,10575.56025,10491.7490625,10920.72625,10908.6396875,10439.6480625,10084.2615,10602.07575,10643.533875,10804.186125,9794.7638125,10422.103875,10122.08225,9946.70725
4.704072522722083,7189.511625,7038.184125,6900.574,7505.837375,7494.89275,7838.7258125,7736.941375,8087.3421875,7942.68775,8075.8601875,8372.5023125,8487.3654375,8132.6773125,8165.27525,8452.6089375,8588.6058125,8315.049125,8265.0733125,7727.6711875,8300.677,8305.8516875,8605.404,8545.861125,8501.7951875,8637.319375,8908.707375,8606.7466875,8394.8123125,8418.684625,8553.449125,8938.65225,9283.27225,8667.369,8787.7816875,8628.324125,8662.0946875,8733.01125,8769.7489375,8984.4253125,8805.690125,8887.1068125,8702.97725,8919.0946875,9063.6256875,8696.9649375,8941.94825,8924.8850625,9003.415375,8983.612125,8777.141125,8549.990875,8864.036,8666.510125,8718.1435,10038.05425,9554.19025,9471.998625,9508.274125,9455.0511875,9371.7138125,9680.3580625,9124.868,9492.7703125,9969.49775,9724.945,9773.0036875,9682.4035,9635.7255625,9605.422625,9646.11925,9833.3954375,9785.5599375,9944.714125,9661.4090625,9842.504,9675.9763125,9976.650375,10111.8861875,9805.88625,9946.6849375,10077.25425,10168.6276875,9947.3311875,10168.418375,10263.6915,10191.3666875,9841.6825625,10483.8289375,10229.0256875,10126.1971875,10347.2775,10250.7451875,9854.6721875,10521.8271875,10186.5694375,9745.00125,10389.3605625,10460.6450625,10495.913125,10598.5371875,10227.9950625,10237.15975,10714.561125,10584.0715,10630.8775625,10482.375,10842.718875,10718.192625,10230.41025,10881.4325,10888.6490625,10452.6130625,10724.2874375,11008.6479375,10609.3063125,10533.0120625,11013.1495,10637.6744375,10643.05175,11021.9593125,11003.4155,10625.72775,10343.9126875,10745.2995,10786.199125,11053.756,10219.6733125,10696.5811875,10411.6695,10368.309
4.7081450454441525,7012.9036875,6562.9531875,6532.0778125,7007.7858125,7066.771125,7507.6395,7349.31725,7690.1284375,7540.8080625,7684.426625,7955.41,8152.016,7798.594,7793.0408125,8095.699,8321.742375,7980.7393125,7817.10025,6998.4306875,7503.784375,7539.0195625,7856.760625,7846.759,7735.078125,7987.787125,8156.44325,7904.130375,7658.4829375,7739.571,7840.3108125,8255.634625,8602.3241875,7954.470875,8064.500875,7910.78075,7946.2155,8019.8895625,8005.68275,8282.87975,8101.8554375,8210.5556875,8015.6853125,8254.0664375,8384.0268125,8034.774375,8228.904125,8250.8239375,8338.0355625,8349.775,8143.1133125,7922.7230625,8247.40775,8110.9490625,8017.3940625,9314.2495,8884.3830625,8795.0415,8870.9264375,8725.5598125,8687.591875,9098.6170625,8508.5958125,8881.330875,9341.3645625,9083.5950625,9156.9120625,9024.9185625,9055.199375,9047.8393125,9115.9315625,9329.0723125,9295.6858125,9514.9810625,9224.28225,9503.2518125,9071.49125,9301.9951875,9417.744125,9138.96875,9238.407875,9398.25975,9466.70875,9332.354375,9643.5578125,9709.1084375,9655.5155625,9415.0368125,10014.8431875,9645.8290625,9557.292125,9821.603625,9771.6420625,9410.356625,10196.03425,9979.65025,9547.61825,9908.6091875,10002.779625,10055.688125,10063.8780625,9770.45075,9851.4500625,10316.112375,10126.36525,10227.8589375,10042.3848125,10460.645875,10365.837375,9890.7064375,10571.815875,10517.830875,10230.390875,10418.9808125,10661.570625,10499.23,10572.282875,10676.36825,10444.78575,10528.283,10857.0484375,10854.8053125,10564.6813125,10396.22275,10642.6483125,10673.145625,11058.4138125,10441.8415625,10731.9108125,10487.5383125,10568.4391875
4.712217568166236,6748.592375,6014.52925,6083.2585,6382.4265625,6508.497125,7045.4700625,6807.05325,7157.0645625,6984.7801875,7143.834875,7384.1001875,7656.153375,7287.3393125,7281.0056875,7559.100625,7869.8351875,7481.0011875,7249.1784375,6236.37675,6692.195625,6747.6585,7053.108875,7103.2840625,6927.101375,7295.2716875,7362.8171875,7153.5325625,6910.9815625,7018.6365625,7084.684,7499.16075,7852.504875,7180.24025,7296.428375,7139.710625,7194.3995,7254.9514375,7197.2676875,7524.4975,7360.7753125,7488.866,7261.3378125,7535.9458125,7626.2351875,7331.43,7454.7176875,7490.255375,7602.3035,7628.8420625,7441.698875,7231.679,7544.1734375,7470.1501875,7232.215875,8487.8801875,8107.741,8020.637,8129.335875,7918.0830625,7896.350875,8387.62925,7790.585625,8147.5605625,8611.801125,8300.86925,8391.3325,8199.7184375,8301.472875,8311.125375,8411.8634375,8609.585875,8594.4395625,8869.0731875,8554.0523125,8909.912875,8295.322875,8488.3380625,8562.405125,8339.5953125,8386.28125,8568.827,8596.551125,8577.1095,8918.352625,8960.07975,8910.8986875,8762.775875,9355.2874375,8882.200375,8805.64,9105.61125,9092.719125,8736.133625,9588.13,9497.0039375,9087.8025625,9227.84625,9318.97475,9404.92375,9316.610625,9102.75175,9238.40775,9653.83775,9450.1993125,9569.2771875,9366.535375,9869.9668125,9771.9573125,9324.372375,9995.2568125,9929.06625,9762.5928125,9886.383625,10068.7348125,10110.565,10323.2450625,10052.9994375,9989.5075,10121.49225,10424.724,10458.604875,10231.363625,10192.4005625,10274.0055,10295.365125,10783.0590625,10391.9390625,10492.19075,10305.8613125,10492.91925
4.716290090888319,6417.3035,5434.204625,5585.7405625,5692.6349375,5879.915125,6490.596125,6174.56825,6529.9005,6336.3324375,6513.099625,6718.4675625,7039.3238125,6658.52425,6676.5598125,6892.84625,7288.7139375,6861.9460625,6604.1645,5489.3596875,5908.9781875,5982.19375,6233.036625,6341.525875,6126.162625,6582.1716875,6562.663,6397.807125,6181.023,6284.491125,6333.447625,6715.4505625,7073.1435,6380.6318125,6524.7451875,6354.2293125,6439.531875,6479.2195,6395.5611875,6758.081,6632.1306875,6769.3593125,6500.527875,6806.78025,6842.0049375,6622.9386875,6675.06225,6701.9656875,6847.0065,6873.7515,6721.5596875,6523.1113125,6826.946375,6793.353125,6406.81,7614.4153125,7263.8635625,7191.2451875,7323.9690625,7082.21275,7057.5129375,7587.1313125,7000.735125,7351.340625,7831.9523125,7442.9495,7546.7826875,7279.418125,7446.142,7467.5410625,7605.3623125,7748.600125,7748.8648125,8070.4353125,7719.141375,8126.593875,7408.897375,7587.51475,7613.9099375,7454.90875,7449.2508125,7649.0844375,7633.0413125,7735.0055625,8048.7053125,8071.8685,8033.9808125,7931.3275,8552.3836875,7993.14875,7930.220625,8261.062875,8250.27625,7895.9765625,8754.203625,8783.2554375,8397.4439375,8401.1539375,8463.08975,8586.0260625,8411.2735625,8262.334125,8428.6479375,8777.4521875,8594.340125,8703.3675625,8500.353875,9093.018,8974.0000625,8571.7803125,9187.9149375,9148.73825,9054.2055625,9158.0458125,9277.1783125,9466.4061875,9783.829625,9184.1479375,9291.9444375,9432.24525,9739.4576875,9826.5576875,9626.599,9708.1801875,9638.6640625,9656.0133125,10211.1085,10029.3448125,9959.4970625,9842.103125,10112.36425
4.720362613610388,6041.1271875,4851.366375,5066.2403125,4985.857375,5235.0065,5884.5280625,5513.73075,5850.0266875,5661.7894375,5849.872375,6017.612625,6354.35525,5982.2508125,6026.6234375,6167.616625,6642.84225,6174.698375,5939.0984375,4799.1993125,5177.8545,5278.744375,5432.8441875,5582.1705,5368.4245625,5872.1584375,5782.7801875,5664.6919375,5472.6180625,5560.316125,5619.40175,5943.84,6296.3069375,5597.6318125,5785.033125,5577.3391875,5705.4409375,5724.2905625,5630.667625,6014.172625,5943.767125,6070.8890625,5776.1333125,6094.1491875,6074.150375,5929.8693125,5925.44975,5940.7988125,6110.640125,6135.7174375,6010.7075625,5821.9975,6149.1665625,6119.32125,5587.192125,6741.2825625,6398.502375,6346.973,6488.1884375,6251.060625,6218.287125,6744.43275,6177.05425,6541.67375,7033.3793125,6562.7003125,6675.6666875,6339.7444375,6566.3129375,6594.1520625,6765.4608125,6832.74225,6838.8975625,7188.1211875,6804.4635625,7242.8826875,6482.0555625,6653.4986875,6646.90475,6535.6155,6490.210875,6705.923,6649.6475625,6854.9675,7107.118625,7114.7615,7103.8249375,6994.6345,7664.859125,7040.724625,6990.948625,7355.94075,7309.8651875,6968.9213125,7786.1496875,7916.4950625,7551.602,7490.675125,7511.6110625,7661.060125,7412.4968125,7310.59775,7483.343,7767.490125,7621.294375,7700.3461875,7509.998125,8172.5553125,8035.3166875,7688.0308125,8219.152375,8221.42075,8153.865,8279.567125,8345.925375,8618.6640625,9007.0743125,8146.19475,8401.7406875,8514.650125,8843.9280625,8992.044125,8790.2865625,8970.4773125,8771.284,8790.0410625,9367.8506875,9366.8023125,9159.94625,9111.2390625,9439.9175625
4.724435136332471,5647.333875,4290.97625,4549.2145,4296.1878125,4611.9989375,5267.197625,4869.162625,5159.470625,5010.236125,5197.646125,5329.078625,5657.9380625,5317.24425,5376.180625,5448.819875,5985.1185,5470.1440625,5298.3835,4186.3096875,4507.7675625,4651.1719375,4688.276875,4850.173,4675.869375,5187.693375,5048.1986875,4970.6113125,4786.4458125,4863.130625,4955.17525,5212.0253125,5542.251,4873.5658125,5102.2091875,4830.097625,5011.6005,5016.50625,4919.76675,5306.064875,5303.466125,5405.306125,5111.1538125,5413.4660625,5352.755375,5265.602375,5221.3616875,5240.283375,5423.312125,5454.2240625,5329.4235,5150.0796875,5533.671875,5476.5954375,4816.929,5907.2775,5556.9084375,5523.252,5652.374125,5448.444,5409.0506875,5906.2635,5370.89275,5753.4525,6241.5505,5702.7015,5819.9893125,5446.32875,5719.680875,5756.592,5943.4909375,5944.3235625,5936.751625,6286.6865,5895.0781875,6350.6655,5578.41575,5745.012625,5732.1281875,5634.0964375,5564.372,5805.18125,5709.92,5980.5491875,6175.0413125,6164.005875,6184.04425,6042.8474375,6751.350375,6091.3181875,6050.419125,6452.1529375,6354.7294375,6036.602625,6786.359,6987.70425,6642.8265,6562.8418125,6547.03825,6707.46175,6390.065625,6325.366625,6485.30825,6725.794375,6613.7921875,6648.9765625,6477.5949375,7185.1716875,7036.9366875,6744.973375,7186.115875,7215.693875,7153.202625,7313.68,7349.444125,7640.9344375,8087.96425,7039.955875,7399.6516875,7460.497625,7818.94925,8019.6464375,7811.1281875,8059.442625,7755.4034375,7781.3249375,8332.888,8484.4416875,8174.862875,8183.7355625,8541.8155
4.72850765905454,5263.229875,3771.5475,4056.5673125,3652.33025,4038.0603125,4671.7705,4270.10725,4499.3658125,4408.5093125,4579.745375,4685.0548125,4992.5451875,4695.657,4762.149125,4780.0645625,5351.636125,4791.6514375,4705.1573125,3648.57025,3901.9874375,4096.5311875,4025.798625,4172.4021875,4059.0685625,4545.55025,4378.708,4327.0824375,4135.1123125,4204.9228125,4340.72425,4537.4396875,4823.396,4227.769,4486.7656875,4140.314125,4378.3705,4374.865375,4272.6403125,4640.764625,4711.512875,4788.7021875,4513.6980625,4776.1258125,4699.0405,4639.723375,4571.5346875,4608.27975,4799.642,4850.1029375,4697.2960625,4528.7076875,4980.955,4886.282,4128.547,5141.048,4772.189125,4747.2961875,4849.5803125,4691.927,4648.141625,5107.5440625,4629.3978125,5013.937125,5487.75125,4899.53425,5020.5588125,4645.0060625,4936.4423125,4998.8991875,5172.256875,5143.056375,5098.2075,5422.0805625,5056.5963125,5517.9614375,4744.4481875,4912.22775,4919.660375,4797.9234375,4713.3664375,4990.5019375,4860.0320625,5149.9995,5322.4593125,5280.5824375,5318.6948125,5152.4978125,5859.9496875,5206.30925,5169.9329375,5597.0735625,5458.4364375,5169.84225,5838.0410625,6082.53275,5748.280375,5678.9578125,5634.8811875,5802.5950625,5413.57975,5379.5828125,5518.219125,5747.0588125,5653.717625,5636.878625,5485.9125,6214.991,6062.1201875,5819.44175,6184.731375,6213.34425,6160.6191875,6336.9098125,6371.1129375,6624.2503125,7134.2475625,5966.186375,6381.9304375,6372.838875,6766.7458125,6998.4314375,6799.3820625,7080.82025,6703.092875,6739.57575,7220.8785,7506.1803125,7118.9635,7174.5405625,7517.610375
4.7325801817766235,4900.691,3301.684125,3603.119125,3078.2384375,3530.032125,4125.4291875,3733.5748125,3902.08075,3865.284125,4005.46525,4103.099875,4381.6584375,4127.611125,4208.4495625,4178.5940625,4764.06825,4166.0324375,4173.7323125,3174.046875,3365.9786875,3607.097,3449.89725,3570.743,3521.1053125,3959.3045625,3786.023375,3742.0324375,3539.8045,3598.644625,3767.764,3929.1758125,4151.927,3657.350875,3938.7315,3531.0628125,3819.86625,3804.2064375,3694.542625,4026.5183125,4167.4020625,4234.5543125,3982.3413125,4195.385,4123.6019375,4061.8216875,3988.6509375,4042.60225,4237.441125,4323.0469375,4129.9734375,3973.0785,4485.4175,4361.4256875,3537.797375,4459.8443125,4065.2675,4035.811625,4114.4976875,3998.4413125,3949.0235625,4372.002875,3975.8449375,4345.6546875,4798.4378125,4180.5149375,4307.028,3960.2898125,4231.3804375,4337.029375,4472.737,4459.6698125,4357.4509375,4636.06475,4323.822625,4776.8506875,4007.67825,4178.1486875,4230.2725625,4063.7031875,3966.3695,4275.0781875,4120.0358125,4394.450125,4587.7999375,4502.92425,4533.432,4366.771125,5032.7268125,4430.243875,4396.9438125,4817.933125,4662.80325,4413.03675,4986.697,5265.0920625,4914.64225,4880.6243125,4812.6218125,5004.6990625,4540.5898125,4524.8678125,4644.6435625,4891.2365625,4800.316875,4724.8130625,4593.9104375,5318.1348125,5176.690875,4972.8544375,5281.318875,5287.7258125,5258.4745,5419.3450625,5476.64925,5659.7899375,6235.19,4998.5196875,5427.996375,5339.781,5775.16225,6016.4540625,5843.888,6130.393375,5708.9711875,5757.8358125,6142.7694375,6543.987375,6099.457625,6200.6174375,6467.18175
4.736652704498693,4552.5074375,2883.8098125,3193.659625,2588.143625,3093.8284375,3651.326125,3266.339625,3381.783625,3378.0434375,3482.858125,3588.0675,3837.429375,3618.4049375,3725.7095,3639.9123125,4233.2253125,3604.505,3716.3280625,2749.5329375,2908.18275,3174.12475,2950.27275,3058.9003125,3060.8953125,3439.8120625,3273.1489375,3220.2224375,3015.742375,3059.785625,3223.409625,3392.890875,3544.17,3156.9458125,3456.327125,3008.405,3333.182125,3296.5728125,3189.1170625,3474.3839375,3668.8348125,3747.2989375,3512.2683125,3684.876125,3620.548625,3544.8084375,3484.939875,3539.9016875,3731.0551875,3856.8390625,3632.9931875,3490.3848125,4041.48075,3898.8198125,3045.95925,3869.5989375,3452.751,3398.320375,3473.307375,3384.88875,3322.05925,3713.5831875,3414.1985,3760.9648125,4179.7065,3557.6363125,3685.9051875,3395.8761875,3615.6205625,3764.3995625,3860.92775,3899.20425,3724.6160625,3948.2069375,3702.906625,4134.1856875,3379.20675,3542.6685625,3660.95875,3444.4923125,3340.52775,3653.829625,3486.258875,3728.1655625,3975.73525,3846.7506875,3837.695375,3703.77025,4308.52275,3783.5069375,3753.6456875,4121.632875,3978.8410625,3775.7930625,4247.399625,4563.53775,4167.4255625,4185.089625,4093.6714375,4343.6991875,3802.905875,3789.433125,3896.2869375,4177.6488125,4076.0516875,3939.645625,3828.6378125,4518.7408125,4413.401875,4238.332375,4503.0376875,4485.9016875,4479.32175,4602.0333125,4698.8938125,4812.6875625,5436.044875,4168.3535625,4581.51675,4422.8919375,4894.44375,5134.543,4991.0560625,5267.563625,4825.402875,4891.3645625,5176.3515,5658.2690625,5182.9793125,5338.200625,5469.0748125
4.740725227220776,4205.3020625,2518.9346875,2826.9680625,2181.2530625,2725.7394375,3258.245875,2873.09825,2937.48525,2944.0778125,3024.0011875,3135.133375,3365.3055625,3170.692625,3310.484125,3154.245125,3759.6614375,3111.542,3334.078875,2365.4864375,2529.9820625,2787.036625,2515.810125,2637.6296875,2671.681875,2990.2610625,2839.8715625,2763.392625,2564.5393125,2597.31375,2703.7995625,2933.6904375,3017.6985,2722.583625,3041.6651875,2564.2304375,2902.4723125,2842.397625,2756.942875,2995.6668125,3214.375625,3326.4268125,3095.7054375,3249.780125,3176.45575,3100.37775,3062.0338125,3092.1464375,3280.154375,3432.3358125,3197.8818125,3077.5561875,3641.4416875,3478.314875,2643.366875,3362.9424375,2942.0591875,2842.1266875,2935.4135625,2860.0055625,2773.0835625,3136.0928125,2939.965625,3257.3778125,3625.192,3029.838625,3147.586625,2939.731125,3093.9850625,3266.4035625,3342.7720625,3446.4431875,3192.7655625,3354.7663125,3184.7604375,3588.2999375,2856.933625,3002.405625,3195.646,2927.48925,2836.1075,3117.2968125,2946.965,3149.2450625,3469.28825,3306.819125,3228.1684375,3164.66525,3707.477,3262.8345625,3234.4826875,3504.6961875,3403.732125,3241.7565625,3619.8521875,3971.8369375,3522.9825625,3590.770625,3474.701125,3820.0439375,3202.0643125,3181.00225,3277.5386875,3593.423625,3467.3879375,3283.9998125,3194.0488125,3822.8768125,3770.338875,3620.878375,3844.6043125,3821.6910625,3817.191125,3896.8295,4043.1648125,4108.61625,4737.6168125,3476.2063125,3857.3504375,3656.9440625,4143.7755,4375.4958125,4248.782125,4512.79125,4071.5653125,4163.2870625,4355.9523125,4866.5339375,4390.6854375,4612.453625,4573.876125
4.744797749942859,3852.627125,2210.3123125,2500.0135,1845.6096875,2414.078875,2930.83425,2557.995125,2564.437875,2563.2033125,2636.845125,2735.1565,2966.6938125,2779.909875,2951.0734375,2722.34325,3339.24075,2689.873,3010.187,2020.0154375,2221.777875,2435.343125,2138.4800625,2295.829375,2339.0979375,2605.232625,2488.307875,2368.3969375,2178.5940625,2210.4105,2224.7736875,2553.54525,2579.3081875,2345.4415,2691.182625,2186.4846875,2515.217,2437.4410625,2393.879125,2595.6944375,2808.962625,2965.491625,2719.03075,2882.37525,2781.2325625,2730.585,2707.9384375,2687.0610625,2882.7146875,3038.903375,2809.10175,2721.8465,3278.1525,3078.4695,2309.770375,2924.2094375,2525.3255,2370.0121875,2498.3475,2418.3158125,2303.83425,2636.292125,2544.6140625,2822.168375,3134.1331875,2593.4835625,2682.44075,2571.667,2659.4029375,2830.52575,2907.609875,3073.963375,2750.02075,2839.044125,2756.5181875,3131.001375,2433.11625,2555.976,2815.799125,2491.3750625,2433.8359375,2662.0343125,2489.264125,2654.4168125,3041.8544375,2868.0738125,2697.5146875,2733.814625,3222.3035,2848.733,2814.8948125,2964.601375,2930.1505625,2787.5635,3091.2775625,3467.3934375,2984.552375,3086.51125,2946.091,3407.457875,2718.492625,2687.409875,2772.731875,3108.7976875,2948.00075,2747.145375,2678.7915625,3229.857,3225.7759375,3107.0728125,3286.17775,3281.4251875,3252.652875,3301.0165,3494.2169375,3540.8375625,4120.258125,2910.224375,3255.18875,3047.425875,3526.069375,3730.223375,3606.232,3866.056625,3447.57575,3576.9715625,3679.8109375,4169.8916875,3715.8688125,4014.7875,3801.203
4.748870272664928,3499.183125,1961.989,2211.099,1567.077875,2142.3351875,2641.0541875,2315.2546875,2259.86725,2231.705,2315.7446875,2381.1654375,2637.5889375,2440.57725,2637.29025,2355.240125,2971.2648125,2339.032,2720.8918125,1715.4326875,1974.4400625,2114.3419375,1812.6126875,2015.825625,2048.5425625,2275.5579375,2214.2470625,2031.0904375,1849.5880625,1894.960125,1811.793625,2247.0741875,2216.6248125,2016.52775,2388.037375,1866.8063125,2170.3785,2078.01975,2095.060125,2266.087,2459.13675,2647.0429375,2371.6401875,2568.7500625,2426.8889375,2421.777375,2403.93675,2314.5279375,2531.4191875,2679.112,2457.381125,2405.89775,2949.1024375,2692.4298125,2019.6620625,2544.0108125,2188.95975,1975.5224375,2154.824,2043.259625,1912.6360625,2210.3294375,2217.9363125,2444.883625,2714.2670625,2244.272625,2287.091125,2267.0614375,2296.1885,2449.5720625,2535.1,2758.0081875,2386.298375,2389.08875,2402.5799375,2743.128,2099.02425,2193.4653125,2506.469,2121.6489375,2104.6639375,2292.4543125,2098.2845,2245.1214375,2669.0068125,2518.8895,2242.7945,2384.6505,2828.8593125,2516.5524375,2464.7933125,2500.2049375,2542.5768125,2395.87075,2642.8564375,3028.0716875,2535.3743125,2661.123125,2503.5679375,3065.57675,2326.950375,2285.501125,2356.7273125,2693.988875,2502.2419375,2310.908875,2262.336875,2734.9409375,2757.7084375,2676.2690625,2810.0398125,2838.23225,2769.5989375,2807.285,3028.6645,3084.906125,3570.16425,2450.9396875,2770.84075,2572.2148125,3029.5173125,3175.602375,3051.633375,3321.231625,2940.2513125,3118.1729375,3128.444625,3564.90375,3145.52375,3522.7994375,3145.49825
4.752942795387011,3154.16775,1771.2001875,1962.6255,1331.5745,1896.9071875,2370.1070625,2126.2108125,2021.5374375,1943.2768125,2044.0008125,2073.0163125,2366.061375,2151.801375,2362.419875,2061.4988125,2657.9990625,2054.707125,2453.913875,1450.8785625,1783.563,1827.645875,1538.555375,1777.1375625,1793.95975,1991.8193125,2000.7068125,1754.6211875,1571.8610625,1643.946625,1480.0503125,2001.4346875,1904.4935625,1732.5115,2114.6650625,1599.90825,1870.373375,1756.1271875,1853.5041875,1988.565375,2163.24625,2352.5850625,2054.3875,2293.446125,2106.486375,2150.4151875,2137.7318125,1972.5419375,2220.274125,2364.4890625,2140.6304375,2118.1733125,2651.860125,2327.902375,1752.1961875,2219.7320625,1920.095625,1643.1705,1889.7206875,1715.783625,1595.5385,1859.352875,1949.897875,2123.8191875,2367.005125,1969.1536875,1962.1681875,2000.9811875,1990.2705625,2123.2338125,2202.999125,2486.774,2093.215,2004.6215625,2107.279125,2402.0144375,1841.343625,1892.731625,2256.8635,1814.3329375,1820.0364375,2013.639375,1765.730125,1919.8300625,2336.8986875,2247.6666875,1863.1003125,2090.99625,2501.91325,2247.4759375,2159.0004375,2104.030125,2216.6640625,2058.8118125,2262.2373125,2642.0838125,2148.48825,2306.0089375,2147.62,2760.574125,2005.47025,1959.11625,2006.9620625,2330.8104375,2127.2960625,1954.036,1920.15475,2324.6214375,2353.354,2308.6176875,2404.852375,2466.0538125,2357.8820625,2406.3054375,2633.0888125,2714.0645,3088.054,2077.845375,2396.5110625,2196.5390625,2630.3223125,2695.184875,2579.3830625,2865.923375,2529.660125,2755.7648125,2677.6674375,3045.01925,2669.34,3109.653875,2594.72675
4.75701531810908,2826.0911875,1629.191,1758.24775,1125.8885,1674.3980625,2118.0211875,1966.8656875,1835.7341875,1694.8471875,1806.7698125,1816.106625,2138.2289375,1917.4345,2120.387,1838.761875,2393.866125,1827.3005625,2209.6675,1220.74775,1639.4171875,1580.9135625,1321.674625,1564.156625,1576.5059375,1747.6851875,1824.077125,1545.094375,1342.9734375,1444.8731875,1228.433625,1799.5833125,1621.793375,1493.1270625,1865.0310625,1375.4133125,1611.8054375,1464.156125,1652.8958125,1751.083875,1911.47725,2074.9881875,1771.319875,2040.01575,1816.9566875,1901.4664375,1909.2433125,1665.3731875,1949.385125,2101.983625,1855.489875,1858.56225,2377.8739375,1997.93175,1503.7129375,1940.7586875,1700.3484375,1358.0559375,1679.148,1421.245125,1346.375875,1582.39575,1729.748625,1859.5293125,2076.6179375,1749.011625,1706.4620625,1754.7819375,1730.32225,1853.3128125,1894.74675,2253.190875,1861.9711875,1686.850875,1858.2618125,2096.2791875,1641.4443125,1629.7779375,2055.673125,1573.1656875,1558.6233125,1822.1166875,1491.8308125,1672.1196875,2037.201875,2031.0354375,1553.010875,1833.8875625,2222.494625,2029.242125,1884.476,1759.7660625,1931.9905,1771.9243125,1945.49,2305.893375,1804.6265,2013.1806875,1873.3740625,2478.1686875,1739.60225,1702.55375,1706.7739375,2012.252625,1820.0435625,1658.5248125,1630.8979375,1983.5824375,2005.478625,1989.882625,2062.3399375,2147.672,2010.571375,2086.60625,2305.4859375,2407.574875,2678.9268125,1776.1275625,2110.9235,1889.3675,2302.194125,2284.2751875,2185.3951875,2484.30275,2195.087375,2452.083,2302.7811875,2602.8244375,2278.21125,2748.6185625,2140.910625
4.761087840831164,2521.6483125,1526.377375,1598.6810625,941.659625,1475.22725,1893.4998125,1818.959125,1674.4410625,1485.9615,1600.4079375,1613.56575,1942.5855,1740.1054375,1905.3189375,1673.7785625,2162.928125,1642.307875,1988.8166875,1019.617625,1523.54175,1374.3704375,1161.6499375,1372.6375,1398.4024375,1543.4755625,1661.431625,1398.56925,1159.8090625,1282.8503125,1046.929,1624.6534375,1366.29425,1295.455875,1644.6761875,1180.7821875,1389.391125,1201.5881875,1473.503125,1553.07725,1691.5448125,1813.3130625,1523.3494375,1796.217875,1560.6235,1678.5894375,1719.46575,1397.5580625,1721.6304375,1887.4093125,1594.988625,1628.5704375,2115.818875,1711.945,1288.3653125,1688.1910625,1508.2178125,1113.4720625,1501.5485625,1152.9980625,1153.1074375,1367.7626875,1547.0844375,1644.3374375,1822.930875,1567.85875,1510.92425,1521.02325,1499.7134375,1632.7420625,1609.5445625,2053.6658125,1683.898125,1429.4034375,1647.2559375,1827.8581875,1479.04425,1391.3208125,1887.2918125,1398.885125,1315.8085,1700.559375,1270.0219375,1495.7051875,1758.3500625,1841.04525,1302.3953125,1601.2925,1977.964625,1850.2625,1640.098,1451.2969375,1684.805125,1525.66925,1690.96725,2014.458625,1501.0499375,1774.3088125,1666.1960625,2217.2504375,1524.1930625,1510.2905625,1441.3860625,1736.6335625,1567.7855625,1415.494375,1386.1154375,1706.998125,1706.3918125,1713.0064375,1772.6678125,1876.1800625,1721.618625,1838.951625,2039.92075,2151.3628125,2339.722875,1532.8558125,1882.437375,1629.96825,2022.73625,1938.3998125,1862.7651875,2163.1569375,1918.0465625,2176.5060625,1982.16675,2230.1538125,1963.252875,2419.1715625,1778.5765625
4.765160363553233,2245.3890625,1447.704125,1481.5038125,775.631125,1297.3973125,1702.5941875,1676.190375,1516.17125,1315.08925,1429.779375,1459.1915,1768.74175,1604.8278125,1713.766625,1546.5446875,1953.692875,1487.6013125,1786.7945,844.2190625,1415.7100625,1202.418875,1048.4921875,1205.7208125,1255.691375,1381.4028125,1498.326625,1299.3854375,1012.5139375,1146.213625,916.8053125,1467.1625625,1149.75375,1133.199375,1466.1435625,1016.9665,1203.60925,975.43425,1302.8050625,1392.1491875,1492.2614375,1566.8520625,1311.2470625,1559.6659375,1339.438875,1492.9119375,1557.6580625,1169.123375,1533.231125,1710.146875,1353.9589375,1423.4501875,1862.05425,1473.186,1117.248875,1452.3371875,1336.098,909.602375,1342.7855625,911.2349375,996.40775,1201.1784375,1397.428,1462.113875,1599.2840625,1412.3193125,1360.08,1305.1678125,1281.3730625,1447.66825,1359.87425,1889.02125,1549.85625,1219.9125625,1469.6539375,1600.580625,1332.315625,1179.371625,1735.6486875,1278.268,1103.6756875,1618.9755625,1079.4435,1378.4339375,1494.084,1662.1065,1103.2459375,1388.7354375,1759.8540625,1696.0841875,1429.4293125,1172.7466875,1483.4671875,1305.6633125,1490.206125,1760.4815,1246.2523125,1576.311125,1505.13425,1979.71625,1356.810625,1371.377,1202.6066875,1505.092375,1353.8719375,1223.893125,1188.6385,1494.5589375,1446.4451875,1476.365125,1524.111,1648.0991875,1484.582375,1656.910625,1821.0708125,1937.9866875,2055.381875,1335.9269375,1685.4264375,1407.1543125,1774.2069375,1648.891125,1601.8771875,1893.2594375,1684.722,1915.6456875,1701.95625,1919.575125,1712.4230625,2106.827,1498.211125
4.769232886275316,2001.5134375,1368.362875,1401.458625,628.7778125,1139.085125,1543.4598125,1539.70375,1362.63525,1176.97925,1297.9910625,1338.8409375,1607.9100625,1480.3376875,1548.710375,1441.3985,1768.824,1357.964375,1599.3695625,691.047875,1298.87275,1057.177875,963.5930625,1064.6123125,1130.1433125,1258.8884375,1329.4275,1225.6269375,889.7510625,1028.936875,813.2254375,1327.3721875,985.128875,999.8254375,1339.580875,898.2258125,1058.008875,791.596,1134.7434375,1258.16025,1308.6033125,1339.217375,1133.848,1343.4193125,1149.5564375,1348.1511875,1403.7115625,973.6885,1369.5383125,1555.130125,1132.2994375,1235.6170625,1622.0120625,1282.3345,983.5970625,1243.86,1193.5201875,748.7805625,1193.03925,699.1626875,857.3365625,1069.564875,1279.0421875,1299.06575,1411.3429375,1269.336625,1239.696875,1117.4216875,1073.293875,1288.6546875,1157.4149375,1757.8938125,1447.8076875,1049.8000625,1319.4403125,1412.4475625,1181.946375,1003.747375,1588.8945625,1185.07325,935.8779375,1546.081625,899.0195625,1294.054,1252.4903125,1490.41125,950.9581875,1198.97225,1564.20475,1551.1646875,1253.1090625,930.2855,1332.0878125,1104.064875,1327.1898125,1540.4949375,1048.2454375,1401.168125,1368.572375,1768.1448125,1231.489875,1269.3605625,992.913875,1320.6298125,1163.456125,1079.83375,1040.886875,1337.274,1215.907125,1278.1006875,1306.7455625,1455.084875,1292.487125,1525.770375,1634.0380625,1761.369125,1808.1585625,1171.7855,1506.5610625,1218.0395625,1543.2005625,1409.108,1387.6084375,1668.5898125,1484.264,1672.4004375,1458.6266875,1670.037625,1511.148625,1801.78625,1280.7781875
4.773305408997399,1791.667375,1265.799625,1347.983375,506.9246875,997.95925,1405.9925,1412.286875,1227.639125,1059.9589375,1200.517,1237.2555,1453.9245625,1351.77625,1417.5351875,1355.75975,1612.403875,1251.0044375,1428.856625,556.455875,1162.397125,932.4045,882.0853125,946.07175,1000.180375,1166.646,1153.3964375,1154.46825,787.6971875,927.42875,718.4223125,1206.843625,880.070375,890.3779375,1260.3915,829.696625,950.4685625,647.348375,967.5815625,1142.1465,1144.1249375,1138.322625,986.4905625,1166.569875,986.8871875,1241.8388125,1241.5869375,801.011625,1215.2775,1405.9943125,934.5838125,1059.991375,1399.990125,1138.6315,873.833625,1081.929625,1087.33525,627.2255,1050.5666875,520.010375,727.7304375,953.5518125,1183.9625625,1154.3420625,1263.2108125,1127.817,1139.352,960.592375,888.6410625,1151.9714375,1004.088875,1652.5559375,1365.3765,919.5521875,1186.8685,1257.5980625,1025.20925,867.2371875,1444.463875,1091.9226875,813.5100625,1460.9064375,722.4335625,1211.344,1045.84325,1324.2870625,837.2164375,1035.7094375,1389.5124375,1408.02975,1110.460125,736.819625,1220.647875,928.7884375,1190.262625,1355.55525,909.5249375,1237.561875,1242.3446875,1583.117875,1140.4348125,1185.7286875,816.435125,1182.0618125,985.193875,969.7436875,939.4728125,1217.58375,1007.7653125,1109.336125,1114.033625,1288.7273125,1137.8053125,1419.293125,1472.694125,1610.3559375,1593.6073125,1025.338875,1338.3689375,1065.0060625,1326.8274375,1212.6801875,1202.8944375,1483.4205,1307.6319375,1454.2893125,1255.5714375,1485.4488125,1353.4256875,1502.7363125,1102.1535
4.777377931719468,1614.9875,1136.4093125,1303.258125,414.8808125,869.670875,1278.4105,1294.738625,1116.0994375,949.5521875,1124.7799375,1142.9276875,1303.3553125,1234.4185,1322.0268125,1292.8493125,1474.0080625,1161.968375,1277.618875,439.308,1006.2925,825.8954375,787.3004375,850.3904375,862.205625,1090.7064375,975.6306875,1071.4618125,707.1990625,836.2734375,630.2144375,1098.594875,825.9879375,803.5798125,1207.073125,794.2696875,866.33725,537.3564375,806.804375,1038.4351875,1005.6804375,973.88225,865.0695,1029.554875,851.8495,1171.3295625,1064.0986875,641.8646875,1069.4819375,1256.1535625,774.0666875,894.7273125,1197.9716875,1038.015875,781.6238125,970.4425625,1012.1400625,534.9213125,922.1350625,377.8823125,611.573125,834.03075,1100.53775,1037.998625,1148.675875,981.1585625,1045.3849375,827.7745,739.663,1034.641375,894.0865,1559.3724375,1289.5245,830.5005625,1063.911625,1131.9645,879.89125,758.59375,1312.18425,988.2795,726.8835625,1355.9439375,557.896125,1112.440125,880.713875,1164.20675,749.0376875,900.4990625,1231.2363125,1269.9544375,998.771125,598.783375,1129.6630625,794.2536875,1078.329625,1209.2473125,824.428625,1087.859,1125.121875,1417.7313125,1075.8334375,1104.7956875,674.847125,1079.68725,816.0781875,879.149125,873.9115625,1115.4290625,821.1136875,958.3809375,942.2710625,1145.8745,1014.45375,1313.546125,1338.073125,1473.5986875,1424.1205,888.5578125,1177.57225,948.8255,1132.9765625,1047.27575,1038.641875,1329.705125,1149.9204375,1266.8264375,1095.05775,1365.493,1240.875875,1220.5236875,941.6093125
4.7814504544415515,1469.6056875,994.3865,1247.4983125,348.526375,748.596,1152.184875,1186.42725,1019.53225,842.053125,1051.542125,1048.6875,1157.293875,1147.457875,1253.4241875,1247.0235,1335.1393125,1083.9321875,1142.9021875,340.8893125,840.5166875,738.9921875,682.291125,781.055375,732.46575,1023.1413125,808.9506875,977.02525,648.6699375,750.5705,554.0108125,990.6503125,794.21325,738.0433125,1157.0469375,768.1705,784.6086875,458.7109375,663.1449375,942.416,897.1563125,851.717375,767.946625,914.286375,743.674,1132.0489375,871.249375,493.3930625,947.404,1111.9866875,667.149375,734.5545625,1019.6235,970.4158125,705.778875,893.2884375,961.2069375,465.8951875,812.6156875,276.4939375,514.9615625,708.3159375,1024.735,957.1639375,1054.7925,830.2223125,941.2034375,708.8944375,626.676,935.054625,815.9010625,1460.702125,1205.4054375,777.2103125,951.1095625,1032.7585,768.16725,661.9180625,1205.8673125,887.9983125,667.4108125,1238.233375,420.0771875,998.9413125,757.923625,1016.7046875,675.245125,791.824,1085.33625,1139.0893125,907.6046875,502.377375,1042.6554375,699.7521875,992.960875,1105.341125,775.0888125,957.5485,1020.44975,1259.629875,1026.883,1017.99825,570.1870625,1001.27275,663.2043125,801.5565,826.80075,1012.055875,659.961125,820.4405,790.797875,1020.433875,917.486625,1197.8674375,1231.4289375,1347.722375,1310.8856875,763.447625,1026.404125,865.98475,968.8761875,900.841125,897.6438125,1197.9211875,1009.180125,1117.9285625,970.58275,1297.71875,1167.1283125,974.0179375,788.4981875
4.7855229771636205,1346.7683125,860.73475,1170.2079375,297.087625,631.490125,1025.6165625,1087.0075,928.6994375,749.5914375,965.7996875,952.9044375,1020.9784375,1092.3329375,1197.87025,1201.3988125,1190.0101875,1011.503125,1022.2966875,263.156,679.2333125,671.062625,582.6309375,732.1795625,631.6103125,966.719625,663.9338125,882.2621875,608.3505625,670.47875,488.72225,882.558125,751.2935625,684.120875,1099.8930625,738.5275,692.14575,406.58325,546.5019375,853.975,817.7450625,764.47725,690.766625,806.541875,654.2276875,1112.1058125,674.707,361.8705625,864.718375,981.7359375,614.527625,571.8535,863.3581875,920.6885,642.513875,830.435625,931.7504375,419.201625,719.4019375,212.6129375,438.2320625,587.3811875,958.516625,903.38375,972.0904375,683.358,822.0776875,597.374,539.303,856.001875,753.5365,1345.2858125,1103.9438125,747.5928125,854.8873125,953.2733125,696.9096875,570.3804375,1129.0265625,809.6831875,631.0476875,1121.415625,321.2425,883.266875,670.463875,891.172125,612.6781875,701.5224375,955.2876875,1012.618125,822.37825,422.6159375,954.2995,625.3955,929.8114375,1041.1134375,738.01125,841.3164375,929.5650625,1101.41425,980.42775,925.1443125,501.9111875,942.4511875,536.6021875,732.1401875,779.89575,897.3883125,527.3001875,695.0183125,664.015125,902.0354375,838.933375,1071.806625,1147.17825,1230.81575,1243.422125,655.4968125,888.6700625,813.2755625,836.2103125,769.927,787.317875,1078.538625,883.009125,1015.17125,866.022625,1260.4593125,1112.6233125,777.9145625,643.8650625
4.789595499885704,1233.7789375,752.1204375,1076.037875,252.564,525.7089375,903.4344375,993.16325,844.1140625,682.2704375,869.247875,860.2141875,899.3618125,1054.96275,1144.8983125,1140.791875,1049.323375,944.9925,914.9336875,206.4393125,535.004,613.983625,504.367375,689.7811875,567.642,922.954625,544.0945,800.9316875,574.67525,599.9593125,431.593625,787.4185625,675.8631875,629.63725,1032.6753125,705.446625,588.4506875,372.1385,464.551875,779.04575,762.9895,693.6974375,619.9305,708.125375,569.5058125,1090.7320625,493.503125,257.760125,819.6774375,868.2976875,596.22575,410.8219375,721.799375,877.5476875,586.7123125,770.024625,918.12575,389.22275,637.855875,178.947,378.3151875,479.6506875,898.386625,859.7854375,900.0693125,553.7980625,698.169875,491.7416875,465.1666875,802.262,694.6976875,1216.60925,987.435375,726.454375,778.79575,883.223625,652.28175,488.95625,1069.6828125,755.2613125,612.7576875,1011.6198125,260.23325,776.2798125,603.790625,792.930875,563.277875,616.40075,851.3135625,890.297125,735.18675,344.8991875,869.5424375,551.5238125,879.9758125,1003.4218125,696.654875,727.8776875,855.4765625,946.2999375,929.97175,828.98175,462.8760625,908.467875,443.040875,664.780625,722.497625,772.267875,423.631375,582.4015625,568.849,787.2295,771.9825,940.612875,1072.96,1118.7883125,1194.1156875,567.1141875,769.7629375,787.7435,733.7919375,656.7041875,707.121875,962.6184375,768.05925,955.3563125,764.7868125,1237.340875,1052.470125,638.2018125,517.01625
4.793668022607773,1125.171125,673.57425,978.155125,214.6685625,447.277375,790.5236875,902.339,773.4393125,633.693375,778.488125,777.5468125,795.895875,1019.2865,1090.2009375,1063.3850625,922.2364375,885.9638125,818.322125,167.89225,415.915625,555.98625,453.136,649.4490625,533.7170625,883.34475,451.7905,740.7433125,534.882,541.6978125,386.6053125,715.974375,566.812125,571.0556875,956.4286875,676.9574375,484.19325,347.7648125,417.86275,720.5874375,729.5836875,622.2051875,537.8411875,630.9784375,478.4580625,1053.7885625,340.550875,187.656875,792.623375,773.1504375,585.906375,269.0059375,593.5431875,839.883875,539.556125,709.8703125,910.2941875,366.323875,566.054625,171.9910625,332.7194375,388.3255625,832.21,818.3853125,843.6053125,451.900625,582.0840625,393.9415625,400.0380625,775.8853125,637.2174375,1084.842375,864.376875,697.8433125,717.4098125,815.059125,612.328,428.4163125,1011.090625,712.5436875,600.6,905.7305,222.416,683.062375,547.230375,722.4448125,524.293,528.107125,783.72475,776.1805,651.0149375,268.829375,799.2768125,473.1093125,836.2306875,977.033625,643.58425,618.0880625,799.125375,802.059625,877.9014375,730.83125,440.5615625,903.9386875,385.0670625,598.13175,653.3998125,641.63775,345.6100625,485.062,508.094625,683.2130625,713.1993125,816.557125,998.2383125,1013.515625,1136.726875,496.077,679.3175625,783.002875,655.56775,566.954625,643.835125,844.0246875,664.5866875,925.8350625,661.41925,1224.345,969.171625,555.235125,419.528375
4.797740545329856,1019.6274375,621.711875,892.095625,189.601625,400.015875,689.8400625,819.176875,722.712875,593.4395625,710.0194375,710.1428125,712.392125,976.3058125,1030.8005,975.9043125,808.46375,825.673375,727.5435,143.70675,325.677125,492.57125,415.53925,618.134,518.3124375,833.9781875,388.8364375,697.3003125,482.527,487.6795625,355.58075,670.416875,442.1731875,514.81025,878.94725,659.874875,397.8848125,328.8558125,394.6379375,671.5036875,714.21825,543.3159375,437.3226875,581.843,379.9709375,1008.2280625,222.38175,150.3459375,761.8873125,695.9386875,567.0143125,158.2715625,483.4650625,812.2643125,505.9981875,655.3648125,900.1608125,343.0429375,501.3328125,188.902875,298.711875,317.6459375,748.055,780.948,804.7078125,374.684,484.3225,306.045625,347.2338125,774.4795,584.6521875,958.962125,740.934375,648.2400625,661.1218125,746.084375,563.4005,397.00625,945.9201875,666.4479375,580.3120625,799.6649375,192.8615,601.39675,501.4950625,677.370125,486.2141875,440.181125,754.280875,673.3311875,582.1916875,196.0500625,751.92875,397.100375,793.835125,953.190625,574.9806875,525.3011875,749.083,672.1435,829.6988125,633.366125,423.2954375,921.0861875,357.8245625,536.7478125,574.0709375,513.5436875,283.9321875,402.1339375,476.624,601.392125,655.60225,714.9358125,918.985,923.9876875,1057.9708125,438.0001875,624.5365,789.3655,591.7719375,508.49475,579.049875,721.6840625,579.8876875,910.40475,562.561,1220.357,860.078375,524.2905625,357.634125
4.801813068051925,912.903625,590.002875,832.74475,184.012625,362.832125,604.2550625,749.8280625,689.8411875,558.37025,665.388375,658.4720625,646.9931875,919.8901875,960.464,880.6625,707.6396875,749.024875,637.84475,131.0934375,265.3958125,433.2651875,369.8945625,598.8586875,507.877125,764.627125,351.0373125,657.9033125,415.922,420.53375,329.8435625,646.3771875,324.5470625,474.614625,809.3679375,653.067875,342.3936875,310.9116875,380.4838125,623.9023125,707.0595625,459.9458125,327.132125,555.31825,280.993375,970.300375,143.9186875,135.8431875,715.7025,630.0355,538.9569375,70.483875,392.59825,794.78625,483.505125,613.6953125,885.9518125,309.139625,435.4880625,218.9190625,269.23625,271.6976875,648.100125,749.8314375,776.276625,308.8971875,413.3749375,227.7220625,308.4439375,790.6971875,535.6354375,846.0345625,621.732125,576.9265,607.7775625,676.2270625,504.559125,392.785125,873.3226875,603.7265,547.403125,693.35125,165.8039375,524.8695625,471.62075,653.1404375,440.0093125,364.00675,749.9958125,578.442375,538.449375,124.3791875,724.6144375,330.5364375,750.0793125,927.902375,492.7850625,456.8306875,692.9494375,557.363375,791.189125,539.5415,406.8965625,938.7225,350.83675,485.041625,483.843625,403.7568125,230.9765625,326.3786875,461.2989375,550.2185625,588.817125,643.970125,836.064875,857.335375,961.5829375,389.769875,600.4081875,792.9751875,534.974,480.739125,501.470625,601.5283125,518.811375,889.6981875,478.8815625,1217.835875,736.4726875,532.810625,328.093125
4.805885590774008,804.6690625,570.3396875,802.1296875,199.5481875,308.841375,535.44975,696.678875,667.84,525.653625,632.0201875,617.928,594.9070625,847.9365625,875.679375,778.6065625,626.100875,652.1634375,550.6084375,130.3516875,236.4601875,393.6286875,308.3664375,587.2884375,491.1730625,677.8708125,331.704,611.40775,334.9375,333.646875,300.833875,634.6498125,226.1971875,463.8514375,750.61175,648.031,314.33075,291.7713125,369.04325,580.1464375,694.808625,376.672375,224.0190625,540.23,194.21,946.3413125,107.2494375,127.3708125,654.6230625,570.024125,509.4993125,-12.7415625,317.3694375,777.49275,459.5874375,584.66375,868.2711875,254.5320625,358.4649375,245.404,235.108125,248.5295625,546.957625,722.4283125,745.1628125,244.8950625,370.9803125,161.2698125,281.418625,813.0426875,481.080125,749.0331875,513.7769375,500.9568125,567.106125,604.6889375,439.1663125,401.0679375,787.2830625,515.389125,508.621,590.1799375,143.7196875,452.6280625,454.5235625,643.246,384.0403125,309.2946875,748.3229375,485.8784375,522.093625,56.8668125,707.6871875,275.182,706.3561875,897.5653125,411.157125,406.913125,637.223625,461.531,764.836875,448.7155,391.1616875,936.828125,357.2719375,440.2389375,383.9949375,328.887125,184.855375,251.0674375,450.3539375,531.1391875,508.2384375,600.68875,752.8555625,810.0456875,861.696125,350.8678125,589.3229375,779.8015,478.898,473.8713125,415.0591875,493.4556875,475.8694375,847.1324375,416.712625,1204.1805,615.300875,563.929375,321.3619375
4.809958113496092,704.338625,555.5410625,785.602,230.30375,230.7354375,478.5715,661.0098125,649.592,490.3968125,597.734875,582.7764375,548.942125,765.813875,782.54,680.688,569.454375,544.8914375,475.69175,149.2026875,236.851375,378.332125,242.099125,578.8500625,467.1345625,587.7230625,326.1001875,552.22175,242.7428125,240.4138125,270.38725,625.1930625,151.1618125,481.407125,698.2471875,633.4793125,297.38225,272.890375,362.2275625,547.405,671.1518125,296.8916875,138.89175,528.4806875,135.50925,929.5363125,111.447125,113.3115625,589.2681875,521.3675625,482.1095625,-100.944375,257.6684375,746.7886875,423.0959375,559.6140625,843.4940625,179.270875,266.5094375,258.725625,194.7418125,240.8903125,451.2413125,690.8981875,699.8694375,183.2695,350.74,116.5718125,266.548875,828.5006875,416.176375,666.469,421.3898125,444.24625,548.997,529.6390625,369.353875,402.666125,680.223625,403.2119375,471.027625,495.7935,130.0258125,389.429375,436.7261875,635.9904375,323.6466875,276.5273125,729.8573125,395.6473125,524.089,7.881875,696.54425,233.6191875,666.21975,856.7986875,347.9040625,366.390125,597.2738125,386.5830625,746.062,362.1448125,376.06775,912.16875,376.9774375,393.963375,282.4266875,290.1731875,142.641125,176.09825,442.487125,540.41225,421.7821875,577.628,674.4593125,769.0108125,768.547875,320.6630625,572.0115625,743.4155,415.9766875,478.16025,335.8195,404.6613125,444.1266875,780.0330625,372.33225,1168.0845625,509.959625,604.7049375,327.5160625
4.814030636218161,623.88725,539.48575,769.0661875,264.747125,139.6115625,426.1743125,641.3450625,626.2635625,451.62325,556.6510625,551.7495625,501.6676875,674.7733125,691.8026875,601.72,530.894625,438.045,423.5184375,195.8544375,255.249125,376.3425,187.37125,570.2076875,438.1146875,509.981875,327.652375,479.7079375,150.149375,163.99025,241.6623125,609.33675,100.9540625,510.6929375,644.7609375,600.4938125,276.3186875,254.789375,364.8149375,528.6020625,638.5583125,225.1501875,72.0425625,515.9005625,115.092625,909.20375,149.29,96.8779375,532.3185,495.053375,453.1178125,-188.7678125,217.6174375,697.060625,376.7180625,531.4228125,805.438375,93.537125,164.474875,260.328625,152.9791875,239.4986875,354.63825,649.583125,633.512375,128.3861875,342.540875,102.0949375,269.3064375,826.8765,350.8216875,598.5291875,342.093,419.8246875,546.941375,453.8623125,301.6073125,388.7555,557.4436875,282.6618125,433.0744375,414.9840625,124.4914375,338.753375,407.78925,614.46925,263.77975,255.6064375,686.09225,314.20425,527.1399375,-8.303375,691.0865,208.5635,633.30925,802.0774375,307.641875,333.401625,573.9736875,327.05725,727.114875,289.5818125,361.5846875,877.0243125,408.0133125,338.236125,191.21675,271.5245625,96.76175,106.7341875,438.2891875,569.0179375,342.0508125,566.987375,605.4815625,721.8859375,683.1413125,295.5575,540.2004375,685.6474375,344.8005625,481.81825,277.0459375,333.47075,421.718375,700.714875,334.72275,1104.1294375,428.278625,649.4771875,339.026875
4.818103158940244,570.9445,515.590625,751.187625,291.2611875,51.00325,378.906875,626.1788125,592.7079375,413.2776875,506.644875,527.782625,452.439625,569.6920625,609.715375,549.5788125,494.94,336.795125,396.246,263.3720625,278.065125,371.704625,152.582125,557.5793125,403.5399375,452.94125,328.7205,399.3381875,71.6893125,122.6411875,213.7558125,580.9085,69.622375,537.076375,585.1684375,546.8380625,247.961,233.6765,379.9083125,520.1003125,600.2484375,165.8896875,20.8213125,500.72125,131.0458125,878.4104375,204.896875,87.560375,489.3795625,492.3201875,415.3259375,-260.8375625,198.3600625,632.05825,337.9510625,502.397375,752.361875,12.3779375,61.4213125,251.884,114.7314375,236.5830625,256.05475,598.54075,548.0920625,81.352375,338.0489375,115.722375,292.392875,804.813375,303.347375,548.458875,270.4578125,420.6136875,542.9138125,388.5105,247.1553125,362.1800625,437.068625,170.398625,389.167875,348.4230625,120.831625,301.5168125,370.59,566.5379375,204.0501875,237.015375,618.4465,251.102875,520.2254375,5.1913125,685.6653125,197.2258125,611.2435,738.1335625,285.2695,312.8210625,554.7706875,275.2695625,699.61725,242.820125,341.607875,843.4083125,439.4339375,270.1695,119.878625,254.45025,40.80375,48.0585625,429.0290625,601.9213125,271.9148125,560.5724375,547.780875,665.5823125,604.2916875,268.3199375,497.6946875,616.932375,276.3245,470.1075625,239.4485,268.75225,403.484375,625.366625,290.6345625,1017.26175,370.5625,695.6731875,347.036625
4.822175681662313,547.445375,481.424875,736.5361875,304.96775,-20.9621875,345.11725,596.5026875,556.3781875,376.2509375,450.09575,512.66325,405.7021875,453.6535,537.540375,524.8350625,453.3038125,244.97975,385.98475,329.1969375,298.2276875,354.0393125,138.08,538.4340625,365.036,413.205625,328.13125,321.912375,12.5050625,122.59225,187.82425,537.1311875,42.5435625,557.9040625,521.95625,477.0326875,217.474,204.082125,406.380625,512.0396875,556.80725,122.40075,-15.534875,487.00275,171.308875,835.746125,259.338125,88.58425,456.1820625,499.5861875,360.7439375,-300.7979375,195.69175,561.8250625,326.0864375,478.7415625,689.919875,-49.381375,-33.3974375,233.2126875,84.8391875,230.2905,164.942,542.3470625,463.7069375,44.7494375,332.931,148.0433125,330.4639375,765.1965,283.272125,514.3828125,200.6439375,427.9266875,529.7350625,346.7698125,213.0594375,329.082375,336.4976875,75.8491875,338.043,295.708875,110.09725,278.68125,335.649,494.076875,141.059625,219.9680625,534.3445625,213.097,505.93,26.676875,669.7339375,196.551125,599.731375,675.432,281.195375,304.488125,528.565,227.2213125,654.046625,224.1239375,305.5093125,815.48025,455.68125,194.8423125,69.8590625,231.035,-21.0635,1.4860625,400.8444375,626.320875,205.6318125,552.469,499.221,604.0005,532.392625,229.78,452.49875,554.69,222.848375,436.280375,214.65025,204.4146875,375.7889375,559.691875,230.03375,921.5571875,327.7881875,738.4145,343.052125
4.826248204384396,545.65825,443.61325,722.891875,311.9385,-66.9735625,330.4351875,541.49725,529.3666875,332.2286875,391.9155625,503.869375,360.8194375,340.5319375,474.8495,522.3494375,412.14275,171.8359375,379.6174375,370.4399375,311.8695,322.54875,138.264625,513.0283125,327.6456875,383.5861875,328.3093125,261.9510625,-38.18225,158.5390625,165.701,478.4694375,6.7769375,572.260875,465.465875,400.8868125,192.0639375,165.60775,435.6769375,492.3330625,509.676,97.14125,-39.13375,481.68975,219.9795625,784.1388125,299.268,94.941875,426.0768125,500.090375,288.515625,-302.30775,201.8130625,502.504875,346.7688125,458.0445,625.9526875,-80.1924375,-111.1960625,208.7129375,66.1909375,224.959375,90.187375,490.7139375,411.3608125,27.6393125,326.1721875,191.4590625,374.743375,712.22675,282.082625,486.0889375,125.1861875,424.3128125,515.9216875,332.147125,197.0554375,290.109625,263.7114375,8.0840625,280.4231875,259.265,91.4155625,271.943875,313.5716875,409.591125,75.4185,205.005625,446.344625,197.6125625,493.1755,30.7574375,639.0300625,208.654125,594.94225,620.3055625,300.0760625,296.591875,493.2755,178.1435625,587.601375,223.5029375,251.685625,791.466375,446.6010625,122.9825625,35.958,205.3274375,-74.6880625,-34.348375,349.6065,638.7615625,142.157125,539.3340625,449.920125,541.129125,468.293125,175.504,409.731125,511.9638125,186.3420625,387.907875,191.4673125,149.15325,327.702,495.057,154.9765,831.94225,285.9971875,770.32725,326.6105625
4.830320727106465,546.9481875,408.056375,701.741125,321.0744375,-86.02625,330.295375,468.480125,514.6039375,273.2999375,332.5373125,492.0276875,309.9280625,242.4305625,420.403125,534.714,381.81,127.6985,368.0016875,377.496125,314.405625,282.898125,141.17625,481.01075,296.0028125,361.3279375,327.975125,230.40725,-94.81825,216.572875,149.7943125,406.927375,-38.8499375,570.3923125,423.218875,330.6644375,175.94,123.2811875,454.82675,455.730125,463.6446875,87.631375,-56.0423125,484.522625,261.1508125,726.4928125,319.977375,99.7051875,398.96525,485.948875,211.4345,-276.2255625,209.294625,467.2261875,388.1975,431.0865625,565.2893125,-77.5076875,-167.5413125,182.8975,53.766625,225.54125,35.771,454.007125,405.0025625,35.007125,318.9084375,240.229375,416.820125,650.3905625,280.4439375,448.3475625,40.9865625,398.8003125,505.287625,334.0880625,193.1064375,234.9303125,215.0871875,-25.8741875,211.5480625,239.33725,74.72925,280.9749375,307.9495,325.9625,16.0814375,187.963625,366.066375,193.8116875,486.4416875,-0.2605625,598.954625,234.74125,594.40825,571.3595625,337.107125,275.7109375,457.9268125,121.765,507.5220625,226.4889375,192.1719375,764.87125,413.87275,62.8078125,12.7915,185.675125,-103.1855625,-62.310375,285.300375,640.09425,87.9609375,520.355625,382.162875,481.3878125,412.00625,110.988625,370.60575,489.5796875,161.0711875,337.37475,158.6975625,116.7845625,263.5446875,418.2235625,81.674875,760.1165625,234.0711875,781.962625,305.0486875
4.8343932498285485,534.307125,373.1689375,673.5528125,330.832,-84.704375,332.4814375,393.8275625,508.305625,204.4491875,269.3123125,463.645375,249.2858125,162.6716875,372.7579375,553.272625,366.9916875,112.5805,353.3399375,356.291375,304.6933125,242.698,137.2935625,441.463875,272.282625,350.781375,321.5058125,224.4611875,-161.8123125,280.3745,149.6534375,327.2179375,-83.47325,542.0959375,389.89225,273.277875,164.256625,80.7725,456.8403125,411.689,423.8946875,85.1235625,-71.854625,488.664,277.588375,661.959625,323.761875,102.164,377.0376875,458.1343125,147.74525,-243.3359375,217.329125,455.064875,428.720875,392.6636875,508.498,-48.318,-202.795,156.227375,33.883125,231.133875,1.81225,434.77525,428.5396875,59.6098125,311.7259375,283.630625,449.8289375,589.546875,265.78725,390.5986875,-46.4883125,350.1466875,487.670875,335.5585625,197.5319375,149.959625,181.5240625,-30.167,125.1264375,229.139875,71.2393125,298.009375,308.8444375,252.3725625,-24.5418125,161.5580625,294.995875,187.22925,479.6633125,-69.37925,557.9970625,269.714375,595.64025,522.6135,376.59575,238.9966875,436.646125,62.0575,420.053875,222.8658125,143.2766875,729.26575,367.5519375,15.262375,-3.269,177.5851875,-95.70625,-84.5821875,222.3166875,628.8279375,47.533875,497.9629375,281.8068125,430.933875,359.5490625,44.442625,338.702875,477.2783125,138.9199375,289.6049375,111.2056875,110.2960625,201.3879375,318.5065625,27.744375,710.949875,171.488875,767.5555625,285.096375
4.838465772550632,505.7709375,338.835875,653.138625,328.716875,-72.01775,326.4353125,327.319125,508.2079375,139.7625,209.1564375,411.96725,187.343625,97.572875,328.3380625,562.940125,365.7415,118.617875,344.932125,319.9440625,287.7251875,209.164625,125.5289375,398.9151875,252.969,359.77075,302.1256875,228.8923125,-233.5173125,333.733,175.9858125,250.1699375,-111.961625,491.69425,355.0459375,226.372875,146.3355,38.9885,443.86,379.4333125,390.3713125,82.3144375,-85.150375,489.7335,254.83225,585.758875,317.4358125,107.8760625,358.4243125,421.4761875,105.7581875,-218.6468125,230.4160625,455.43825,449.3403125,341.6643125,452.204,0.7405,-217.9030625,130.8825625,-4.5565625,237.285375,-15.663,428.2095,455.4126875,89.8660625,305.3195625,310.1290625,469.724625,540.8925625,237.6064375,315.7719375,-128.841125,287.655,452.9864375,327.22475,207.89925,37.944,158.284375,-19.0036875,23.8335625,218.5844375,80.5614375,307.4250625,298.7978125,194.0604375,-42.1160625,125.75825,228.828875,163.125375,464.666625,-161.3990625,520.33225,307.314,589.1499375,470.6936875,405.91275,191.5359375,439.0791875,14.083375,321.3215625,208.244625,115.1594375,683.30225,318.1605,-24.256375,-18.5345625,182.03725,-55.344625,-98.9035,170.3060625,602.1716875,22.1760625,473.91775,154.410875,392.197,303.3225625,-19.5688125,322.6551875,458.358125,111.9294375,245.3959375,57.6473125,116.378875,157.966125,192.8326875,-3.3924375,683.13625,111.0006875,731.6573125,265.996375
4.842538295272701,473.9570625,304.341,653.98225,309.2720625,-53.5485625,307.58975,269.852,511.2785,92.486375,166.0486875,342.512375,137.8670625,43.52475,280.97725,544.1623125,368.0631875,136.90625,345.3641875,278.8259375,268.787125,187.048125,107.1819375,360.4645625,229.151875,389.8739375,266.29425,224.8715625,-298.2255,363.6071875,228.648,188.4489375,-113.761375,434.3253125,315.2733125,185.08975,119.379625,-2.4205625,422.5996875,373.380875,356.88325,79.7924375,-89.4015625,483.962125,190.0920625,496.0245,307.4068125,119.115125,344.3864375,381.78775,82.1118125,-203.9633125,248.91725,460.5795,444.3888125,279.086,393.311375,67.217125,-217.55825,112.9805,-58.2864375,240.5695625,-22.553,428.798875,469.185125,115.378375,303.5145625,315.53525,473.4153125,506.1016875,196.9113125,231.714625,-195.7260625,224.484125,402.2256875,312.7739375,222.9670625,-75.81425,142.786125,-6.4319375,-79.5338125,203.57525,90.2203125,295.8943125,269.3591875,152.2330625,-43.944,98.9253125,166.6531875,113.8138125,441.507375,-248.945,482.4691875,346.7060625,560.6771875,420.7955625,420.647875,139.019875,463.3490625,-12.538625,207.193625,185.1940625,106.9585625,628.764375,274.2175,-59.7193125,-43.209625,193.9863125,3.855625,-101.2056875,133.08375,555.9508125,14.3148125,446.4829375,28.438375,358.3808125,236.745,-74.67725,328.5765,419.70575,78.735875,205.9055625,13.9066875,117.134625,137.6594375,52.7004375,-22.1153125,674.7283125,66.6395,683.6090625,242.5211875
4.846610817994784,450.7475,260.873625,673.0894375,282.915625,-29.73625,276.4570625,220.754,510.919875,71.2485,141.187,268.538625,109.62625,0.042375,226.7394375,487.659625,362.26875,155.0295625,346.8265625,235.7906875,251.4250625,177.563875,82.078375,328.936,195.368,430.7165,215.073125,199.1168125,-343.5413125,369.77575,295.392125,147.8395,-87.838625,379.8955625,271.6129375,149.5545625,93.9,-46.36525,401.013625,387.9655625,317.917625,79.6603125,-82.860875,462.0415625,96.0949375,401.2486875,298.2884375,131.5071875,342.1199375,344.2503125,70.54325,-192.0775,267.670125,468.3445625,422.5233125,211.7311875,334.103125,146.8096875,-212.5841875,108.7544375,-111.7108125,240.2081875,-22.223625,430.8621875,465.0631875,125.1103125,308.6728125,304.04825,455.5394375,479.08175,140.2939375,141.3178125,-236.656,168.1791875,347.0701875,299.0203125,238.64625,-166.2170625,127.3005625,2.5846875,-171.1004375,187.828125,89.5741875,264.730125,229.6725625,123.6889375,-39.80975,106.5801875,109.398625,45.9943125,413.903375,-310.0251875,440.701125,390.7993125,506.2838125,382.7064375,420.218625,86.90175,495.3813125,-22.7070625,87.1315625,161.223625,108.579125,568.0694375,241.6296875,-84.9798125,-83.26475,204.6496875,68.6406875,-93.2125,112.195125,487.31375,26.878875,414.3966875,-62.2221875,319.9541875,160.4639375,-112.3506875,353.2400625,360.0643125,45.7935625,168.892,-13.7573125,104.9716875,136.0993125,-80.120125,-43.8313125,679.9506875,38.2354375,628.8285625,213.76075
4.850683340716853,431.9328125,199.803625,693.2799375,259.311625,-2.259,241.4784375,181.9688125,503.5675625,77.40175,120.9919375,202.204375,102.1845,-32.5161875,170.737875,400.77175,348.65325,154.714,342.8385625,191.4721875,236.1824375,178.18675,48.7563125,302.477875,156.2734375,465.7485625,153.3106875,151.8893125,-361.47625,362.702625,357.085625,124.947875,-41.07525,329.7266875,224.9336875,125.4356875,80.926625,-94.797125,385.2696875,398.1101875,273.97275,77.540875,-73.110625,413.242625,-5.6918125,317.1689375,296.6519375,139.6030625,354.226875,311.935,65.097875,-176.0423125,282.3629375,477.3263125,397.4070625,151.3079375,281.490125,230.1469375,-210.745375,120.2878125,-149.3533125,237.4978125,-13.55475,427.5068125,445.6185625,115.173,315.2464375,283.2693125,410.0175625,452.9895,67.0653125,50.2498125,-247.6208125,121.2078125,300.945375,287.42125,246.556875,-223.3811875,104.1446875,7.928625,-241.3385,173.205875,78.0645,230.466,197.5289375,99.975,-33.98125,154.155875,58.3489375,-20.9490625,384.4763125,-346.3039375,400.436375,439.9085,438.1378125,360.0956875,407.7469375,41.0573125,516.314375,-27.82775,-20.7295625,139.171,106.097375,504.69325,223.191,-89.936,-130.2485625,210.6940625,131.753875,-82.59625,106.710625,403.9596875,58.6059375,380.5406875,-104.511375,274.826875,85.6425,-127.060875,384.5030625,288.132,14.649875,128.78975,-32.320625,85.8963125,145.40775,-187.2344375,-80.81425,687.8748125,12.8766875,567.9089375,185.707875
4.854755863438936,403.7595625,121.540625,695.6455,235.1876875,22.137,217.6075,157.077375,489.680625,100.026625,95.606,147.8976875,106.0401875,-49.938875,124.694875,297.363625,335.9888125,118.5315,336.43875,151.54525,216.8586875,178.5565625,4.6411875,277.1056875,122.17475,485.325125,89.5500625,96.2254375,-350.142125,352.942625,393.8945,113.51475,13.294875,281.6659375,177.4393125,121.7166875,78.1238125,-143.810125,376.092125,380.44175,228.0474375,70.17775,-69.888125,339.0746875,-100.48925,258.0625625,303.8943125,142.3153125,374.1310625,286.541125,57.7971875,-154.5028125,290.260875,483.5923125,377.6026875,105.6294375,241.1699375,304.243625,-209.90425,143.4754375,-166.824,232.3245625,7.285875,416.3376875,415.3676875,96.514375,311.5,258.3664375,338.11025,424.4416875,-10.5754375,-29.103125,-231.1893125,88.33725,270.6504375,276.69475,243.05225,-248.2946875,76.71725,7.849,-284.4815625,154.355625,61.0465625,209.659,184.3500625,72.2534375,-28.2363125,220.409625,18.0150625,-65.7825625,356.363375,-376.9885625,368.0776875,485.451,370.1786875,349.2438125,388.840125,5.4569375,514.8580625,-32.0390625,-102.384,116.0929375,89.6723125,445.2960625,217.829125,-75.3805625,-164.0173125,218.6005625,188.3440625,-78.8505625,112.266,325.1148125,101.6708125,350.4854375,-111.2420625,226.4485,24.9266875,-115.61975,406.5205,217.4735,-25.970625,82.129,-47.5503125,72.6029375,155.24825,-261.1879375,-132.022875,688.3695,-20.510625,504.2019375,166.7134375
4.858828386161005,359.150875,35.62225,670.604,202.2026875,38.423375,215.095625,143.8856875,467.810875,120.1041875,69.007875,104.5436875,105.772125,-47.6629375,95.6334375,189.922,325.728375,44.89225,332.5234375,123.0205625,189.026875,162.9791875,-49.111625,250.4319375,102.3405,489.797125,30.8993125,46.72825,-315.405625,348.6111875,393.7965625,109.329625,58.99125,229.58775,132.4543125,144.0751875,75.702375,-188.431,367.000125,330.730875,184.0575,63.44075,-76.5796875,261.2633125,-183.88525,227.503875,307.7728125,144.3284375,391.9205625,269.1630625,43.0394375,-129.016625,286.9345625,482.9493125,361.2930625,72.433875,211.3850625,354.0966875,-205.00525,171.763375,-171.402125,222.6218125,41.6655625,401.9743125,376.48525,85.6955625,289.4130625,229.1994375,252.6905625,396.8250625,-71.3204375,-86.902375,-195.3303125,74.84925,259.026625,265.4915625,234.3990625,-249.304625,57.5361875,0.3263125,-302.408625,127.711,45.058125,205.1183125,185.8546875,39.49325,-27.18,278.56225,-8.849625,-74.75225,332.541375,-411.113125,340.3085,512.0239375,308.10375,346.9135625,366.29025,-18.02275,493.7011875,-31.1654375,-153.476125,91.6495,62.792625,398.882625,216.7951875,-48.2455625,-171.8838125,235.2060625,231.0481875,-92.2431875,126.75875,267.437125,146.478,328.296,-103.828,177.4960625,-18.9234375,-77.4986875,409.9784375,162.8963125,-86.55,33.6298125,-55.6715625,76.2874375,157.653,-300.89575,-182.1740625,672.554,-60.14,447.5574375,160.8984375
4.862900908883089,301.1139375,-43.3165625,620.5761875,159.056625,46.734875,229.8974375,129.691875,439.0118125,126.549,50.078875,72.2740625,89.334,-32.3239375,83.7081875,90.122875,311.2934375,-46.74175,325.29575,104.3950625,158.659125,122.2455,-101.7556875,224.194625,102.0431875,479.418,-22.4043125,7.411375,-267.64025,355.792375,360.873125,109.896875,86.9466875,167.768875,95.62575,187.1086875,68.25875,-227.82525,347.242,265.2141875,149.98725,63.6125,-88.5426875,206.15575,-250.205,215.5255,294.9606875,151.0361875,397.791625,260.686125,25.5174375,-99.0931875,268.073625,475.7569375,337.043375,40.893375,181.90675,365.9904375,-198.5808125,202.21125,-171.611375,209.16275,84.8225625,389.656375,330.153875,94.0976875,254.7214375,192.6338125,171.1283125,377.7290625,-97.9321875,-123.0216875,-155.6794375,76.3529375,264.839375,252.5438125,232.42925,-237.383375,55.8385625,-15.9205625,-305.1121875,99.03175,40.085,206.9440625,188.842125,5.277875,-37.299625,312.86525,-26.78025,-42.8018125,312.33425,-437.124,311.42925,510.2343125,256.247625,353.1895625,340.5285,-25.97225,464.359125,-19.4869375,-179.7135,69.97075,39.5703125,371.6438125,207.267625,-11.081375,-159.9811875,258.4123125,248.9313125,-129.02625,149.3546875,229.7215625,185.4040625,314.3503125,-95.772125,129.20875,-52.893625,-20.61775,399.87975,134.7896875,-159.7498125,-3.7215,-52.9990625,100.2364375,152.053,-309.9960625,-217.2205625,633.3911875,-96.464875,405.679375,164.7429375
4.866973431605172,237.58125,-104.6825,552.872625,116.500875,50.5583125,246.3378125,104.5541875,412.3510625,121.2769375,45.4364375,52.52325,58.615125,-18.9706875,87.278,10.2145625,289.563375,-130.7928125,299.2425625,84.185375,132.911,56.143875,-139.952,202.087,114.8794375,452.0433125,-72.76675,-28.9748125,-214.235875,377.8308125,313.84325,113.6325625,100.265625,96.7781875,71.2030625,232.19525,53.004625,-259.36075,308.3233125,207.9260625,135.1669375,70.1203125,-93.99725,180.923625,-289.7603125,212.1585,266.8434375,162.79825,384.8600625,260.136375,15.6668125,-60.847,233.61125,465.4980625,294.9960625,-2.4970625,142.8368125,337.982625,-195.4315625,233.0243125,-170.80525,196.8154375,130.774125,380.0815,280.716875,124.5861875,221.9035625,149.2135625,105.1675,373.8065625,-86.0573125,-145.6610625,-132.5650625,77.7885625,278.4806875,236.47425,244.460375,-217.9591875,69.0589375,-39.7749375,-303.27125,80.0755,53.4496875,200.9510625,186.0971875,-30.618125,-62.1733125,318.2463125,-45.1770625,23.5036875,290.470875,-438.7560625,282.7365625,480.8690625,217.146,365.515875,312.8330625,-13.1868125,433.8349375,6.6383125,-190.3548125,60.229375,26.740375,363.7004375,183.684875,33.39975,-141.7165,283.801125,235.4226875,-184.2719375,169.879,195.3164375,211.1331875,302.1321875,-89.0514375,85.1541875,-83.0618125,39.8025625,387.73025,132.71925,-224.4708125,-18.640625,-45.8468125,136.984375,142.993125,-303.1944375,-235.5345625,572.570375,-124.7735,377.3300625,170.23775
4.871045954327241,176.55575,-144.97,472.760125,90.21425,57.4035625,253.1484375,75.108,394.8093125,108.6904375,59.3516875,46.181375,27.765125,-18.4196875,102.6566875,-42.26475,264.719125,-190.821375,244.7920625,51.61525,111.411375,-29.295375,-160.898125,181.357125,117.72675,409.981625,-119.0700625,-69.65475,-155.8603125,412.3673125,273.1231875,119.9230625,108.448375,20.5828125,56.6853125,257.7579375,25.8524375,-275.2481875,248.5929375,169.429875,141.215125,82.5105625,-80.759375,172.958875,-297.941125,214.125375,234.5865,177.2799375,353.2266875,261.714,20.7603125,-12.23025,188.1430625,452.51175,237.14425,-64.987,93.7929375,287.480125,-194.4358125,255.73775,-169.877875,189.8466875,175.8968125,370.97075,237.3158125,166.9730625,197.906,106.3713125,57.6488125,385.9495,-44.453875,-158.5483125,-137.37275,66.5968125,288.924,217.568625,265.398,-189.42475,87.1728125,-64.551625,-302.5606875,80.65525,76.077375,175.4353125,179.3476875,-69.6573125,-96.5580625,299.121625,-70.0424375,103.269,263.437,-414.076625,260.7144375,425.131,184.1233125,374.9965625,277.976375,23.9339375,396.9674375,43.8415,-189.646625,74.68125,15.2134375,365.9848125,153.2470625,79.0876875,-126.72525,311.9344375,194.7698125,-246.049,170.5839375,148.6058125,218.04075,280.388125,-79.4346875,52.8228125,-108.786625,89.5935625,375.212875,145.1563125,-266.3844375,-11.7703125,-46.5383125,169.1654375,136.138,-299.8136875,-242.5930625,499.7514375,-147.76375,357.164375,170.31325
4.875118477049324,120.7143125,-162.2428125,387.41025,88.0145625,74.5418125,252.25525,54.9786875,380.7344375,89.08,88.9345,54.0045625,11.5601875,-33.551875,123.2269375,-71.6234375,244.4026875,-223.970625,168.801375,5.95075,88.61775,-117.6415,-170.0073125,147.660625,88.187875,361.0086875,-155.264625,-109.380875,-91.0795625,447.63425,249.619125,130.1071875,118.5070625,-51.92975,48.42775,256.9430625,-14.1813125,-270.4189375,175.8274375,141.645875,156.7014375,104.09,-46.200375,167.5125625,-280.2295625,213.29275,204.0021875,193.4244375,307.9969375,257.1115,40.436375,39.3756875,137.7086875,432.9335625,174.0513125,-140.418875,43.0970625,241.3726875,-194.8668125,255.3739375,-172.37125,189.3876875,214.6338125,357.9145,205.72075,198.962125,177.277125,70.2104375,24.6545,404.980625,13.39225,-153.8464375,-164.49925,43.6450625,295.2306875,201.647375,281.561,-151.0133125,101.564375,-81.837375,-303.659,99.9666875,87.1536875,123.8519375,172.1235,-107.8416875,-126.050125,269.9203125,-97.0076875,169.2644375,234.144,-375.896875,249.22425,343.6640625,145.8110625,374.3604375,225.249625,82.97,344.0014375,79.9011875,-176.720875,114.775875,-4.8215,361.3850625,125.0503125,123.8349375,-122.9816875,344.2425625,138.70725,-307.744125,142.8080625,87.643,207.9629375,242.5444375,-62.4011875,40.498875,-126.0900625,119.2365,353.106375,157.2294375,-286.7471875,4.96375,-61.8896875,177.4651875,138.921875,-307.2470625,-242.68,425.776125,-168.6898125,342.393625,161.9565
4.879190999771393,68.7856875,-152.6990625,308.2990625,104.5748125,102.485375,249.437375,47.5740625,355.9179375,63.338125,120.922625,74.1720625,15.3231875,-60.8173125,143.94675,-87.714625,233.8805625,-239.925125,93.3604375,-43.5886875,58.3803125,-184.5218125,-168.966125,87.3306875,25.9884375,313.331625,-175.70925,-132.356875,-24.997125,469.8436875,240.0950625,144.2354375,132.277,-107.3504375,47.97025,239.8359375,-59.6324375,-250.961375,105.149875,115.297125,166.4481875,136.613875,-0.2084375,152.707375,-248.627625,197.6918125,171.25275,209.7785625,255.6406875,242.789875,64.947125,81.46425,86.5543125,402.134125,116.764875,-208.9751875,2.402375,213.9149375,-203.9848125,218.32375,-185.0209375,194.1210625,239.225625,335.3348125,183.3820625,199.5344375,149.78025,36.473125,-1.4643125,417.7835,74.5284375,-127.2941875,-197.032875,20.8301875,303.675,195.08725,282.7485,-107.17375,106.2733125,-88.1033125,-305.873,125.722625,74.1085,48.79325,166.1968125,-135.4883125,-138.395875,247.172625,-117.1201875,203.859875,205.4765625,-337.316625,242.5794375,247.186,96.3039375,363.776875,150.87925,154.576,274.1415625,105.29125,-152.852625,166.172875,-29.7463125,338.1485,96.739125,169.5839375,-134.3331875,377.9358125,79.1800625,-365.904875,96.065875,25.651,188.166125,193.30725,-39.0935625,56.4789375,-133.0508125,124.6485625,317.1063125,157.1096875,-295.5600625,17.7368125,-87.1113125,153.4081875,156.121375,-318.681,-238.1025625,359.609625,-185.3573125,330.5021875,147.6426875
4.883263522493476,21.76575,-114.803625,246.4340625,123.8153125,138.2191875,246.545125,45.4305625,308.477125,37.2535625,138.5076875,102.125375,30.7143125,-92.0181875,162.775375,-93.1916875,231.3625,-253.0148125,42.2606875,-85.0395,17.43875,-213.6368125,-154.659625,5.241375,-52.2724375,270.50375,-181.7680625,-128.8744375,32.4034375,475.02575,229.847125,157.5188125,144.2458125,-138.3403125,57.7529375,219.2744375,-101.16,-230.044625,50.19275,90.9859375,165.1219375,177.9956875,40.722875,117.857875,-215.6725625,165.05425,131.6559375,222.161375,203.1521875,221.809,84.25325,109.2375625,36.1256875,359.3859375,75.402125,-247.4235625,-19.142125,200.614,-232.12275,143.529625,-208.2426875,201.1275625,246.075875,303.05175,165.0321875,161.595875,112.0795,-4.6355625,-27.4806875,422.2199375,127.8725625,-90.3874375,-218.34725,8.7245,314.4100625,198.46375,270.7715,-64.55475,98.10575,-83.3805625,-311.3248125,146.3165,39.74725,-37.10125,162.3680625,-140.595,-135.302,238.8650625,-126.5090625,207.915625,173.0345,-303.7729375,228.713,156.218375,37.19,344.1344375,61.2775625,226.27375,197.824625,120.9549375,-123.48575,211.4658125,-51.568625,297.474875,62.768125,214.3628125,-153.885375,403.0731875,24.1790625,-409.1873125,49.335625,-21.7455,164.71375,144.606125,-20.209875,103.3329375,-132.6113125,109.175375,273.163125,139.6961875,-301.7950625,20.3396875,-109.05375,100.53925,182.156375,-321.3975625,-231.664125,303.8211875,-192.5438125,321.57375,132.870375
4.887336045215545,-15.046125,-58.6685625,208.1091875,126.545125,178.0635,242.4666875,38.485375,236.2681875,19.87375,133.06625,134.393625,43.1694375,-116.1505,175.453875,-83.986875,233.93875,-271.3325625,21.564375,-110.2424375,-35.202875,-207.8278125,-125.633625,-74.965,-130.9465625,229.903375,-179.5481875,-103.1729375,77.3024375,466.5741875,203.2584375,165.231,141.4848125,-148.3886875,71.1145625,199.72275,-135.9255625,-214.235375,14.675,71.4506875,156.3995,222.813625,63.5755625,60.8728125,-192.27475,125.5519375,89.3794375,223.8039375,154.8125625,199.755625,95.817,127.4709375,-11.743625,309.2278125,57.123625,-246.3906875,-21.748375,194.27925,-281.9238125,48.146375,-231.6548125,207.0405625,237.751375,268.9050625,144.091375,95.816375,74.445,-54.1514375,-55.2555625,426.20675,165.912,-60.0589375,-222.4308125,6.0884375,320.7179375,204.484625,254.9186875,-32.986,77.5305625,-68.126375,-325.773,159.721875,-7.629875,-115.0335,158.539625,-112.22125,-130.8785,245.8175625,-124.4985625,193.46675,130.3979375,-276.09575,201.7688125,86.9048125,-25.0479375,314.7935625,-31.4230625,281.83025,123.6470625,126.2381875,-88.8140625,238.927625,-69.637,248.0103125,30.611125,255.20525,-172.295625,404.076625,-21.2605,-427.94775,12.021875,-49.5889375,143.93575,106.452,-15.77525,167.9480625,-125.35225,83.0300625,224.261375,108.7124375,-307.5380625,16.22575,-116.12875,27.7716875,203.9184375,-302.2073125,-224.204875,256.6119375,-188.163875,322.475125,121.08775
4.891408567937629,-35.296375,-6.505375,188.93525,102.1279375,210.176625,233.4594375,17.86025,146.788125,21.2996875,108.249375,165.7346875,40.855625,-123.1545625,172.6105,-65.69025,244.0495625,-293.0680625,19.7785625,-112.2081875,-101.7695625,-186.8300625,-87.6573125,-126.469625,-200.534625,184.6033125,-175.532125,-66.8871875,115.656375,449.6200625,155.366375,166.038625,115.453,-145.917625,76.3761875,174.6901875,-162.6929375,-202.5990625,-9.538875,54.3609375,141.2016875,261.571375,64.6918125,-7.065,-188.9780625,92.997625,56.7470625,212.357875,108.0601875,180.8449375,99.22575,141.9929375,-49.47875,256.3655625,55.9143125,-217.41475,-15.8179375,188.799625,-342.6254375,-43.24575,-242.9561875,210.8099375,218.0313125,242.5680625,111.7215,22.2220625,50.6369375,-98.4048125,-83.170625,433.4325,184.5244375,-45.720125,-212.2245625,2.53525,318.6465,197.5775625,237.86475,-25.9600625,45.5693125,-44.4743125,-350.4865,169.0615625,-62.0678125,-165.468125,151.4038125,-48.9485625,-135.102,268.3580625,-106.9024375,170.1030625,80.9105625,-253.223625,164.83975,44.065625,-79.797875,276.9356875,-116.541375,306.3279375,51.0124375,113.2860625,-41.325875,242.2011875,-86.8805,199.58975,17.5205625,294.6516875,-186.1303125,371.0524375,-51.293125,-428.464625,-19.9985625,-62.453375,135.3830625,80.5354375,-19.5185625,227.106125,-104.4053125,56.9434375,167.0120625,72.48625,-310.966875,9.601125,-107.3505625,-51.9938125,209.372875,-257.1428125,-213.21675,220.069625,-172.45975,336.15275,113.6733125
4.895481090659698,-35.512125,20.181375,175.068125,51.629125,214.600875,214.61625,-21.0191875,52.5139375,47.3655625,73.0285625,187.8095,15.703125,-111.1025,145.7439375,-57.1901875,262.4826875,-312.901875,21.8085,-83.7963125,-179.1926875,-174.401625,-55.1508125,-137.207,-254.76525,129.693375,-174.2650625,-31.649625,154.796375,431.3711875,97.1821875,158.1699375,73.8295,-137.8136875,74.684125,136.75025,-175.9809375,-195.955625,-38.858625,38.2658125,113.638375,285.3008125,50.17975,-71.2729375,-215.16425,75.320375,40.8504375,196.22725,61.462875,164.6129375,93.40325,151.3665625,-65.912875,202.912875,51.6141875,-181.486875,-12.141125,171.753375,-390.9609375,-112.9993125,-238.1245,213.4489375,188.7456875,226.38525,61.28275,-44.6241875,44.5133125,-122.4636875,-111.853875,438.1281875,185.352625,-47.5641875,-191.354875,-10.297875,309.602625,166.20175,214.1511875,-48.247625,1.7355,-16.71925,-375.994625,177.345625,-114.4996875,-175.8461875,144.1934375,34.7401875,-141.0464375,300.5704375,-70.338375,141.00975,40.2204375,-231.5983125,121.9130625,27.223125,-116.4925625,235.7799375,-188.7036875,299.0788125,-19.27,81.292875,23.8911875,222.40925,-102.5424375,159.2189375,31.4489375,334.729125,-191.423625,312.43025,-59.031875,-423.9236875,-47.1566875,-66.811,144.5030625,60.424625,-16.7525,262.4700625,-66.21475,34.8184375,105.0911875,41.785625,-311.8573125,-2.15875,-90.4690625,-124.4955625,192.59025,-197.1165,-198.7380625,196.3995625,-146.38325,354.7184375,111.915625
4.899553613381781,-19.857125,16.0746875,154.2455625,-18.08475,179.7445,182.243125,-74.2135,-31.4341875,95.1431875,37.5354375,193.9686875,-33.4906875,-91.210375,96.0315,-69.5493125,285.207625,-324.9580625,19.36625,-26.2411875,-249.883375,-178.83625,-42.9639375,-116.5961875,-290.461625,67.058125,-175.8875,-3.5731875,193.97675,417.00975,47.51075,140.973375,37.7464375,-125.7453125,79.0715625,91.218875,-171.1886875,-195.7338125,-85.99425,27.331375,71.8005,292.7,30.8819375,-122.7890625,-272.05575,73.35825,33.386,189.619125,24.64375,145.8090625,76.22675,146.8013125,-56.0356875,155.01375,24.8256875,-153.92575,-10.8095,132.8849375,-402.5435,-152.55075,-223.8983125,218.4836875,152.782375,213.8876875,-7.1614375,-99.712375,48.66125,-128.190125,-148.605,431.379875,177.9925,-61.3624375,-165.0579375,-37.648,301.94175,116.5109375,182.01875,-87.8175625,-51.9396875,10.399,-390.4838125,181.20825,-151.3924375,-148.0530625,144.4740625,118.1498125,-133.412625,324.7075,-19.585375,110.5970625,24.1855625,-208.5963125,76.716125,31.302875,-130.9131875,200.7755625,-242.3778125,272.1975,-81.38175,47.5125,99.5946875,189.3765625,-114.3073125,126.613,62.19525,369.908125,-181.00325,250.216,-41.999375,-419.33625,-59.52575,-67.4855,166.1624375,40.748125,-6.956625,267.33575,-21.268875,13.4839375,52.2145625,29.4711875,-308.65125,-20.106875,-74.0675,-178.6715,151.6643125,-139.9404375,-184.2211875,180.0063125,-113.4620625,365.82225,114.11975
4.903626136103864,-3.0365,-3.1129375,121.7368125,-95.9768125,114.084375,136.1185625,-130.3813125,-93.3989375,151.8085,11.310375,183.414125,-99.81825,-82.562,31.6874375,-94.701375,309.285375,-317.8095625,16.79325,48.3793125,-292.7528125,-188.582875,-55.18175,-83.4874375,-308.512,3.565875,-179.2803125,19.08575,224.1411875,404.1868125,16.69575,123.3565,26.0065,-107.881125,95.81,55.4375625,-150.1191875,-196.32475,-147.542625,28.9673125,19.73725,287.2731875,17.745,-154.2978125,-347.19675,86.2953125,20.3203125,202.417125,8.6380625,119.1900625,41.5661875,122.777125,-27.9181875,124.0784375,-30.4943125,-140.9933125,-2.64175,74.6386875,-367.0383125,-159.8885625,-209.070375,231.973125,117.8141875,196.6805,-83.8821875,-142.0624375,53.4931875,-129.6925,-200.4353125,409.6400625,175.089375,-85.7674375,-145.19375,-80.5770625,307.0394375,66.7913125,144.9138125,-130.394875,-107.7460625,31.4709375,-387.90825,171.022875,-165.046875,-98.801,156.553375,188.910875,-103.174875,324.0498125,34.7158125,88.496125,36.694125,-184.1871875,36.1413125,43.8205625,-127.5390625,177.4023125,-270.277375,239.3855,-131.5690625,34.1650625,171.2378125,155.0751875,-122.9585,94.7301875,92.0389375,395.3883125,-151.70775,205.8055,-6.6719375,-413.7851875,-49.0191875,-68.4315,190.8660625,24.2053125,-3.850625,244.225625,14.1371875,-7.769625,20.067,45.288375,-292.056,-37.3590625,-65.7534375,-208.121625,86.6895625,-101.192125,-168.0481875,161.438375,-79.8643125,359.592875,113.9965625
4.907698658825933,-2.188875,-14.236,80.2886875,-163.56425,39.166375,83.8146875,-178.7784375,-133.6284375,197.5055,-1.4714375,160.97,-174.4683125,-98.7654375,-39.2669375,-119.828375,330.25225,-279.782375,22.809625,124.909125,-303.9914375,-186.9868125,-84.4815,-49.419625,-310.8089375,-52.084875,-187.2913125,41.7580625,234.8866875,387.27625,-2.3056875,120.514375,39.8326875,-88.813875,117.1580625,45.38325,-117.0875625,-189.4125,-207.4596875,47.910625,-39.9475,268.4634375,19.8005,-159.57125,-417.8745,112.758375,0.23475,234.02875,11.2988125,85.8723125,-14.5063125,86.147375,1.8633125,115.8774375,-105.42525,-142.8061875,16.256,8.0849375,-295.0076875,-136.27375,-192.565,256.2643125,90.5681875,168.965875,-149.9555,-174.6698125,56.846625,-132.8255625,-263.756,377.0563125,180.7635,-120.7515,-142.6833125,-127.3365,327.1524375,31.8051875,103.8815625,-173.894375,-157.8728125,38.3901875,-366.578875,142.4558125,-158.4074375,-47.081,183.5976875,244.115125,-53.3935,297.7755625,80.3536875,82.386625,69.0741875,-155.8705625,3.115625,55.1651875,-117.0418125,167.9875625,-271.577,208.8179375,-166.3538125,45.5800625,229.1751875,125.4923125,-128.7449375,56.768125,108.07025,414.720625,-107.2075625,191.5934375,31.576125,-408.7841875,-16.2188125,-74.16575,214.1490625,16.37575,-14.974375,202.3900625,35.1809375,-21.6439375,11.2815625,88.1385,-252.5660625,-48.871125,-71.8136875,-208.69,4.45175,-87.2179375,-139.8501875,138.5560625,-52.8818125,335.4599375,104.5606875
4.9117711815480165,-25.0523125,-4.0740625,35.526875,-201.68225,-27.045875,38.50625,-214.860625,-159.3636875,216.9475625,0.1615625,134.627375,-247.089625,-139.6065,-107.5295,-139.6325625,338.9815625,-212.7939375,32.47425,189.1586875,-296.6251875,-167.611125,-118.6596875,-18.138,-295.4654375,-93.8781875,-204.669875,69.7294375,225.4828125,368.085125,-23.7639375,140.154875,64.2475625,-80.9338125,131.8284375,61.6861875,-75.1919375,-173.6848125,-249.9648125,78.7551875,-100.4628125,233.45875,35.637375,-140.8841875,-459.48325,145.8263125,-14.120125,273.6715,18.2994375,50.053,-84.3656875,47.8763125,22.095125,125.2635,-183.076875,-153.700875,37.60725,-53.7958125,-213.130375,-85.0470625,-163.47075,287.4719375,69.6343125,127.824625,-187.2635625,-208.02175,62.8390625,-135.98725,-322.3030625,336.2130625,183.3945,-156.5964375,-152.5935625,-159.284875,353.0815,16.63775,57.9229375,-216.8336875,-199.8225,26.638125,-327.3144375,99.12275,-139.1654375,-1.755875,227.8041875,283.1556875,2.321625,258.5669375,106.492375,91.3253125,103.4939375,-117.941,-30.4424375,67.311375,-109.577125,178.2211875,-251.205875,179.33825,-180.44225,68.005875,271.1120625,99.344125,-126.0335,11.1675625,105.7726875,430.5293125,-53.1871875,201.4178125,57.72325,-406.2875625,32.153625,-89.001375,238.538375,19.679625,-34.3630625,152.9705,50.7601875,-22.5899375,19.2760625,140.76175,-194.7381875,-58.1465625,-93.9616875,-177.0369375,-78.6630625,-92.6395625,-88.961875,120.84325,-37.2650625,304.0088125,81.7166875
4.9158437042700855,-66.4280625,27.17025,-7.4216875,-205.073125,-77.524125,12.9223125,-238.3803125,-174.0935,210.4963125,19.068875,116.28725,-304.6823125,-192.029625,-161.9126875,-150.9348125,330.5906875,-135.8563125,28.4995625,229.8760625,-282.8908125,-138.0033125,-146.4725625,6.1275,-261.50625,-122.9720625,-232.3936875,107.2036875,207.133625,357.0365625,-51.515875,177.455,84.8599375,-89.6773125,137.4524375,86.9423125,-33.274375,-153.935375,-268.6778125,108.0005625,-147.213125,185.7970625,51.0088125,-109.3878125,-456.8363125,174.2199375,-9.3651875,302.30875,14.1464375,11.88775,-151.012625,10.027375,34.403875,139.4394375,-245.9356875,-165.5528125,51.329,-98.8744375,-146.883125,-19.32925,-117.1189375,320.70575,51.21625,72.0708125,-188.581875,-252.0321875,75.5141875,-142.87225,-356.313625,279.917125,167.864125,-176.69275,-158.2093125,-166.465125,371.0131875,16.357,11.7654375,-245.0499375,-233.843625,6.4138125,-275.615875,46.513125,-112.7199375,35.036875,281.6639375,304.072625,47.4999375,217.2563125,106.904125,107.365875,122.3383125,-66.201625,-75.7665625,86.151375,-110.9315625,210.7635,-213.262,142.9680625,-170.3851875,90.510875,296.4651875,73.67925,-108.96875,-38.7801875,87.6200625,437.3720625,3.524125,211.6165625,69.6585625,-405.777,88.165625,-111.652125,265.5925625,36.3865,-53.08825,101.252375,72.614125,-17.0054375,33.52275,178.3695,-138.055,-68.8591875,-126.1538125,-116.6371875,-143.3688125,-106.7025,-18.71675,118.9531875,-30.1711875,278.7206875,45.745
4.919916226992169,-116.073125,69.402375,-38.2703125,-185.9710625,-111.021875,17.3634375,-249.10425,-175.5381875,191.9028125,56.15875,116.09625,-338.062375,-236.7043125,-195.0125,-147.0111875,310.6681875,-73.0790625,3.7181875,246.1778125,-268.35625,-111.953,-160.02475,20.4251875,-217.6453125,-141.136625,-261.5020625,153.2614375,192.5415,359.882,-75.4099375,221.58925,102.016625,-105.3273125,138.601125,99.7688125,-4.396375,-133.690625,-266.5041875,125.954625,-167.2610625,133.5866875,50.8769375,-75.4680625,-412.3453125,189.575875,16.3633125,299.50925,-7.1985625,-28.4339375,-200.2215,-30.9370625,46.5565625,141.4313125,-281.132125,-174.461875,56.0414375,-121.4425,-104.595375,38.9161875,-68.6424375,351.718875,38.3208125,4.189875,-156.137625,-305.6999375,94.083875,-158.53075,-356.8780625,202.057375,130.322125,-170.59725,-148.20125,-150.9690625,370.9405,20.8684375,-23.555875,-245.653125,-259.212,-1.809375,-224.213375,-8.2684375,-82.284625,56.709125,327.651125,305.092375,69.5746875,173.8725625,82.42275,120.7875625,116.9179375,-4.2333125,-134.1085625,111.0844375,-122.08975,261.3209375,-161.363125,95.4778125,-138.2606875,115.525125,305.157,48.0588125,-83.1576875,-85.3055625,60.27,428.92825,52.164625,200.481,74.2955,-406.0388125,145.2834375,-131.314875,290.8163125,66.8681875,-67.245875,48.0806875,100.564625,-18.6104375,49.209,188.104875,-103.8808125,-77.723625,-155.5888125,-42.1724375,-179.35975,-120.087875,53.4889375,131.5570625,-26.3589375,267.1318125,1.469
4.923988749714238,-164.782625,106.574,-46.5280625,-163.3886875,-127.669,55.1386875,-247.5628125,-160.1915,174.555875,102.8199375,132.7580625,-347.6075625,-257.1846875,-206.0956875,-123.7763125,291.52725,-38.1521875,-27.415125,249.6503125,-255.8870625,-99.7179375,-154.42475,25.58125,-177.1175625,-147.606125,-276.7135625,197.3041875,184.589625,368.83125,-82.5515625,262.54425,124.604875,-113.2530625,137.58025,89.9485,8.5115,-111.7879375,-248.61925,131.5628125,-155.326125,82.5828125,28.4445625,-42.4181875,-343.7933125,190.2575625,49.95175,258.951375,-38.9345,-65.912125,-227.2965625,-74.5710625,62.5745,120.4740625,-287.12825,-179.657,56.5150625,-127.608375,-81.6175,72.7975625,-41.1720625,378.261375,35.23825,-69.0236875,-97.831125,-358.5069375,110.6434375,-178.930125,-329.737625,109.68,75.3419375,-137.5715,-123.0428125,-120.4851875,354.4778125,23.062875,-38.665,-224.2241875,-278.1349375,15.145875,-186.8356875,-57.2004375,-54.618125,56.372875,352.3061875,287.1038125,63.303375,123.6008125,41.604125,125.5116875,86.9145625,52.424125,-198.0389375,135.6309375,-138.3568125,318.4329375,-101.4345625,42.2685625,-93.7043125,149.3483125,300.934375,20.8548125,-64.911625,-119.2101875,31.870875,403.62,79.42975,161.993375,74.0614375,-404.2410625,196.7655625,-132.551375,310.583375,102.592125,-77.2646875,1.148375,116.3540625,-38.424625,67.2834375,172.3145625,-98.4459375,-79.615,-174.8758125,27.404625,-192.779875,-127.263375,110.3630625,145.572,-25.6165625,269.6661875,-45.0654375
4.928061272436321,-202.951625,122.2664375,-35.97225,-150.6070625,-130.9545625,114.96425,-235.806375,-128.24875,161.9510625,141.7849375,156.8365625,-341.576875,-249.3661875,-196.6759375,-89.8670625,282.3046875,-29.3919375,-42.6300625,253.220125,-244.33525,-102.62625,-128.3013125,21.17075,-146.07725,-148.7675,-270.713125,223.463125,177.510375,370.527125,-70.633875,291.6924375,152.0291875,-105.6714375,132.0791875,61.6281875,11.757,-85.2798125,-217.4465625,123.775125,-111.62625,37.253375,-16.2798125,-9.1028125,-274.5823125,183.851375,71.8775625,194.179125,-68.8705,-95.973875,-232.170125,-114.1981875,79.552125,79.614,-273.9563125,-179.7046875,56.7229375,-129.4594375,-76.125875,80.349,-45.9616875,398.0471875,35.700375,-139.76925,-26.446625,-396.6966875,115.5490625,-193.265,-288.6628125,16.7675625,13.23325,-81.3728125,-91.1088125,-86.1919375,332.30925,17.2104375,-32.0014375,-200.0555625,-298.3465,56.1149375,-169.892125,-96.883375,-43.792,38.43675,357.20975,258.006125,34.1596875,65.7969375,-2.2894375,120.307375,38.41025,87.2315625,-263.110625,154.6615,-150.188375,366.1004375,-43.9783125,-4.169625,-47.9530625,189.71925,287.8629375,-11.4729375,-66.15075,-136.4391875,6.0699375,365.48075,73.8921875,104.362875,66.8805,-394.5173125,238.10375,-105.104375,328.0484375,133.804,-86.1875625,-20.807,96.123,-77.095875,88.4623125,138.0228125,-104.5665625,-73.677,-187.959375,79.129625,-200.289625,-126.240625,142.9565,145.4176875,-29.1906875,281.928875,-89.0730625
4.932133795158404,-224.1821875,105.965375,-22.661125,-154.605125,-130.3643125,172.5431875,-214.728125,-89.8343125,151.804375,156.9455625,181.191125,-328.7505,-223.2548125,-167.5511875,-64.397,279.2989375,-39.661125,-35.2475,259.80175,-227.8378125,-116.72425,-83.9046875,4.7750625,-121.5770625,-157.847875,-247.863375,223.1375,168.4423125,359.82425,-50.782375,302.7305625,170.863875,-83.8291875,117.53925,29.402375,8.8013125,-57.6404375,-179.4335,102.55525,-42.2659375,4.2936875,-77.674875,25.6218125,-222.6989375,182.44625,72.554375,125.602125,-90.1150625,-118.41925,-215.337,-139.9795,93.053125,25.5803125,-251.8226875,-177.1926875,60.1954375,-133.1254375,-93.788625,74.136875,-76.0778125,403.2211875,26.154875,-200.4634375,42.6025,-410.838,105.76375,-193.049875,-242.022625,-65.3346875,-37.6700625,-6.354125,-62.3988125,-60.602625,312.4103125,-3.7003125,-10.5155625,-188.3905,-325.697,112.9900625,-172.781125,-129.454125,-62.5758125,19.2106875,354.5966875,230.7295625,-2.376,7.1889375,-35.619625,102.1565625,-17.24375,95.539875,-329.5068125,164.7990625,-151.763125,394.828,-0.2721875,-29.3496875,-6.6199375,225.541125,265.1338125,-47.3461875,-84.30825,-136.355625,-19.8065,321.791625,33.4138125,43.109,52.4585625,-371.5418125,266.7535625,-51.0875,348.322375,160.6701875,-95.4319375,-1.7909375,28.5755,-122.153875,112.60675,95.9161875,-98.698875,-67.856,-197.4844375,109.2113125,-208.7456875,-120.2553125,149.874125,123.780875,-35.7215625,295.2751875,-125.9218125
4.936206317880473,-228.9170625,58.5455,-21.117375,-175.7755625,-138.386875,206.2699375,-187.8844375,-63.6110625,143.19975,145.239625,201.4169375,-312.2838125,-194.9694375,-122.696375,-62.071125,267.2480625,-68.3615,-18.3056875,264.3646875,-203.155125,-139.8318125,-26.04375,-21.6885,-99.010125,-179.8055,-213.4935625,202.1496875,158.991,341.413875,-36.9953125,296.176875,168.8245,-57.5051875,92.7820625,7.084875,-0.3225625,-37.9885,-150.0584375,77.6805625,38.616,-11.6779375,-144.574125,60.561,-194.6899375,189.214625,56.3233125,66.0608125,-101.59675,-131.910875,-181.2085625,-145.1891875,106.0965,-36.4275,-224.1996875,-179.808375,68.7348125,-135.603125,-134.339625,69.66575,-111.9829375,384.59725,-2.208625,-243.062875,96.4088125,-402.6021875,85.8258125,-175.85125,-185.3799375,-132.7205,-60.46125,79.749,-42.5553125,-52.026,289.8538125,-42.3208125,16.0523125,-189.96875,-359.4985625,174.5171875,-189.410125,-155.6659375,-109.5399375,16.4184375,355.614625,212.6940625,-32.162,-42.678625,-47.7864375,65.411875,-68.2718125,83.9235625,-393.6698125,160.556375,-148.163,404.518375,29.853,-27.6489375,27.562375,245.389625,232.7183125,-81.881875,-108.5714375,-118.6360625,-45.9115,277.4133125,-29.1401875,-8.4385,31.995,-337.487,276.569125,14.2830625,369.410625,187.057875,-105.2876875,55.259625,-74.834875,-157.64825,137.4248125,59.502,-80.0435,-77.0778125,-198.3049375,120.6708125,-206.344,-115.075625,134.7483125,87.0953125,-40.46325,296.8556875,-151.684125
4.940278840602557,-220.5636875,-7.812,-35.9145,-203.1261875,-161.850625,210.944625,-164.3924375,-63.5538125,138.2155625,121.0319375,210.060625,-291.2010625,-174.878125,-68.9385625,-87.73325,231.026,-116.527375,-5.111375,265.0593125,-171.7235,-170.376375,39.657375,-50.202875,-78.0974375,-203.3460625,-169.999125,170.6216875,145.8423125,319.454375,-33.1705,283.130875,145.046,-38.71075,62.8591875,-1.7778125,-15.1074375,-28.983625,-143.7468125,55.567125,112.774875,-11.603,-204.201875,91.547,-186.6904375,193.9735625,32.845625,17.0766875,-102.90625,-132.8806875,-135.810125,-131.891125,127.4073125,-98.729,-194.9108125,-192.963,76.0569375,-127.7978125,-181.6805625,71.4576875,-132.4378125,341.5435,-45.2555625,-259.7039375,132.53775,-381.9979375,62.47475,-148.8026875,-115.9746875,-188.950625,-55.0569375,162.9665,-31.78675,-63.9299375,251.3604375,-87.147875,39.3806875,-200.465125,-397.603,226.3254375,-206.342625,-173.4745,-171.2623125,37.1921875,366.7995,203.9204375,-55.7885625,-80.346625,-36.8045,15.9861875,-104.828375,64.2985,-448.2491875,137.87625,-150.8963125,397.398625,57.508,-10.807,50.24025,244.4965,191.5950625,-116.1779375,-130.15225,-87.4463125,-68.1116875,235.823125,-89.4528125,-48.6368125,9.6349375,-302.045875,262.4160625,68.4701875,381.5160625,210.3301875,-123.6763125,131.91125,-185.119875,-173.346125,157.4081875,32.230625,-70.623375,-111.9016875,-184.4405,119.5321875,-180.00575,-111.206875,104.8180625,47.3285,-33.429375,271.0444375,-168.1563125
4.944351363324626,-203.3614375,-73.5838125,-60.2653125,-225.3923125,-192.987875,193.836,-148.9878125,-90.679625,137.4251875,106.337375,196.9986875,-263.876125,-162.4200625,-8.5009375,-140.020125,168.039625,-175.37075,5.754625,267.1423125,-133.4425,-206.8790625,107.509375,-72.9891875,-63.4198125,-211.8839375,-124.107625,127.062625,120.7358125,293.708125,-28.481,277.802125,105.1554375,-27.887875,34.6275625,-3.0736875,-35.741,-25.201125,-163.737,25.4914375,166.1765,0.0989375,-249.208875,114.6080625,-191.3138125,184.7695625,11.223,-23.656,-94.4018125,-121.288,-81.558125,-111.3943125,159.3524375,-154.8475625,-171.7968125,-216.315875,70.4033125,-96.53,-217.23375,70.427625,-127.62225,283.7956875,-86.679875,-248.134625,158.1605625,-360.004,40.3578125,-129.0950625,-41.576,-236.1559375,-36.9894375,225.1528125,-28.5226875,-94.872,193.2771875,-115.6785,52.8781875,-223.639375,-441.44675,256.06225,-204.8066875,-180.2400625,-233.3259375,76.0971875,392.235125,199.3695625,-80.7919375,-108.0843125,-13.5410625,-27.8459375,-120.1233125,50.76475,-490.4593125,96.8705625,-167.3990625,375.315,88.7403125,-0.480375,57.984875,227.5796875,135.383625,-155.692125,-141.4691875,-53.0828125,-83.6651875,200.0365625,-123.7968125,-86.263875,-8.331375,-270.4546875,231.3275,94.156875,379.184375,222.6246875,-161.1359375,209.640375,-274.6165,-163.95875,168.810125,4.174875,-90.77175,-166.4301875,-154.4013125,112.505875,-132.21825,-105.4290625,70.409875,11.2770625,-3.443375,209.7688125,-180.482125
4.948423886046709,-184.6318125,-120.844875,-82.2931875,-245.8648125,-214.906125,161.4696875,-135.5893125,-134.1104375,132.30225,111.9513125,155.9581875,-227.65475,-153.3511875,62.6708125,-206.8551875,90.8880625,-230.0005625,24.008,273.9485625,-87.9268125,-248.5908125,168.580625,-88.894875,-60.067125,-199.2035625,-88.1919375,61.1024375,79.351,262.4588125,-6.603,283.7271875,54.3278125,-11.8674375,12.3113125,-6.0165,-62.340125,-21.9624375,-202.057,-21.9798125,193.8715,15.1401875,-277.02625,131.039625,-201.84125,157.3606875,-5.399375,-54.6214375,-77.3649375,-99.4525,-22.672625,-97.52725,192.705625,-204.385,-158.4071875,-244.78425,46.9688125,-33.5509375,-232.5723125,54.69325,-106.6875625,222.959375,-110.0239375,-219.54625,175.712125,-342.421,20.8850625,-129.2224375,30.081875,-271.272,-21.31875,250.8845625,-32.2573125,-135.5324375,128.7575,-113.9180625,54.2500625,-265.67,-491.34825,257.1695625,-170.462625,-170.911,-285.4035,121.09075,430.0558125,188.606875,-100.2421875,-126.9514375,4.8409375,-49.066,-117.534375,53.730625,-522.3895625,40.549,-197.0055,339.323125,114.969125,-15.301875,51.9906875,203.9225,55.0458125,-197.5900625,-134.4195,-26.265625,-89.514375,167.8833125,-120.2206875,-129.1651875,-19.5793125,-238.2795,199.41925,83.6350625,367.593,216.649625,-213.8860625,275.7538125,-332.767625,-131.9703125,172.4281875,-30.815375,-139.751625,-220.784375,-111.765375,106.8483125,-78.45875,-97.2489375,39.4686875,-18.008125,49.559375,124.373875,-188.3436875
4.952496408768778,-171.843125,-143.1910625,-92.6621875,-272.479625,-216.872375,113.567875,-118.0591875,-179.9571875,107.4595625,129.85125,89.4630625,-183.0610625,-146.6865,143.8933125,-264.0218125,17.123,-272.4830625,51.56525,278.3155,-40.1419375,-288.6028125,209.8725625,-102.044375,-66.830875,-171.616875,-70.659625,-29.3881875,23.5790625,224.60575,37.05625,293.934875,-2.85175,17.0843125,-5.086125,-15.561125,-92.75325,-14.5273125,-243.8986875,-77.88375,197.09475,20.853625,-285.1565625,145.1130625,-211.0634375,110.4221875,-19.278375,-75.94725,-53.28,-68.977125,30.4631875,-95.4380625,214.233,-247.4778125,-150.0389375,-275.73125,11.45,51.8941875,-226.56225,20.4701875,-86.822625,164.99275,-114.0524375,-194.2980625,178.3254375,-326.694375,3.376375,-143.539625,94.6891875,-293.720625,-15.125125,236.849375,-42.7828125,-170.133375,81.321125,-86.4143125,47.3955625,-319.702125,-541.1891875,226.3871875,-106.8101875,-142.7545,-322.092375,161.1310625,471.921625,163.7769375,-97.0908125,-136.1490625,6.441375,-40.45725,-111.739375,71.591375,-544.4506875,-24.2335625,-234.3104375,291.21725,118.51725,-65.6381875,38.1139375,180.0804375,-48.114375,-230.844,-109.031625,-10.9820625,-81.5440625,131.5839375,-83.280125,-172.5028125,-25.92675,-203.9390625,178.52525,37.13825,354.6194375,190.6605625,-263.2880625,321.621875,-365.78275,-90.9149375,170.090125,-62.10475,-195.774,-257.1574375,-68.06825,105.884875,-35.4401875,-87.1558125,13.6203125,-39.5904375,110.984875,35.251625,-186.8114375
4.956568931490861,-163.52925,-142.698125,-86.4203125,-301.4169375,-196.977625,52.6781875,-99.439375,-219.484625,55.7055,141.0565,11.1033125,-139.1816875,-143.7889375,225.67825,-289.5345625,-43.8829375,-300.6574375,77.2351875,267.7493125,2.2965625,-313.0859375,224.604125,-117.3630625,-75.8614375,-136.3904375,-70.71175,-127.914125,-40.046125,180.8221875,89.629375,301.8045,-62.4033125,47.0725,-22.1216875,-27.204625,-124.455625,2.0433125,-271.5935625,-126.7089375,184.0738125,7.165875,-273.7535625,155.1739375,-213.5099375,43.3385,-28.1093125,-95.662375,-28.4799375,-34.6714375,65.18075,-97.0635,218.0924375,-279.49,-140.63175,-313.1966875,-26.5386875,137.2806875,-201.4550625,-25.1780625,-79.3203125,111.7811875,-113.3725625,-184.7180625,161.1640625,-302.771625,-10.39375,-158.221,147.709125,-309.2856875,-18.1448125,190.9261875,-57.9239375,-186.018375,73.4189375,-45.61875,37.048125,-368.7614375,-582.475125,167.671375,-35.8965625,-98.831375,-339.3294375,190.57375,506.8076875,129.3135625,-67.8755,-135.26875,-13.1348125,-9.8776875,-117.2851875,93.383375,-552.6748125,-86.528875,-270.201,240.9161875,86.8049375,-153.2145625,23.356625,156.454,-158.8380625,-248.1159375,-79.3656875,-3.5524375,-64.33075,84.468875,-33.117,-199.6998125,-27.0465625,-173.36525,169.1088125,-32.678625,341.956875,153.957625,-291.5301875,340.92375,-383.7369375,-58.544,163.0326875,-70.5561875,-236.021,-271.26475,-42.4019375,105.326625,-12.176875,-72.06875,-5.5766875,-56.6226875,163.4765625,-45.144875,-174.857875
4.9606414542129444,-146.3500625,-124.4476875,-65.384875,-322.643375,-158.64175,-5.0826875,-87.277875,-248.188875,-14.4336875,129.4725625,-59.3814375,-110.2573125,-144.6794375,299.956875,-279.0400625,-93.5786875,-309.3559375,87.8783125,239.443,34.8200625,-312.819875,219.741375,-139.652625,-78.929,-98.8025,-80.9139375,-208.9085,-101.5703125,130.8519375,134.6678125,301.1210625,-120.619125,55.83075,-42.5329375,-33.2375,-156.716,24.2430625,-270.9213125,-159.33575,171.9476875,-21.69525,-248.99625,154.4425625,-208.4319375,-35.4256875,-23.6611875,-119.8831875,-14.97375,-3.2761875,73.020125,-90.2339375,207.8660625,-298.1291875,-131.195875,-354.6206875,-58.0619375,201.691625,-163.8248125,-69.903125,-88.76825,68.019,-121.5316875,-188.0036875,130.8969375,-260.6059375,-15.0709375,-166.4035625,185.4126875,-324.81675,-24.1664375,123.145125,-73.8306875,-182.5795,110.1331875,-1.469625,22.753875,-402.1421875,-611.08375,97.3665,18.58925,-39.9331875,-331.708625,208.2506875,522.9635,93.2405625,-27.966875,-123.9906875,-53.1041875,24.3585,-134.845875,108.4339375,-543.901125,-133.5921875,-294.7925625,206.665625,23.485875,-269.2030625,13.0076875,127.4649375,-254.5690625,-250.033875,-63.2931875,2.89075,-52.9579375,26.7901875,2.558875,-198.4665625,-19.8775625,-147.5640625,162.414875,-105.4376875,325.733,122.6158125,-289.3714375,331.199375,-391.3540625,-49.3554375,148.4391875,-48.9613125,-252.079625,-267.3291875,-53.1745625,100.4188125,-6.0270625,-45.9103125,-13.6910625,-74.157,195.6925625,-111.6425,-156.8489375
4.9647139769350135,-106.175625,-97.565375,-40.5014375,-330.03525,-111.98375,-39.4030625,-86.254,-260.6048125,-86.270375,94.5159375,-110.828375,-104.144125,-149.9809375,363.690125,-248.5215,-135.711625,-295.893375,78.0888125,203.1038125,56.9224375,-294.3795,206.1653125,-171.853125,-72.05925,-69.1810625,-89.64075,-257.6450625,-151.03925,75.129625,170.2131875,282.6459375,-171.500875,31.6916875,-67.8094375,-33.540875,-190.827125,41.3420625,-241.32025,-171.9380625,175.13225,-50.024625,-221.17475,142.9896875,-196.7124375,-110.970375,-2.627125,-143.7505,-22.7485625,20.678125,58.4104375,-70.2099375,192.744875,-305.4133125,-129.0275,-382.0400625,-77.181375,231.991625,-123.485,-106.1031875,-113.639875,40.3764375,-138.91975,-193.7969375,102.230625,-199.671375,-9.31775,-169.6811875,204.854125,-343.0121875,-27.673875,46.1033125,-84.4154375,-166.7291875,176.0545,37.9376875,3.1161875,-420.315375,-627.19175,35.1985625,49.3981875,34.0300625,-297.267875,214.4655625,510.84975,57.74475,1.4875,-101.207125,-107.0083125,48.218125,-150.597875,111.52275,-520.3523125,-154.628125,-304.3581875,203.1376875,-53.4381875,-392.8660625,7.0259375,88.250375,-318.6815,-242.77225,-68.9310625,14.9796875,-57.49375,-32.710625,5.2929375,-172.5916875,-7.6823125,-121.470625,151.057625,-167.074,306.1745625,109.911625,-256.8069375,297.8756875,-390.208375,-69.0580625,116.0363125,-10.5730625,-249.152625,-248.9731875,-107.013125,90.06425,-4.27875,-3.2118125,-7.672625,-97.1395,201.2573125,-163.161625,-136.5838125
4.968786499657097,-45.9121875,-72.9445,-22.4415,-321.6314375,-70.5370625,-44.725,-91.7041875,-253.610875,-146.953375,50.0329375,-144.4899375,-111.170375,-160.829,412.224125,-222.43825,-172.9929375,-268.798125,46.33,168.039125,69.9690625,-278.7571875,186.6178125,-208.571125,-55.538625,-57.3445,-86.7215,-275.003375,-183.7790625,19.332625,205.6919375,241.5598125,-206.8955,-14.8670625,-94.65375,-34.7961875,-225.0134375,48.2803125,-198.999625,-166.1300625,191.176875,-68.387125,-196.431125,132.9881875,-174.7985625,-176.713875,25.80075,-159.268375,-54.9810625,30.9941875,37.987125,-38.31675,181.58325,-298.51975,-138.0604375,-378.374375,-83.05625,223.5855625,-82.8626875,-129.8914375,-145.4440625,28.382625,-158.74725,-192.822125,84.6226875,-130.711625,0.400625,-173.8765,203.951,-363.47175,-29.4485625,-20.5195625,-83.178625,-141.511125,248.657625,64.224375,-18.1925625,-426.715125,-630.29975,-8.499,66.4934375,111.1693125,-241.578,210.035375,467.77625,24.09075,9.361375,-68.3076875,-161.8373125,61.7675,-151.758125,106.3654375,-486.9764375,-146.4349375,-305.96,226.941,-124.6739375,-498.238,-1.7559375,40.89675,-352.6755625,-232.98025,-90.6386875,36.605625,-71.5156875,-83.7518125,-23.672125,-139.197,-4.7166875,-93.7661875,133.87875,-215.9971875,291.792,119.7741875,-207.002625,255.5165625,-380.2656875,-110.8291875,60.6663125,20.7445,-237.4008125,-219.9581875,-187.0998125,69.9844375,4.9150625,57.499125,10.077875,-125.724125,179.0208125,-200.1446875,-117.3819375
4.972859022379166,12.71275,-56.10525,-10.5101875,-299.8755625,-43.3950625,-33.8078125,-90.4359375,-235.395625,-192.8220625,11.9570625,-164.188875,-109.7531875,-174.399625,435.2105625,-215.851125,-208.2558125,-245.8241875,-8.606625,137.375875,74.1031875,-283.5224375,159.925625,-233.3394375,-27.623,-61.77975,-72.06175,-270.8875,-202.545875,-32.75975,245.04575,182.5463125,-222.1149375,-57.5626875,-116.442125,-42.5750625,-248.3513125,50.94175,-164.5979375,-153.5805625,208.223125,-81.4321875,-172.8505,138.722875,-135.382,-234.9533125,47.5331875,-168.063875,-107.901375,21.5169375,24.136125,3.8395,174.522125,-269.3493125,-155.720375,-345.6185625,-80.4243125,182.823,-33.7288125,-135.5015,-174.268875,24.380125,-175.2659375,-180.1878125,73.4228125,-65.1695,5.9546875,-181.688375,184.6313125,-386.1241875,-34.658125,-58.007875,-73.7419375,-103.972125,307.8616875,68.765375,-36.37225,-421.920125,-616.9581875,-33.5583125,83.662625,170.693,-174.31325,199.1038125,401.4930625,-6.5059375,-2.094375,-32.2079375,-203.16925,72.26075,-137.319,103.561875,-446.1018125,-115.969125,-314.1746875,255.9946875,-181.6720625,-567.6635,-21.4656875,-7.6619375,-372.539625,-223.3563125,-112.549375,66.0586875,-81.0093125,-121.4809375,-67.6763125,-118.6828125,-23.8038125,-67.7206875,109.5785625,-258.0585,290.700125,144.37775,-162.090125,220.70175,-357.463375,-162.0154375,-3.9568125,24.8930625,-223.126875,-185.274625,-259.1623125,33.535875,24.87475,128.8785,28.3344375,-152.0654375,132.83275,-218.7580625,-107.133125
4.976931545101249,49.896,-44.3343125,2.87,-270.37775,-31.9744375,-24.0391875,-75.9548125,-219.7150625,-226.093,-12.21325,-174.5208125,-91.6873125,-187.557875,423.022875,-221.2275625,-241.48125,-243.0459375,-81.8894375,113.258125,68.396125,-306.63,133.1289375,-229.07,19.556875,-72.53475,-55.3164375,-259.6753125,-212.4521875,-85.9765,282.8431875,116.3483125,-220.8276875,-74.16325,-128.764,-57.2726875,-247.8248125,57.379875,-147.0375625,-152.359125,222.6691875,-101.9446875,-146.8783125,162.431125,-75.8878125,-286.1099375,56.9221875,-177.4485625,-173.65675,-6.9368125,14.30025,50.419125,164.1929375,-214.4356875,-177.997375,-299.25325,-77.990125,126.411625,26.635625,-120.4015625,-195.9635625,22.276625,-186.5626875,-156.770125,56.488,-5.3519375,0.8804375,-189.0751875,153.4356875,-411.204125,-45.0389375,-61.3315625,-70.9138125,-55.8180625,339.179625,47.038,-49.1671875,-405.9825,-584.530625,-44.32575,104.391375,197.92775,-104.8995,187.2163125,327.3345,-37.34675,-30.6109375,-1.6136875,-222.7268125,80.467,-112.9508125,111.4225625,-399.29625,-75.798375,-337.457125,264.85175,-224.0779375,-599.1774375,-47.956125,-48.9504375,-393.3163125,-214.5779375,-119.184875,97.9249375,-82.458875,-141.055125,-103.8148125,-123.0781875,-61.05525,-47.5955625,73.5649375,-298.4856875,302.806,169.8319375,-142.0260625,201.8481875,-319.7836875,-213.232625,-56.934625,0.813625,-206.889875,-151.18775,-296.337875,-19.5534375,56.960375,192.3400625,32.468,-169.15375,70.4429375,-213.693375,-116.784625
4.981004067823318,65.60425,-30.1815,21.7718125,-236.31025,-32.6310625,-23.3605,-53.976,-213.3526875,-248.463875,-24.5300625,-181.3179375,-73.0590625,-199.628375,375.5073125,-211.95375,-270.099875,-263.866375,-157.857125,97.6456875,53.236875,-330.3506875,118.7365625,-192.9491875,92.046375,-79.827875,-44.9359375,-248.2378125,-215.80125,-144.606125,310.845625,56.5854375,-215.6418125,-60.0176875,-127.9305,-73.77175,-221.9774375,70.1015625,-144.7115625,-173.534875,240.2301875,-139.954875,-118.208625,194.3193125,-4.688875,-326.745875,54.4169375,-186.96875,-245.0583125,-46.5965,-0.382375,90.6875625,146.38425,-138.6000625,-200.7831875,-251.652125,-85.601125,76.9769375,86.005625,-90.817,-209.3325625,20.728625,-195.8558125,-130.0796875,27.4735,50.1506875,-19.518625,-191.85625,119.15975,-436.80275,-55.6459375,-39.4259375,-84.34375,-12.073375,339.8094375,4.639375,-54.02,-382.352125,-537.158625,-47.6325,119.8915625,191.05375,-42.5751875,172.462125,263.2301875,-72.520875,-79.4879375,18.479,-221.3768125,80.5005625,-86.368125,131.232625,-354.233,-35.917625,-369.255625,238.687125,-251.115625,-601.669,-61.3756875,-74.456,-416.5855625,-206.68,-105.256875,128.43325,-83.61475,-136.73925,-114.0876875,-148.49025,-99.5415,-38.6670625,22.2260625,-337.8099375,323.0785625,185.973125,-155.156875,197.393375,-273.4875625,-259.442375,-91.675,-31.142,-187.8245,-126.1275,-295.89075,-81.699,105.799375,225.947875,19.0995,-179.6258125,2.8875625,-186.8464375,-149.695875
4.985076590545401,70.8568125,-6.708,42.6730625,-196.4368125,-37.4558125,-28.66025,-31.3735625,-212.2348125,-257.641125,-29.903875,-186.771625,-71.3706875,-209.8203125,303.761125,-162.0893125,-292.17825,-298.5304375,-216.082875,90.6620625,30.7749375,-338.4223125,119.045,-136.296875,180.9745,-75.2891875,-44.6945625,-228.6258125,-211.95375,-201.590875,321.2133125,16.2198125,-219.5385625,-22.5568125,-110.9219375,-86.397625,-183.730125,86.0040625,-157.352375,-211.3460625,265.032375,-190.892625,-87.9993125,223.5989375,63.404125,-354.7555625,40.2300625,-189.6485625,-315.67925,-86.5844375,-21.302625,116.5114375,124.0576875,-52.1215,-218.3259375,-206.8388125,-108.7369375,56.565,127.701375,-58.268625,-210.95225,17.0315,-205.7660625,-110.6795,-11.88075,96.89225,-48.9130625,-191.902625,89.269,-459.602125,-64.148,-3.41625,-111.0049375,7.9319375,318.8815625,-46.7083125,-49.571125,-357.17725,-484.1436875,-51.3468125,120.163375,158.1374375,5.8304375,144.6435,223.769875,-110.7020625,-145.983,29.8294375,-207.7211875,68.5995625,-66.4379375,157.247125,-321.9065,-0.924,-393.1741875,180.927875,-262.62725,-583.7125625,-43.48025,-80.4109375,-428.5925,-198.4109375,-74.94975,153.7870625,-93.084,-112.310125,-94.968625,-182.53475,-125.858125,-44.3405625,-39.3639375,-370.6165,343.6470625,189.5278125,-191.8715,200.0425,-225.8504375,-300.355125,-117.9676875,-47.1545,-168.5011875,-116.98175,-271.1455,-140.90675,171.9969375,219.0935,0.1269375,-189.7515625,-59.0674375,-147.118625,-193.62975
4.989149113267485,68.6779375,27.8335625,55.626875,-150.99675,-36.7305625,-35.4735,-10.821875,-205.9515,-252.9086875,-35.101125,-191.4438125,-85.2404375,-219.8714375,225.332,-67.51975,-307.3206875,-334.2150625,-241.6825,89.118,5.87225,-324.2448125,124.423,-76.5134375,264.6673125,-54.480625,-58.6656875,-190.7798125,-197.0308125,-243.577875,308.5710625,0.15075,-234.02825,27.79675,-82.2959375,-93.026125,-150.8764375,97.3359375,-186.8218125,-249.407875,294.3388125,-238.641375,-59.3269375,243.6549375,119.2260625,-368.361125,17.66775,-182.0220625,-375.8744375,-117.5965,-39.0545625,120.8570625,100.257375,32.168875,-227.8109375,-169.3478125,-142.9031875,73.607,141.88225,-33.8966875,-200.807,3.677875,-214.1048125,-102.5078125,-57.2668125,126.492625,-68.3986875,-195.6909375,64.1333125,-474.9029375,-78.655875,35.951125,-144.3346875,-2.166875,288.352375,-97.83275,-42.371,-335.670875,-432.8594375,-62.5063125,101.263875,114.222,40.501375,98.9043125,209.453125,-148.7415625,-214.5434375,36.676125,-190.79275,46.8894375,-57.6255625,179.8718125,-307.18875,28.455125,-396.516,113.892875,-263.246125,-549.76675,4.16725,-69.9220625,-411.0695,-190.8375625,-39.4278125,168.720875,-116.274625,-80.30675,-54.34725,-219.4550625,-139.2330625,-62.3390625,-96.7945625,-391.2734375,352.041375,178.454,-230.0238125,202.35925,-179.575875,-341.2203125,-148.0726875,-37.5555,-152.8438125,-122.837625,-233.9840625,-183.675125,245.3914375,180.9041875,-10.622125,-200.248375,-110.9836875,-102.8581875,-232.6954375
4.993221635989554,52.391875,71.618125,52.5318125,-105.933625,-29.0448125,-45.9575625,6.7291875,-187.42225,-240.22425,-49.7735625,-197.6761875,-99.2514375,-236.4441875,156.7054375,44.1436875,-317.5884375,-363.7758125,-232.14575,84.7405625,-14.31875,-289.2931875,126.8185625,-33.75625,324.380125,-21.9183125,-89.6386875,-136.0981875,-166.0643125,-263.2751875,275.1466875,0.5180625,-253.4120625,80.3619375,-54.2088125,-93.960875,-135.14875,95.032625,-231.401625,-273.9613125,319.906125,-270.1485,-38.644375,247.2450625,167.445625,-362.866,-6.8748125,-163.1869375,-417.3116875,-136.6681875,-40.89775,93.943375,72.090375,102.3735625,-230.642375,-145.812625,-177.498375,117.8131875,124.9905,-24.4341875,-186.3855625,-26.2865625,-218.2800625,-99.079125,-103.619125,134.9228125,-62.5228125,-208.243625,40.8800625,-475.7246875,-110.8333125,61.5933125,-177.8366875,-31.6400625,257.159,-143.6786875,-45.9311875,-318.920875,-388.5580625,-88.84825,63.7360625,77.90625,68.097625,43.673375,207.23225,-186.446375,-264.404125,41.7915,-172.485875,24.227625,-58.278,191.8146875,-306.3406875,54.613125,-380.2955,67.197,-258.56125,-504.403625,60.893375,-46.83875,-359.67925,-187.9075625,-12.9755,176.1724375,-155.32275,-52.2759375,-2.790875,-260.7253125,-145.3143125,-90.4649375,-137.051125,-398.9881875,335.8376875,149.1990625,-252.644125,204.528375,-138.163125,-388.6960625,-182.1281875,-8.90425,-138.6249375,-135.7075625,-190.2469375,-201.070125,307.238125,132.1344375,-8.5048125,-208.86275,-156.524625,-61.7619375,-260.2945625
4.997294158711637,16.2243125,124.0055,37.647,-69.433125,-26.859375,-61.784,19.7475,-160.579625,-226.453875,-77.9483125,-205.8963125,-99.997375,-262.7353125,105.2235,129.2480625,-324.6525,-384.7370625,-199.8965,72.776875,-24.772,-241.4530625,125.257375,-25.1600625,351.639125,16.4935,-131.718125,-78.1776875,-119.1886875,-263.1941875,233.385,2.05425,-279.2069375,124.98,-35.7289375,-91.270375,-137.1510625,72.0435625,-282.0220625,-279.696625,327.5509375,-279.931125,-27.79375,223.8214375,219.9771875,-334.3000625,-26.917875,-128.566625,-439.3919375,-147.8951875,-19.71175,34.7098125,33.535625,148.033625,-226.625,-137.678875,-208.9441875,171.7191875,78.9030625,-29.0731875,-175.1893125,-74.7221875,-220.24475,-92.5855,-145.164125,125.78,-31.242,-228.2903125,25.176625,-460.5143125,-161.798625,59.9735,-201.529625,-61.9501875,224.827125,-180.96875,-68.184125,-304.273625,-357.7056875,-137.354625,14.276375,56.8360625,94.880125,-4.7520625,205.729125,-224.8578125,-284.4766875,49.6196875,-148.9591875,11.3245625,-65.302875,193.4388125,-311.5194375,81.48325,-352.9726875,57.4129375,-249.561625,-451.9025,103.8325625,-16.025125,-292.9134375,-193.13925,-4.6161875,188.081625,-206.9960625,-36.644625,46.294375,-304.7478125,-148.0061875,-131.85275,-157.3426875,-394.9895,293.687,106.22175,-258.8335,216.0330625,-108.296875,-445.91875,-206.94725,23.4503125,-123.548375,-146.9545625,-143.761625,-192.5243125,342.6273125,87.1855,5.906375,-213.4890625,-202.7146875,-31.6843125,-277.182125
5.001366681433706,-38.2529375,181.7813125,23.932,-45.70075,-47.85825,-74.772625,27.5803125,-134.9170625,-209.6026875,-113.2475,-212.2145,-85.369625,-291.5726875,69.731875,157.2636875,-325.5598125,-393.4645,-165.8335,58.11225,-26.382375,-192.5379375,121.7061875,-55.5621875,348.191625,58.7843125,-172.5725,-33.4618125,-59.8566875,-246.0613125,201.8621875,-7.3855625,-313.5259375,156.0390625,-25.88675,-88.3034375,-151.5709375,26.575,-322.7258125,-272.759625,298.5466875,-269.825375,-22.3835625,168.514125,280.7935,-285.7794375,-36.8081875,-73.0373125,-447.663875,-162.241,23.6676875,-38.8250625,-18.8594375,160.071375,-214.587875,-139.6810625,-240.6479375,217.715625,17.179625,-43.766125,-171.402375,-134.3149375,-223.8586875,-83.0425625,-176.10475,107.9355,14.10675,-252.0224375,26.9319375,-438.18925,-217.2021875,34.29475,-208.278875,-78.0300625,180.18825,-207.232625,-103.331375,-290.2374375,-344.542375,-206.747375,-35.74525,38.4084375,122.377125,-31.114125,204.4168125,-263.2118125,-281.1320625,66.6028125,-118.6595625,11.6821875,-81.431,191.3675,-314.334625,110.587125,-320.145125,78.528875,-237.3401875,-390.9065625,122.9585,11.32125,-240.90075,-210.9273125,-16.326375,210.6876875,-261.831125,-38.160625,79.531125,-345.3818125,-152.6971875,-189.8168125,-161.6965,-381.814125,236.60775,67.6463125,-256.2051875,246.799375,-98.1860625,-506.8266875,-209.8785625,42.9334375,-114.9540625,-152.88925,-97.950375,-163.36575,351.159125,46.9851875,30.0745625,-211.736125,-255.042375,-12.8576875,-290.173125
5.005439204155789,-101.7329375,233.0845,17.8748125,-32.8403125,-99.0914375,-75.2189375,30.84175,-113.6604375,-178.17675,-145.537625,-211.9751875,-59.2323125,-312.5915,48.2846875,126.4925625,-315.0068125,-388.90825,-144.0896875,46.9918125,-26.1761875,-153.9264375,120.9435,-116.34675,324.8078125,95.3829375,-206.0925,-8.6213125,7.78125,-211.7806875,196.1214375,-27.7264375,-341.3765625,174.1011875,-21.279625,-87.4159375,-173.26775,-36.4239375,-339.002875,-268.4541875,221.9580625,-247.1905625,-23.1365,93.824,342.2225625,-230.6485,-36.0905,-1.9996875,-450.2228125,-192.66275,80.383125,-100.2584375,-79.7524375,137.81775,-192.4941875,-145.104125,-269.829125,239.131625,-35.8831875,-68.3369375,-178.631,-187.539125,-229.2854375,-76.572875,-194.4796875,89.8576875,61.5639375,-278.9348125,44.8735,-419.7334375,-258.1168125,-1.906875,-201.501625,-76.687125,116.7656875,-218.739875,-139.407,-280.574375,-346.0681875,-283.83575,-83.0479375,7.6635,148.7355625,-28.75675,206.634125,-297.98175,-270.4464375,95.7810625,-88.0033125,18.4694375,-115.032,192.7659375,-307.4634375,137.359125,-284.1834375,111.849625,-230.2934375,-319.42725,120.102875,23.4058125,-221.853,-243.58975,-47.6935,240.211625,-308.0544375,-53.2878125,91.691125,-375.00275,-165.584375,-259.5296875,-154.6546875,-363.656375,177.284625,52.8155625,-250.528125,300.5611875,-115.2755,-557.0434375,-187.385125,38.419625,-119.2274375,-158.3723125,-55.0038125,-119.9345625,340.2070625,4.3975625,57.4961875,-205.4615,-314.1321875,2.857375,-307.5989375
5.009511726877858,-160.95275,261.4136875,14.2438125,-26.8138125,-170.17275,-64.7880625,28.9614375,-95.1630625,-122.954,-171.1590625,-205.7680625,-27.159125,-323.3640625,39.4796875,61.09725,-292.7526875,-381.4621875,-134.27675,39.1811875,-29.4793125,-128.135375,129.1935625,-193.1100625,296.0415625,108.5515625,-235.31725,3.9141875,76.533375,-168.5509375,219.2231875,-48.6514375,-337.8000625,179.680625,-23.9681875,-89.322125,-195.8985625,-106.7403125,-329.76125,-281.2489375,108.951125,-219.260875,-35.27,24.0955,393.874875,-186.3210625,-34.6439375,66.354125,-450.1873125,-240.351125,131.6383125,-130.8828125,-136.1408125,93.7825625,-155.8891875,-150.0553125,-286.2113125,223.200875,-63.01875,-103.990875,-198.710625,-217.724375,-232.904875,-79.46875,-203.242375,74.364,101.514125,-305.75375,67.3929375,-410.6725,-277.7276875,-34.139,-189.771625,-64.2444375,47.14425,-214.9573125,-168.0806875,-283.576125,-355.013375,-348.81025,-135.875875,-36.2430625,170.3844375,-3.360625,208.946375,-322.70025,-267.962125,133.677,-66.692,23.6709375,-171.3175,201.2765625,-287.358875,155.382375,-245.619375,136.7179375,-238.6484375,-245.2101875,104.8850625,19.5605,-230.9694375,-283.21575,-96.3625,272.82625,-334.7000625,-67.441625,84.6499375,-386.7339375,-186.8666875,-323.2039375,-141.638625,-341.5301875,123.309875,67.392375,-242.5523125,373.7885,-158.74425,-585.8710625,-140.7725,10.8845625,-128.6793125,-172.114,-16.084875,-66.98375,314.9358125,-47.5485625,78.695875,-200.4128125,-372.7623125,19.1405625,-327.9558125
5.013584249599941,-206.95725,258.43,7.7515,-25.7805625,-242.767,-52.405625,21.6654375,-79.3428125,-46.776,-194.647375,-201.8845,2.99825,-328.2243125,39.835875,-5.8819375,-265.564875,-388.2433125,-129.6351875,31.1310625,-32.823875,-105.95075,148.902375,-270.6459375,273.8771875,94.6759375,-264.240875,16.2254375,136.75725,-131.39175,257.7729375,-63.496375,-294.486125,167.343,-35.8314375,-93.4628125,-212.0055625,-169.4925625,-308.976625,-314.8148125,-10.9399375,-192.2591875,-55.4883125,-24.4669375,428.430875,-164.045125,-45.986,112.316625,-439.0645,-291.8309375,157.1008125,-127.41175,-177.7086875,44.491875,-103.598625,-153.0749375,-281.938375,167.3268125,-68.625375,-149.480375,-227.017875,-223.0873125,-234.9191875,-94.0565,-202.2405,58.6819375,123.9395625,-322.3381875,86.6083125,-409.6123125,-287.1248125,-51.23525,-177.7575,-45.9806875,-3.781125,-206.926625,-185.02475,-304.859,-365.1079375,-386.668625,-197.781875,-88.08375,182.3044375,29.818625,204.7529375,-329.7153125,-285.06775,169.5001875,-59.5650625,27.4309375,-244.70425,213.037375,-256.702,163.635,-205.422625,137.1224375,-262.227,-179.9371875,91.1115,12.4475625,-255.062125,-316.3830625,-154.08575,309.7880625,-336.385,-63.095875,63.3260625,-377.5674375,-213.8560625,-361.132875,-128.35075,-313.0225,79.5220625,105.3091875,-223.56875,453.405375,-216.4044375,-592.2395,-75.1469375,-27.6356875,-125.6823125,-196.15875,18.36675,-11.2851875,278.3118125,-109.0485,85.3283125,-196.2456875,-416.520875,29.459125,-339.0721875
5.0176567723220105,-236.7416875,229.0375625,4.1760625,-29.0489375,-299.580375,-41.3349375,11.4138125,-64.7275,38.8250625,-220.357,-210.2855625,23.9118125,-327.04575,43.351875,-54.220125,-239.312,-413.6286875,-127.469875,23.643875,-31.270375,-77.15325,178.22,-336.103125,260.8713125,69.6373125,-293.11125,34.598,178.42375,-108.23675,287.925625,-76.8821875,-228.6838125,126.6803125,-52.8576875,-99.95225,-217.9121875,-208.95125,-292.82925,-357.706125,-109.4538125,-174.218625,-69.8929375,-52.004375,438.4945625,-165.2035,-71.01975,128.1033125,-405.138625,-333.9616875,152.1610625,-102.1859375,-200.3051875,-2.227125,-42.884625,-152.167875,-258.2835,84.9641875,-68.364875,-201.630375,-247.5954375,-213.758125,-241.7078125,-116.311625,-183.872875,35.6141875,122.48925,-323.405,102.5385,-410.922875,-304.0300625,-49.9914375,-167.606625,-24.5398125,-20.557125,-208.592125,-185.3705,-339.6540625,-369.685875,-395.5778125,-257.4743125,-144.008625,181.195375,56.1384375,192.5950625,-317.168,-323.0553125,190.04275,-68.4035625,31.288625,-320.2719375,216.17075,-223.4813125,166.0246875,-167.916,111.48025,-288.0231875,-129.5855625,87.087125,15.0366875,-285.1634375,-337.7794375,-209.827125,350.799875,-317.115375,-33.5569375,37.000875,-349.6223125,-246.8384375,-366.995625,-120.351,-278.469,49.735375,158.936,-177.6064375,519.432,-273.5715,-579.3318125,-4.4273125,-62.9914375,-100.3525625,-225.927625,47.3468125,38.453375,236.043125,-173.11225,79.194375,-183.2355,-431.0405625,26.353875,-328.39225
5.021729295044094,-248.538375,184.398375,11.54325,-33.85625,-327.70225,-26.9251875,4.3620625,-48.3464375,122.6685625,-246.3903125,-232.3106875,31.66125,-308.8556875,43.794625,-84.7389375,-214.1416875,-442.5060625,-129.8020625,20.7405,-24.32375,-44.093375,213.658,-379.40875,249.0844375,45.829375,-312.3304375,59.3795625,195.3455625,-96.7243125,292.059,-97.289125,-166.592125,53.815125,-71.247625,-112.038375,-214.076625,-219.3400625,-285.1610625,-389.4509375,-176.655,-171.8589375,-66.33525,-67.082125,415.8344375,-184.1288125,-95.9025625,122.99525,-346.47275,-362.191625,129.0074375,-73.7525,-200.067375,-44.209375,15.3155,-143.9343125,-221.924125,-1.8469375,-70.013375,-252.6355,-240.56975,-197.12475,-252.898375,-139.1435,-144.2310625,-4.713125,102.6879375,-317.2270625,114.424375,-410.6331875,-338.238125,-33.3754375,-160.143125,-5.522,-12.01225,-224.1443125,-165.301625,-373.9073125,-360.77375,-380.914375,-298.72775,-199.2398125,170.095125,71.1378125,173.630625,-292.1709375,-365.9606875,191.518125,-95.2415625,30.1299375,-383.7831875,201.709875,-196.780875,164.0238125,-140.221625,77.4859375,-302.5910625,-98.6665625,93.19175,24.124625,-314.4045,-350.433625,-253.183,388.1911875,-286.8659375,17.0638125,16.208875,-309.4154375,-284.32875,-346.405125,-126.2338125,-243.2051875,35.86475,221.217,-97.229125,555.939875,-320.8226875,-549.5848125,50.1129375,-85.3504375,-64.403125,-259.4628125,66.3505625,77.344625,199.96375,-229.4784375,75.1955,-155.52375,-412.458875,9.264875,-293.2011875
5.025801817766177,-243.8610625,134.41675,26.379875,-39.70525,-323.6533125,-4.84725,5.9073125,-31.8421875,196.8255625,-266.1821875,-257.400625,28.1519375,-260.7203125,38.3865625,-108.5599375,-186.797625,-456.5088125,-137.028875,25.760125,-10.771125,-20.0951875,251.2050625,-393.0000625,230.763125,23.03875,-305.408,84.9075625,187.8554375,-88.712,270.8381875,-126.025125,-125.688125,-34.423875,-93.3784375,-135.2865625,-201.3225625,-209.737375,-276.2961875,-391.38925,-222.5214375,-185.0715625,-45.1045,-77.6799375,363.9489375,-209.0509375,-107.52175,113.1155625,-272.5594375,-373.6615,102.398125,-55.8733125,-173.04025,-75.4370625,62.0599375,-127.232,-181.6539375,-75.6315,-70.81375,-293.264375,-201.3605,-173.2559375,-258.3699375,-156.987875,-93.0143125,-64.7689375,78.1938125,-316.8389375,114.317125,-409.3590625,-382.87025,-5.182625,-150.9995625,4.044875,-3.6320625,-249.6193125,-130.0174375,-394.4810625,-335.4955625,-346.7046875,-313.2508125,-244.628375,159.1470625,76.4550625,146.584875,-262.2863125,-389.51225,182.444625,-135.8276875,16.71625,-430.9409375,172.5784375,-187.045125,154.931625,-127.6315625,62.0553125,-301.422125,-90.704875,109.247375,22.4161875,-338.1346875,-355.6385,-275.40575,409.6875625,-256.229,78.8899375,4.640125,-263.769375,-317.498125,-307.14225,-151.881625,-214.7898125,41.7201875,280.897625,5.5630625,559.0385,-351.040125,-505.8350625,72.444875,-95.067875,-39.052625,-296.46525,71.30825,104.8669375,181.918,-269.05475,85.3079375,-123.9036875,-372.3416875,-20.608875,-245.751625
5.029874340488246,-229.337625,84.74275,38.2519375,-55.291,-292.7458125,21.736375,12.6785625,-21.0378125,252.74075,-276.71025,-272.041125,23.26675,-184.2175,27.825,-136.4535625,-153.7736875,-448.7244375,-146.853875,42.5444375,11.2123125,-15.9684375,288.85975,-375.486125,210.2936875,-1.8116875,-270.79625,97.3716875,160.993125,-74.8111875,236.904375,-155.6168125,-107.868375,-110.0844375,-126.2768125,-172.4680625,-183.2776875,-195.5273125,-255.0440625,-353.9645,-259.5303125,-206.515125,-17.8394375,-88.193375,306.0841875,-227.1624375,-102.6160625,104.8469375,-198.1765,-366.3853125,80.4335,-53.7780625,-123.3678125,-91.5723125,88.6680625,-106.572875,-151.28575,-124.9003125,-63.790125,-322.6958125,-143.3281875,-142.5851875,-254.716375,-167.0154375,-45.5959375,-133.754875,59.1231875,-331.0500625,97.065125,-409.524875,-422.622875,30.86675,-136.2245,0.1991875,-13.5584375,-276.5136875,-89.6665625,-399.4035625,-297.2853125,-299.9156875,-303.0103125,-269.26675,160.4175625,70.0106875,107.805,-225.27325,-382.9211875,172.094125,-175.4185,-7.9398125,-463.8789375,140.40225,-206.83325,137.129,-128.3788125,77.4986875,-287.9895,-102.0009375,134.5843125,-0.75225,-355.9390625,-347.14925,-277.0635625,404.763125,-233.766875,134.374,-2.2773125,-214.87,-337.0406875,-253.5949375,-191.7565,-199.677625,69.741125,323.42975,107.4034375,532.526625,-356.3273125,-457.1044375,63.251625,-103.685,-27.874875,-328.865,66.960875,121.87675,184.1200625,-286.29325,104.60475,-102.7388125,-330.72425,-65.9926875,-204.58775
5.033946863210329,-212.822375,36.4935625,43.6168125,-91.2423125,-242.8734375,43.6179375,13.992625,-17.2025,280.8694375,-279.9389375,-273.5261875,26.5401875,-96.1048125,10.634125,-175.41025,-117.2354375,-423.1275,-151.09875,72.73525,39.4069375,-28.9581875,330.4216875,-337.1449375,196.0925625,-29.748625,-226.570375,80.8368125,122.650375,-51.85325,199.8385,-177.2760625,-102.625375,-160.1013125,-175.4109375,-216.2508125,-169.092,-189.3335625,-217.882625,-278.698375,-292.597125,-226.5156875,4.06675,-98.296375,266.75975,-236.724875,-85.8525625,87.917875,-135.8896875,-346.401375,64.11975,-64.21425,-64.7525625,-99.65,89.1075625,-90.12,-141.6283125,-147.1330625,-44.270875,-350.26025,-80.4699375,-110.591625,-248.806375,-169.1995625,-13.802625,-198.6511875,48.52625,-362.0381875,72.073875,-410.1410625,-449.94025,71.1710625,-117.033375,-16.1575,-39.096,-293.5038125,-46.660625,-395.692375,-253.767375,-252.4965625,-276.07925,-267.34375,175.764,49.630375,54.3621875,-173.0065,-355.6038125,163.5621875,-199.9159375,-30.7245625,-483.5105625,117.853625,-258.949125,111.3384375,-138.828125,111.816,-268.4741875,-124.885125,159.2459375,-36.434875,-369.804125,-313.83925,-268.860625,369.769125,-223.164875,165.471875,-8.9155,-161.12875,-339.1570625,-189.7324375,-234.103625,-199.7115,111.088,341.7979375,188.091,478.58475,-335.0270625,-417.8170625,35.268625,-122.4395,-16.78775,-343.65375,61.225875,129.406,197.4608125,-279.6040625,117.5825,-95.7346875,-302.9559375,-125.9168125,-180.050875
5.038019385932398,-200.3729375,-10.5564375,45.8635625,-146.9031875,-182.2005625,54.792,-0.0951875,-15.616375,278.3739375,-277.669125,-271.5790625,32.436,-13.8786875,-15.69975,-223.735625,-85.744,-389.7684375,-131.6529375,108.85875,71.6658125,-45.6076875,380.9351875,-298.6778125,184.201125,-60.6440625,-188.737375,33.6645625,81.643875,-29.356,159.4415,-187.434375,-94.7298125,-189.3515,-234.92225,-252.98375,-167.076,-197.9473125,-167.183375,-176.410625,-323.428,-242.447125,20.3421875,-105.357125,248.8650625,-245.7299375,-64.5641875,49.903125,-91.4170625,-324.692875,51.3915625,-80.3058125,-10.1868125,-112.7519375,68.332875,-82.1174375,-150.2105,-160.090375,-16.1945,-384.3604375,-18.5281875,-83.149875,-245.8213125,-165.3175,-4.3406875,-253.537625,47.2441875,-401.967375,52.1470625,-408.2428125,-464.491875,112.154375,-94.9135625,-38.9881875,-66.5726875,-291.578125,-0.536875,-390.136875,-217.21475,-211.3761875,-242.88975,-237.656625,194.267625,19.022125,-8.62175,-105.528,-327.1884375,160.761,-206.0568125,-35.176375,-489.4148125,110.288,-327.7865,77.3965625,-161.4293125,145.9155625,-241.4108125,-150.6145,165.972375,-64.8928125,-380.3775625,-252.0458125,-257.60675,308.319,-222.1821875,168.332125,-13.2673125,-104.160875,-324.2115,-123.8373125,-272.600375,-208.7594375,149.35275,339.90375,238.3721875,398.2186875,-298.995875,-398.6845625,-1.2105625,-153.961125,2.69125,-334.6826875,53.7044375,127.2426875,204.405375,-253.548,110.9928125,-100.4225,-292.76475,-189.2729375,-172.804875
5.0420919086544815,-193.762375,-55.349875,46.8859375,-209.51525,-121.6431875,57.224625,-34.054375,-12.462,256.5769375,-271.536125,-274.458625,25.606,48.8395625,-46.3749375,-271.0869375,-65.1221875,-361.5518125,-75.4416875,135.71075,104.7115,-55.8955625,437.2036875,-276.3823125,161.0709375,-94.67175,-160.136125,-26.6553125,41.655,-24.4191875,109.6509375,-186.5949375,-73.2904375,-200.9865,-289.8726875,-272.179125,-176.552125,-219.9635,-108.1206875,-60.92975,-352.248125,-256.8754375,35.207875,-112.796,235.5045625,-259.69325,-45.1364375,-2.9509375,-64.063,-306.85425,40.1548125,-96.4705625,32.1590625,-133.9285,40.189875,-78.945625,-166.049375,-194.7275625,7.1263125,-424.606375,38.0435625,-62.6209375,-242.8355625,-158.1880625,-15.421,-296.8224375,56.7695625,-437.823375,37.3168125,-403.96475,-464.9098125,151.924875,-68.468,-64.0611875,-84.72775,-272.3246875,41.206625,-388.301125,-196.61925,-175.270375,-214.9689375,-186.9514375,205.567625,-14.609375,-64.48225,-34.36,-314.81375,170.8595,-200.567375,-15.483375,-483.0298125,112.664875,-389.617,36.2003125,-197.8905625,166.781125,-202.1745,-165.5344375,145.3464375,-74.043375,-386.488125,-176.75225,-237.2273125,227.6800625,-224.861,153.01775,-17.0089375,-53.4703125,-295.93225,-62.8893125,-309.2261875,-213.80575,175.366375,323.188,259.2729375,294.8338125,-264.37325,-401.8756875,-40.0435,-195.684625,26.4260625,-306.60725,40.02125,115.363125,186.7875625,-219.0306875,78.9525625,-111.0289375,-294.849375,-242.74475,-179.7019375
5.046164431376551,-187.819375,-97.5420625,43.3694375,-264.6883125,-71.552,57.4896875,-81.261375,-8.8806875,233.915125,-265.1495625,-278.93025,2.73175,78.9234375,-72.2754375,-305.2198125,-55.11975,-346.3948125,5.446375,143.9033125,126.499,-59.802375,489.369,-269.287,119.214,-131.475875,-136.0265625,-80.33325,-0.7193125,-47.7174375,45.415125,-176.276,-39.139125,-189.3621875,-331.8410625,-269.395125,-188.6248125,-248.6004375,-50.4943125,54.071,-375.0396875,-268.22325,44.843125,-129.899875,213.0228125,-276.9639375,-33.22875,-48.8565,-46.681,-288.827,28.314875,-106.5708125,53.6601875,-151.7358125,13.5570625,-75.2715,-179.7986875,-267.3751875,8.788625,-467.697875,79.955625,-52.731875,-235.174625,-150.882125,-34.180375,-328.378,76.320875,-463.8008125,18.06725,-395.9876875,-448.095625,191.0249375,-33.45175,-92.9311875,-87.70675,-248.6436875,68.429125,-394.715375,-187.564375,-139.7140625,-200.0295625,-136.4879375,206.617375,-42.0554375,-100.66125,26.0605,-319.685375,196.65125,-194.1570625,20.1515,-469.137625,117.480125,-427.435625,-4.249875,-243.109125,169.136625,-159.416125,-157.655375,106.8095625,-66.559875,-388.8833125,-112.1698125,-198.268,137.52625,-224.924,131.9265625,-30.6109375,-18.1279375,-261.2213125,-5.5210625,-348.7359375,-203.2298125,192.71975,296.2640625,253.107125,173.2286875,-235.9439375,-419.8963125,-71.317,-243.5685,48.69225,-268.4465,18.5611875,98.4585,139.928125,-189.12575,26.4138125,-117.95975,-302.0201875,-280.4511875,-195.7043125
5.050236954098634,-173.5543125,-137.6773125,27.4418125,-307.85075,-34.4820625,59.906625,-127.5605625,-8.9349375,215.0058125,-260.112625,-274.902125,-23.565375,69.9044375,-86.35,-318.7934375,-55.3529375,-340.044875,77.6949375,136.801375,121.3108125,-62.2578125,530.486375,-263.787375,63.0014375,-169.5658125,-110.0936875,-121.151125,-45.440625,-98.8278125,-31.7663125,-161.738,-2.6881875,-150.8035625,-361.3149375,-245.603625,-195.4266875,-278.1281875,-7.1128125,150.933375,-381.653625,-271.0648125,40.181375,-159.46275,186.94675,-293.3441875,-32.6694375,-70.0196875,-30.2350625,-263.19325,16.47575,-107.4808125,45.9591875,-155.3396875,-10.0541875,-67.86225,-187.8086875,-369.62625,-19.5280625,-512.9645,96.7163125,-62.1635,-225.27825,-146.3361875,-45.374,-347.683875,104.1786875,-484.246375,-9.7405625,-377.8689375,-411.775125,227.9385,14.2503125,-125.4928125,-72.6760625,-229.2580625,78.023,-409.608375,-174.8298125,-96.425375,-197.485625,-113.4078125,198.7325,-57.625375,-124.2810625,63.6241875,-324.13925,231.8014375,-189.9805,59.9058125,-455.5460625,124.6326875,-435.4955,-35.4290625,-290.156375,157.14125,-131.55775,-126.607,72.659375,-52.668625,-390.2375,-69.179125,-143.6289375,51.9365625,-220.30025,116.04325,-58.1316875,6.513375,-224.0278125,53.2791875,-390.375,-177.7541875,207.597875,265.73125,218.7743125,43.143,-208.2168125,-437.1755625,-86.7848125,-290.0549375,70.2695625,-229.8560625,-8.9683125,80.332375,77.275875,-173.125625,-28.9951875,-112.7488125,-315.4984375,-300.938875,-213.6969375
5.054309476820717,-144.799375,-176.0073125,-5.5415625,-341.8538125,-6.2905,61.435625,-164.7815625,-16.6025,184.48,-251.2133125,-257.7671875,-41.1108125,29.71675,-83.7288125,-311.4246875,-67.140875,-330.0131875,113.04675,121.4946875,83.7661875,-67.7735625,560.21475,-248.2679375,1.1060625,-204.494,-82.885375,-153.5799375,-83.73175,-167.7414375,-111.27725,-149.6645,25.4995,-93.0845625,-377.6383125,-205.7674375,-197.0366875,-304.186375,13.3119375,209.6488125,-362.8,-262.4309375,16.8668125,-196.9338125,174.095625,-306.01875,-40.4399375,-66.3994375,-11.6778125,-229.8273125,6.948875,-104.46925,10.430875,-143.517375,-28.06025,-53.3139375,-189.5883125,-478.9908125,-68.9229375,-559.3586875,83.2345625,-98.7956875,-220.82875,-144.4311875,-45.2930625,-352.85975,141.6028125,-503.228125,-40.8935625,-347.252125,-360.1863125,256.3325625,70.668,-154.27325,-38.5365625,-208.6464375,74.5291875,-430.1215,-148.633875,-36.8653125,-201.49575,-132.062375,184.79325,-62.3804375,-153.899625,68.938,-303.9329375,265.8556875,-180.3121875,94.88125,-451.5356875,139.0975625,-414.69725,-60.895625,-336.9753125,140.0554375,-129.96575,-81.444125,58.943,-41.9015,-389.6793125,-40.83775,-90.0174375,-14.1029375,-214.808625,113.302375,-87.035875,36.2615,-179.656125,114.881375,-428.9065625,-149.8265625,218.1768125,236.855,157.5945625,-79.7564375,-175.1920625,-439.4825625,-91.184375,-324.755125,94.5974375,-204.0313125,-36.977875,56.20575,15.34075,-172.2200625,-67.444875,-94.427125,-343.039625,-300.542125,-228.7019375
5.058381999542786,-100.751375,-213.045875,-51.4869375,-366.55425,15.3235,59.2555625,-196.4515625,-33.381,129.8685625,-229.488625,-234.377625,-46.0338125,-22.661625,-62.991,-284.023125,-86.1919375,-304.2505,107.6604375,103.5190625,26.4429375,-78.2296875,581.561125,-221.7149375,-57.832375,-230.004375,-63.3098125,-179.3898125,-104.47825,-235.5709375,-177.88925,-142.0073125,41.3656875,-34.4583125,-379.8583125,-155.8480625,-199.1684375,-320.0315,11.777125,219.91975,-324.1003125,-245.09525,-22.69675,-238.6615,186.543625,-312.535375,-47.9490625,-54.44875,4.089125,-196.3674375,-1.6685,-105.6235625,-42.97275,-116.862,-36.9906875,-28.139625,-184.82625,-566.9903125,-124.9406875,-603.8801875,42.0813125,-163.2468125,-227.825125,-139.0655625,-42.334375,-346.6011875,186.517375,-515.1406875,-68.69975,-309.1324375,-308.1785,270.22875,122.990125,-171.154875,13.6855625,-176.89125,65.7346875,-455.8045,-112.8146875,38.023125,-207.505625,-184.3445,168.1035625,-57.7746875,-201.7391875,42.9004375,-245.9304375,291.3549375,-160.7444375,118.5825625,-463.1939375,161.8403125,-370.1284375,-90.2825625,-389.037,123.402625,-149.89775,-35.3099375,63.084625,-39.4473125,-383.8021875,-21.066625,-54.9670625,-53.5603125,-215.3370625,123.3995,-100.8256875,77.15375,-123.9910625,177.0719375,-462.24725,-133.619,219.751,211.846625,81.0696875,-179.593625,-133.8474375,-424.5199375,-98.4275,-339.89975,115.54375,-201.884375,-60.1628125,17.4100625,-44.0973125,-180.043,-80.510875,-68.59075,-379.677,-275.462125,-242.5195
5.062454522264869,-44.505125,-247.589625,-101.6680625,-378.161875,28.084875,59.2463125,-231.4739375,-54.5429375,61.1026875,-191.39825,-211.44775,-37.07925,-69.99725,-27.7063125,-233.405875,-102.6390625,-259.6429375,76.4790625,90.845875,-29.3448125,-89.8808125,594.8255625,-192.8945,-104.98075,-244.2101875,-57.6620625,-190.309,-99.450625,-283.8311875,-220.0619375,-139.662625,46.22525,5.9291875,-374.4836875,-99.996,-203.7165625,-319.5594375,1.096375,187.126875,-289.988375,-225.656125,-74.7140625,-280.052,224.613375,-310.953,-52.8744375,-50.610125,6.243875,-169.4255,-13.350625,-112.2363125,-105.8378125,-74.5041875,-37.46825,9.420125,-174.5029375,-611.95625,-183.498,-643.71175,-16.0606875,-244.9445625,-246.462375,-124.25575,-42.425125,-338.0215,227.780875,-509.1139375,-86.6418125,-269.0758125,-273.999,273.2965625,161.2025,-177.5796875,79.8896875,-130.4071875,61.0939375,-490.9770625,-78.3275,121.2688125,-214.2993125,-245.6435,154.304,-41.3285625,-264.5454375,4.7324375,-160.928375,300.980125,-141.31625,131.8701875,-489.4845625,190.3536875,-308.117375,-123.6931875,-448.7539375,106.687625,-171.5796875,-1.0296875,71.4184375,-44.4154375,-375.7130625,-16.685375,-44.513125,-70.212,-225.575375,139.4825,-96.13775,115.36375,-63.5275625,234.724,-484.5210625,-138.508625,215.228875,193.2688125,11.7486875,-245.93775,-87.72925,-402.4518125,-115.580375,-333.4373125,117.2225625,-218.2618125,-74.473,-40.63375,-110.4850625,-189.1886875,-72.75975,-40.0958125,-403.809125,-228.9750625,-257.9859375
5.066527044986938,17.2240625,-277.5219375,-149.947875,-372.87625,29.59525,67.7375,-273.0798125,-73.4730625,0.9824375,-145.0758125,-184.3543125,-10.985375,-107.6441875,17.042125,-161.00625,-111.7125,-205.499625,36.7353125,90.195625,-68.7905625,-95.68525,594.0828125,-171.40725,-134.2518125,-247.018625,-66.2025625,-179.0669375,-65.4800625,-308.9095,-234.492375,-145.817375,44.251,17.6315,-372.4129375,-44.1486875,-206.97875,-306.0829375,-1.9035,128.7905,-285.654625,-209.8285,-138.7588125,-314.05325,276.7971875,-298.957,-64.23175,-61.3556875,-12.8495,-150.3336875,-29.72775,-116.7449375,-170.60125,-20.0075625,-33.4081875,57.01625,-162.098875,-610.71375,-248.35825,-672.4674375,-76.8194375,-324.2241875,-272.6758125,-100.387625,-42.21875,-334.482875,252.206,-480.238875,-85.965875,-229.6735625,-266.415625,277.7615,185.540125,-183.633125,151.1535,-75.35,68.4765,-538.92975,-58.7731875,206.9380625,-222.44825,-294.0384375,146.9498125,-10.900875,-323.26525,-19.49875,-78.8045,284.4669375,-139.410375,141.5685,-523.5185,223.5378125,-233.1898125,-150.37375,-504.55175,85.4154375,-174.1096875,13.528,71.7351875,-49.6116875,-370.9999375,-34.580125,-48.6058125,-69.2130625,-243.5083125,155.6189375,-81.008125,135.080375,-8.7831875,280.872625,-479.1866875,-164.7469375,209.4106875,183.702125,-29.497375,-278.6023125,-50.8410625,-386.808375,-137.63625,-305.890125,93.7240625,-236.401125,-76.9290625,-116.9224375,-185.4268125,-194.2798125,-53.31175,-10.49525,-397.3338125,-173.559625,-274.2389375
5.070599567709022,76.4520625,-302.4188125,-194.43825,-346.5998125,19.1834375,82.1283125,-315.2871875,-86.7420625,-34.8443125,-105.8869375,-148.5629375,32.480875,-141.891375,66.8023125,-83.54975,-115.222625,-159.6244375,-0.94225,98.2260625,-89.404,-95.3871875,572.3316875,-163.324625,-145.4843125,-235.5481875,-90.06525,-152.8530625,-6.4391875,-324.39075,-229.2505625,-159.0671875,42.7585625,-2.0631875,-379.7190625,2.7563125,-209.8183125,-295.1940625,14.2831875,66.067875,-316.254125,-199.3075625,-215.4618125,-335.024625,326.7079375,-273.26675,-89.317625,-90.27975,-44.712375,-139.8095,-49.534,-108.8285,-227.5554375,35.843125,-29.2126875,105.7915,-151.1593125,-574.294375,-318.375375,-677.2738125,-129.101375,-386.090625,-302.3129375,-73.3854375,-41.1060625,-338.3370625,251.5730625,-429.6761875,-60.7234375,-191.486125,-281.2993125,288.9898125,201.971625,-199.2140625,212.7865625,-21.263375,86.3665,-596.8186875,-61.1805625,284.2670625,-233.26675,-324.243125,137.7111875,28.276875,-354.9466875,-15.6635625,-25.61825,239.0045,-165.0486875,149.696125,-558.8180625,260.8743125,-151.2548125,-161.9728125,-539.790125,58.045,-152.19475,5.6250625,58.300875,-47.5810625,-365.946,-67.1611875,-47.5811875,-49.792,-261.7249375,165.6224375,-66.513625,134.61525,35.995375,308.866875,-435.835,-202.1613125,199.38125,182.96125,-39.5644375,-287.2699375,-38.5878125,-383.195,-158.562125,-259.8864375,57.4740625,-246.09125,-73.060125,-203.357,-256.2888125,-192.9986875,-29.2818125,20.15275,-362.9218125,-126.44075,-288.30975
5.074672090431091,126.8251875,-320.178125,-233.63375,-298.6519375,-3.4113125,95.7340625,-349.0351875,-87.6850625,-47.446375,-89.1786875,-111.3264375,82.820875,-178.4885,117.109,-23.2909375,-116.1895,-141.0008125,-34.227875,101.5684375,-99.725,-99.8445,526.9075625,-173.0120625,-141.6535625,-208.578375,-132.43375,-123.5865,65.8723125,-345.776875,-219.4425625,-173.62825,47.371375,-50.3759375,-396.1996875,38.214,-217.6403125,-303.953625,54.282875,15.286875,-365.4046875,-194.2696875,-298.2514375,-340.2089375,365.5723125,-233.4604375,-122.2021875,-138.156,-69.4305625,-137.747125,-73.883625,-83.676625,-267.6425625,80.862875,-29.3410625,144.85575,-143.4239375,-517.0121875,-383.223875,-649.807875,-164.7956875,-427.9604375,-328.866625,-51.62,-47.0419375,-349.289,224.4295,-360.987875,-14.0245,-153.819875,-306.612,299.2219375,213.0568125,-224.46375,251.6075,26.35275,102.6584375,-659.5475625,-75.9970625,335.4275,-249.2258125,-338.6356875,111.1134375,66.387,-350.1394375,13.6758125,-10.667625,176.7531875,-212.25525,154.2434375,-594.1420625,295.753,-72.30225,-161.725625,-549.41875,33.933625,-114.52,-22.81875,34.9605625,-38.263875,-356.00475,-97.9014375,-28.37075,-11.0960625,-267.672375,159.6771875,-65.6135,118.8195,75.26625,313.4335,-363.2023125,-235.8989375,178.377625,186.755375,-32.417375,-285.5185625,-50.83725,-386.7500625,-180.576625,-203.600125,21.717375,-248.334,-73.937375,-284.48675,-310.12975,-189.739,-2.4958125,51.242125,-316.71325,-100.0719375,-292.4118125
5.078744613153174,162.063,-327.78625,-262.829875,-238.980625,-38.1095625,109.4255,-367.496875,-68.0603125,-50.1416875,-103.987625,-83.1776875,124.6154375,-215.488875,166.192875,10.083,-118.17675,-155.1978125,-65.502625,85.8718125,-112.14925,-119.976375,459.718,-199.82025,-122.74125,-169.3771875,-194.583875,-91.8891875,133.8704375,-376.07375,-215.766625,-187.5853125,57.8284375,-116.698375,-417.127875,67.6914375,-226.7930625,-337.3704375,112.3746875,-16.2255625,-410.1475,-196.261125,-372.3105625,-328.8265,393.801875,-185.7440625,-153.6006875,-194.314625,-75.2634375,-138.08925,-105.347,-45.021625,-283.4820625,110.600625,-35.2855,168.8679375,-138.6005,-451.2623125,-430.6846875,-597.58975,-177.1473125,-451.3203125,-347.337375,-39.778,-66.361,-363.5346875,178.55825,-285.1540625,44.19825,-116.013,-330.005875,298.321375,216.2506875,-249.8453125,264.176375,62.899125,107.7301875,-720.38325,-86.8038125,348.1614375,-274.1573125,-337.5369375,62.4088125,97.380375,-318.5310625,54.5665,-33.43675,114.68425,-262.2473125,154.11125,-631.566625,315.5988125,-5.806125,-159.58,-541.597,27.0659375,-69.09675,-66.970375,14.135,-26.7310625,-344.639,-114.590875,3.75775,41.4408125,-251.7196875,132.861875,-85.3298125,91.32425,113.8719375,293.3118125,-278.6405625,-253.9315,145.994125,188.577125,-24.5535625,-284.7835625,-69.667875,-393.48525,-208.2619375,-147.726625,-8.571375,-249.105125,-82.1010625,-348.7660625,-347.5284375,-191.0316875,30.1531875,79.525875,-268.1256875,-94.2473125,-276.6068125
5.082817135875257,177.5205625,-326.5015625,-277.3935625,-184.8536875,-81.9036875,134.04675,-365.0335,-33.7078125,-54.4620625,-144.5935625,-69.9350625,150.8069375,-246.78525,209.9981875,23.7239375,-125.7479375,-189.9198125,-94.295,45.26575,-132.773625,-154.4061875,373.1970625,-233.1966875,-86.8010625,-120.913875,-270.9108125,-50.653375,181.3751875,-408.37525,-218.887,-203.61525,72.3566875,-186.533,-433.4899375,95.055375,-227.40775,-388.80125,168.9373125,-30.9259375,-435.749125,-203.2289375,-425.59725,-305.023875,409.386375,-142.9245,-181.51,-240.545125,-61.982875,-135.774875,-142.29325,-0.2733125,-268.6343125,133.2193125,-41.7633125,177.3713125,-134.9619375,-388.404125,-455.229375,-539.4716875,-166.0441875,-457.9193125,-362.8459375,-34.1784375,-96.5358125,-374.1761875,128.19425,-219.672375,102.127125,-77.78875,-344.1604375,284.65125,211.116875,-262.485375,250.0685625,85.025625,103.145625,-766.0845625,-82.40125,327.39525,-307.9220625,-322.742,3.4334375,118.3954375,-279.5860625,91.9816875,-87.254125,63.54575,-297.2449375,145.4199375,-668.5965625,310.5340625,45.420375,-162.4029375,-529.5834375,43.18975,-18.719875,-122.387,7.3583125,-17.2728125,-334.171875,-113.14475,33.136375,93.2148125,-216.13075,92.5423125,-116.3103125,59.3303125,148.48075,255.5866875,-198.12625,-251.8480625,109.6868125,181.339125,-20.0405,-289.2395625,-73.23675,-406.671625,-237.1629375,-99.643125,-28.5914375,-252.6606875,-86.8285625,-398.8595625,-376.0325,-191.6580625,66.9418125,101.3446875,-215.5978125,-102.0823125,-242.6985
5.086889658597326,178.296875,-324.020875,-279.5628125,-150.819,-126.5201875,176.9020625,-335.4526875,-5.3763125,-63.3059375,-192.265,-71.9531875,162.7795,-270.20375,236.6289375,27.3580625,-139.2305625,-230.7938125,-112.5869375,-14.2415625,-160.0154375,-193.8991875,270.8284375,-254.546125,-35.715625,-61.681625,-344.949125,4.00125,200.6776875,-437.63725,-223.6834375,-223.2804375,91.8056875,-248.1333125,-436.7670625,117.937625,-219.79525,-446.1168125,196.9904375,-37.4678125,-437.8905625,-201.7905,-457.075125,-277.379625,404.6201875,-116.2125625,-208.7304375,-265.3765625,-31.097375,-132.8608125,-178.6669375,42.745875,-221.012875,161.8225,-40.7124375,169.6238125,-129.4,-339.8854375,-463.2433125,-496.39925,-139.4868125,-450.9698125,-382.1353125,-26.2533125,-131.154,-377.165,86.8446875,-177.3133125,146.20975,-38.3555,-345.3486875,263.17025,200.8280625,-248.7113125,206.7824375,92.6735,95.3738125,-782.2291875,-62.3083125,290.813875,-342.96075,-300.09275,-51.12225,128.103875,-247.3629375,114.3723125,-158.662625,28.26375,-309.8294375,121.7023125,-691.931125,276.005625,85.3786875,-168.9086875,-522.87375,76.6999375,31.8670625,-181.9443125,15.6565625,-10.597,-319.2385625,-98.06625,50.893875,126.3423125,-169.8545625,51.0300625,-140.1381875,33.283125,173.147875,215.712125,-132.4851875,-236.26775,75.121125,157.7465,-11.5958125,-296.2329375,-50.3358125,-429.1043125,-254.0165625,-61.866375,-35.413375,-254.692125,-78.055625,-441.4573125,-395.7520625,-172.6720625,96.247375,114.6763125,-154.4990625,-116.62425,-208.4210625
5.0909621813194095,173.17675,-328.405625,-277.5001875,-143.5783125,-160.475625,228.0005,-280.591625,1.047625,-78.207125,-227.2049375,-81.772125,159.5310625,-292.3364375,237.8498125,21.027,-148.6065625,-270.1955625,-109.6973125,-79.89075,-189.19,-232.7399375,162.857375,-248.68425,21.6666875,8.764125,-395.8126875,69.5204375,196.669875,-463.635875,-222.5628125,-243.6136875,120.914,-294.357,-426.40275,130.216625,-212.9688125,-494.8538125,177.888125,-43.4014375,-420.0018125,-174.3655,-471.9445625,-250.35125,370.9416875,-103.9631875,-236.442875,-273.76775,15.20375,-130.72325,-207.222125,74.3944375,-147.61475,200.114,-27.116625,146.168125,-115.823375,-312.529,-468.152125,-482.4731875,-110.832375,-430.01025,-403.76075,-9.1195625,-167.3115,-375.0856875,62.161,-160.3919375,164.209125,1.4526875,-333.1643125,238.4060625,186.1770625,-198.77575,140.787125,84.40275,85.142875,-768.1064375,-39.42525,255.290625,-370.7579375,-274.8753125,-94.5509375,127.7731875,-221.297875,111.461625,-232.4075625,12.5938125,-300.150375,80.0640625,-681.9539375,212.1949375,118.1725,-176.1753125,-518.434375,116.1135,75.5795625,-231.8403125,32.134625,-4.582125,-294.6420625,-80.6089375,56.175375,134.869,-119.3209375,11.8695625,-145.1635625,16.3439375,186.3376875,185.6203125,-85.4025,-222.017625,40.94,114.586,4.5204375,-302.4508125,-9.0540625,-456.8794375,-248.1480625,-35.4735,-33.9899375,-243.4674375,-59.4765625,-471.188,-398.8588125,-121.4535,106.5080625,117.5863125,-85.2128125,-129.42275,-191.1918125
5.0950347040414785,160.266,-338.8561875,-274.7064375,-160.6290625,-175.164375,269.59425,-215.4398125,-14.611,-103.656375,-237.081375,-85.9595,135.9539375,-320.72925,220.0428125,1.405125,-141.4014375,-302.6055625,-87.058875,-140.1465,-212.426625,-268.190625,65.7635,-219.4651875,72.1429375,83.7861875,-410.6683125,138.229,181.0816875,-486.7881875,-205.70825,-259.1611875,165.7211875,-322.1008125,-409.2875,125.3853125,-211.1375625,-524.5625,112.2214375,-49.8745,-390.7449375,-118.8196875,-471.4094375,-224.7729375,300.306625,-96.3664375,-260.827125,-280.8235,69.9191875,-127.1225625,-221.8376875,89.4913125,-66.862125,239.8035625,-1.495375,111.23775,-91.1833125,-302.5868125,-474.250875,-492.486875,-94.95325,-391.6326875,-423.271375,16.71325,-203.0340625,-368.7855,52.239625,-161.35325,152.8903125,36.2446875,-315.58725,212.4050625,164.07675,-119.536125,73.6558125,58.099,64.9104375,-737.4646875,-31.30925,226.952,-390.222125,-248.2303125,-125.072625,118.2540625,-191.058125,79.792375,-299.2398125,16.4446875,-273.731,24.3556875,-625.250375,128.987875,141.3293125,-187.3259375,-506.23725,151.951125,108.08925,-258.49425,51.425,0.54175,-265.6978125,-67.8246875,43.314,129.3591875,-68.3516875,-30.8709375,-130.3273125,1.7889375,188.49,162.6250625,-55.692125,-220.671625,1.7219375,55.0605,21.3666875,-306.4305,30.1371875,-480.3994375,-219.4393125,-21.015375,-29.7246875,-212.621625,-41.6979375,-475.36,-378.9063125,-47.9755625,98.665375,109.197875,-19.3483125,-130.4115,-193.9565
5.099107226763562,134.84525,-349.038125,-266.1910625,-189.632625,-165.6144375,295.844875,-156.4460625,-42.53475,-140.8590625,-221.6701875,-75.0255,89.2084375,-349.5645,194.868125,-26.631375,-113.7373125,-324.499375,-59.847625,-187.5905,-218.9035,-292.958875,-3.903375,-190.27475,104.7693125,153.5170625,-390.4495,202.03925,158.34875,-507.5831875,-168.9631875,-263.9964375,223.9159375,-328.459,-392.524875,97.9221875,-212.2013125,-535.7206875,17.015375,-54.5595625,-356.6921875,-53.3855625,-449.3113125,-202.484875,193.7944375,-89.481125,-275.9486875,-295.4930625,122.1326875,-126.5173125,-220.409375,92.1803125,-3.104375,271.5378125,28.15575,65.262625,-62.70625,-298.115375,-471.35725,-503.166625,-96.581125,-341.893625,-439.812875,44.916,-234.447375,-350.4146875,47.1794375,-168.8946875,121.49325,55.788375,-307.3111875,180.7129375,132.5436875,-33.964375,30.39975,19.145625,27.933125,-701.9166875,-45.303375,201.12425,-404.144,-218.1603125,-140.2884375,97.67075,-150.7795625,28.77275,-359.0603125,27.5385,-243.599125,-35.2508125,-525.5923125,44.91475,150.2656875,-203.7090625,-481.885,181.013,127.350875,-261.546,71.5455,3.0945,-241.825875,-56.963125,3.0501875,123.1619375,-17.31525,-80.9961875,-101.10075,-17.6709375,180.85675,136.853125,-39.5066875,-233.48625,-47.26625,-10.40475,30.3288125,-308.0475625,53.27675,-488.9195,-176.1524375,-15.4048125,-22.4643125,-169.20925,-26.925875,-447.3635625,-334.44975,24.673875,83.0674375,91.3561875,25.6565,-111.6708125,-211.3725625
5.103179749485631,104.6209375,-354.3311875,-248.35425,-215.397375,-125.9196875,312.84875,-110.41375,-72.291125,-182.547375,-190.030375,-49.1015625,22.0505625,-359.26075,164.5985,-49.5871875,-66.541125,-339.4749375,-39.9571875,-217.7103125,-201.835875,-298.7794375,-34.2299375,-180.0450625,112.8200625,211.459375,-346.548,254.0095,122.3164375,-525.1745625,-120.189125,-251.147375,281.5508125,-308.0785625,-383.27925,44.6916875,-215.116625,-538.44625,-85.10675,-59.185125,-316.35025,0.0106875,-402.2845,-183.6535625,69.424,-88.8821875,-275.482,-313.414125,159.089625,-137.075625,-203.84925,90.4360625,29.1484375,294.3024375,52.81525,4.691125,-41.0875625,-287.7723125,-446.796625,-493.3974375,-106.128875,-298.824125,-455.7631875,70.1766875,-261.995,-313.4685,36.3794375,-177.9071875,89.7235,49.595,-314.3571875,133.1914375,93.61475,35.85775,23.44625,-18.0341875,-21.2915,-661.1066875,-75.03775,172.7294375,-406.4845,-184.1954375,-137.9740625,66.45875,-100.319625,-24.882,-415.9369375,25.8381875,-225.0445625,-83.5920625,-404.8450625,-26.9409375,144.8885,-213.06875,-444.766375,204.85425,131.74825,-253.9235625,90.3256875,4.04625,-225.486625,-43.0173125,-60.25825,119.6181875,37.6669375,-134.78575,-68.33575,-43.117125,166.8105625,107.493625,-30.53525,-251.50125,-103.701125,-67.41475,32.73175,-307.9104375,60.1756875,-476.75375,-131.573875,-13.2128125,-13.4425,-125.32825,-8.0303125,-392.69325,-267.9814375,79.397,63.42525,64.729875,40.554875,-75.306625,-236.7050625
5.107252272207714,85.651125,-350.465875,-226.2439375,-231.3101875,-54.29375,321.1786875,-74.5894375,-97.9566875,-217.770625,-150.128125,-15.140625,-56.5844375,-333.9058125,125.799625,-55.350125,-0.9084375,-356.177625,-27.0985625,-227.073375,-167.866625,-285.644,-19.258875,-184.4721875,93.300875,254.6775,-295.8423125,281.699875,71.4909375,-534.7449375,-74.93775,-216.67775,325.03825,-258.269375,-387.973,-31.9136875,-223.81325,-544.0855625,-172.6791875,-69.9284375,-263.268375,32.28575,-339.058375,-167.2575,-49.20075,-103.0518125,-251.673,-322.8955625,167.5469375,-152.643875,-173.8923125,90.0525,32.57725,313.570125,70.73025,-65.21175,-31.361875,-265.4938125,-396.6575625,-458.4235,-113.7929375,-276.130875,-474.012125,85.5344375,-292.108625,-260.9248125,16.0945,-191.6626875,77.0410625,12.7534375,-324.84475,65.96475,47.889625,77.226,45.0559375,-36.5941875,-68.03475,-612.2285,-109.3136875,142.3,-382.231625,-152.9941875,-120.6246875,32.7444375,-35.5715,-66.00175,-473.8273125,-1.890125,-226.1600625,-106.789125,-292.736375,-86.3913125,129.1678125,-198.430125,-394.6255,224.1416875,119.1851875,-244.1398125,101.7039375,4.1575,-215.7190625,-28.4835,-125.276,114.12975,95.6355625,-185.6105625,-49.3825625,-69.23225,148.68725,84.6710625,-23.0435,-265.6708125,-153.3169375,-108.927625,34.4160625,-305.0905,56.2491875,-445.987,-100.5743125,-9.7684375,-10.0091875,-85.58875,16.0698125,-328.445875,-186.67275,109.1635,33.2510625,26.0495,26.09675,-36.459625,-259.561625
5.111324794929797,85.239125,-331.1643125,-207.8766875,-239.7965625,38.2025625,307.8863125,-41.662625,-116.4955,-241.37475,-105.7346875,15.434125,-132.5560625,-272.5085625,81.9581875,-39.0300625,76.2944375,-377.769875,-17.306,-213.9511875,-134.318125,-262.6011875,35.53775,-183.8010625,50.6340625,278.2445,-255.4274375,269.6555625,17.349375,-531.45225,-46.247,-166.29075,350.8471875,-189.996625,-402.035625,-123.4286875,-243.979375,-557.788375,-229.9296875,-88.5783125,-196.965,47.5008125,-270.6393125,-153.1765625,-150.386375,-133.824875,-200.66825,-315.3464375,144.533,-154.49575,-138.3524375,91.535125,20.035125,332.1695,83.33675,-129.821375,-33.801125,-229.466625,-328.4286875,-408.7109375,-118.2253125,-272.858875,-497.222,79.874625,-329.8209375,-197.7209375,-4.95875,-213.8218125,83.0505625,-49.2288125,-317.782625,-7.7015625,-1.9270625,86.975625,72.5746875,-26.9564375,-97.0708125,-559.4849375,-139.56825,109.9201875,-324.7039375,-134.242625,-96.2570625,5.582375,44.8094375,-87.852625,-536.0833125,-53.832125,-247.224125,-102.5351875,-210.25425,-135.1988125,108.4458125,-156.4123125,-337.7979375,232.1643125,86.5883125,-230.37725,93.2485625,2.375125,-214.87375,-25.923375,-171.0170625,102.147625,148.472125,-227.6060625,-61.099375,-88.205125,126.4681875,75.8590625,-18.7133125,-277.4489375,-178.67825,-137.954625,32.236625,-298.1823125,45.712625,-403.220375,-91.2479375,-1.9784375,-17.640625,-47.52675,32.069125,-275.0811875,-104.57575,110.7531875,-10.0590625,-26.214375,-14.0898125,-13.045875,-270.786375
5.115397317651866,94.076625,-291.79,-197.294875,-241.6741875,131.2343125,261.4823125,-7.0020625,-124.4765,-252.8898125,-61.491625,30.487125,-190.9691875,-182.988375,40.1679375,2.68875,148.4665625,-397.4968125,-14.1773125,-181.9760625,-116.1229375,-241.8175,106.477875,-163.778,-3.9380625,274.481625,-230.794125,216.446375,-27.626625,-516.2683125,-37.792625,-111.2493125,363.8996875,-126.6356875,-406.978375,-218.7093125,-271.576875,-579.7865625,-255.252875,-107.1,-128.08275,53.3105625,-198.397375,-143.929875,-235.174875,-171.9768125,-127.95475,-290.4083125,105.72875,-135.268125,-109.1109375,92.4608125,6.75425,345.681,89.7998125,-178.23625,-46.0815625,-185.22475,-256.648,-360.516,-121.2665,-280.4854375,-526.3831875,47.771875,-372.8566875,-126.116875,-14.055625,-239.407,84.9335625,-119.0541875,-281.767625,-61.8835,-44.3235625,72.9903125,83.4169375,6.8103125,-103.548,-508.67375,-165.6515625,74.1489375,-247.9363125,-133.7618125,-73.401125,-14.6336875,128.225,-94.702625,-602.8446875,-113.819875,-282.1161875,-77.48675,-159.835,-168.82275,85.260875,-97.736375,-287.9973125,222.683125,32.37275,-210.443875,53.4920625,-2.397625,-227.9394375,-44.369,-192.3733125,83.0536875,190.510625,-255.542625,-107.1543125,-93.459625,99.71975,79.1576875,-27.0265625,-294.3855625,-173.3590625,-155.667375,18.3829375,-287.7081875,31.0516875,-355.84575,-100.431625,12.2671875,-31.7008125,-12.8525,24.326875,-245.030625,-39.2423125,86.650875,-58.6763125,-86.8869375,-71.9353125,-14.2510625,-270.99425
5.11946984037395,96.029,-239.6545,-194.9085625,-233.7893125,205.108625,188.31225,28.3946875,-119.3916875,-248.1140625,-26.6323125,23.805,-223.82575,-79.0165625,-1.292,71.42425,195.0605,-406.6569375,-28.1113125,-143.121375,-122.7776875,-227.9338125,164.025625,-129.42175,-59.354875,243.205625,-214.60775,141.5721875,-59.662375,-494.1001875,-46.9863125,-58.03825,372.423,-83.1816875,-383.9195625,-307.1460625,-287.319875,-611.8948125,-262.5779375,-116.9410625,-71.28175,52.1628125,-122.4895625,-144.5525625,-305.056625,-199.3485,-46.534875,-254.6605625,71.25475,-107.6635,-91.041875,94.711375,0.8671875,345.693375,90.815875,-208.561375,-62.4725625,-145.21075,-194.7813125,-325.0624375,-124.1775625,-296.3351875,-558.06625,-1.9035625,-412.7366875,-51.9915625,-11.3326875,-255.1791875,63.2288125,-177.125625,-223.89275,-77.0428125,-68.38425,49.044375,67.1875625,50.21625,-96.1059375,-461.6335,-192.6431875,36.603625,-178.4653125,-151.871375,-54.263875,-31.683625,196.7740625,-94.8714375,-668.2030625,-162.06075,-314.997875,-36.9925625,-132.8624375,-184.0721875,60.0348125,-35.9720625,-254.7435,202.780875,-37.812,-187.4625625,-12.6718125,-10.74775,-257.0975,-74.3660625,-199.32075,60.6418125,220.759875,-267.7163125,-171.8168125,-83.1145,71.8108125,86.8751875,-53.0495625,-318.1723125,-145.287875,-157.9650625,-6.1785625,-275.7145625,16.136,-312.4708125,-118.871,34.876625,-40.08725,12.659375,-9.738375,-237.2293125,-2.7210625,47.52075,-104.597375,-144.2091875,-132.4699375,-37.41025,-266.848625
5.123542363096019,78.7445,-192.4736875,-198.7485625,-216.1218125,245.9229375,103.7009375,61.097375,-103.5125,-220.1628125,-11.493875,-4.7164375,-233.6013125,17.424625,-48.206125,156.8658125,201.631,-402.512,-66.8535,-113.7164375,-157.8335625,-212.8323125,196.5861875,-100.582625,-107.9313125,195.30725,-199.2304375,72.114125,-77.847625,-468.2163125,-74.045625,-7.3035,384.883875,-52.1325,-327.2021875,-382.5548125,-268.3995,-653.3240625,-268.3083125,-117.2465,-36.3631875,41.912375,-50.3016875,-158.5356875,-356.6859375,-202.9875,27.4564375,-216.0965,47.487375,-87.5979375,-82.7716875,104.7936875,-3.1495,326.93825,87.727625,-224.2416875,-75.776875,-119.9053125,-148.65,-307.32225,-127.1523125,-323.5685,-584.1955,-49.9006875,-441.6498125,13.378125,-12.9031875,-252.132875,22.6240625,-216.013625,-157.9245625,-56.7736875,-74.1566875,23.8985,27.2991875,87.5958125,-88.4991875,-417.6495,-220.8268125,0.122375,-136.7676875,-184.46575,-32.448125,-44.782625,246.3415625,-90.8525625,-722.290375,-188.1613125,-323.16,13.7148125,-122.6663125,-185.0130625,38.8745,18.58975,-236.02525,184.8494375,-105.78,-166.6165625,-85.2358125,-22.7294375,-298.48375,-96.9116875,-207.727625,40.3449375,237.235,-273.032375,-227.0664375,-62.835875,54.15575,91.2099375,-88.8551875,-338.16225,-108.8050625,-145.0011875,-32.181875,-263.57175,5.059,-283.6881875,-138.3918125,65.4788125,-32.819875,29.6413125,-59.38225,-244.05575,0.4476875,6.4085,-140.8010625,-187.504625,-179.7335625,-73.02375,-259.546
5.127614885818102,38.170625,-160.312125,-202.9989375,-197.0123125,248.4075,13.3363125,84.1431875,-83.477375,-166.461,-20.409125,-53.1650625,-227.85525,83.933,-94.4705,236.615625,166.5195625,-387.3156875,-129.1250625,-106.547125,-212.5954375,-185.424625,210.492375,-97.033,-142.1123125,145.8026875,-179.8468125,23.826125,-76.2904375,-438.6221875,-123.1664375,37.1518125,407.00125,-15.4945625,-245.64725,-445.652375,-207.0126875,-693.3379375,-275.012375,-107.9331875,-24.9471875,26.6496875,8.11825,-185.0556875,-385.9905625,-186.0215625,82.3311875,-177.1798125,30.3644375,-80.3285625,-83.0884375,126.6483125,-15.1645,294.9436875,76.2244375,-233.3708125,-83.700125,-115.3615625,-117.2965625,-307.8053125,-128.9146875,-356.697625,-594.716125,-79.78525,-458.301375,57.9895,-33.058375,-236.8266875,-17.608625,-242.6994375,-94.705375,-22.12425,-71.1453125,1.0539375,-25.1096875,109.621375,-88.401125,-371.3894375,-243.1936875,-32.7458125,-127.665,-224.9836875,-1.907625,-52.4144375,287.4421875,-80.5485625,-756.4949375,-192.3324375,-292.316,67.4023125,-123.50975,-178.8270625,32.7990625,60.0781875,-225.814125,169.5968125,-148.389,-146.110125,-147.84825,-40.7763125,-344.1689375,-99.9373125,-228.3745625,24.1206875,235.279625,-286.7595625,-249.830125,-43.672,56.298125,87.686875,-120.3015625,-338.0708125,-75.0815,-122.93325,-53.794125,-250.7966875,-4.1315625,-277.1653125,-155.0704375,97.8475,-11.483875,43.024,-112.1479375,-259.9593125,-29.4728125,-27.5439375,-159.07225,-216.217375,-203.4105625,-113.8403125,-244.5723125
5.131687408540171,-14.574375,-138.93375,-200.0063125,-189.78525,220.0984375,-83.15225,88.6763125,-69.2659375,-93.0898125,-49.6026875,-115.2939375,-213.6869375,112.935625,-123.118125,290.3695,101.0525625,-365.0523125,-203.1250625,-125.8853125,-270.3075,-141.22325,213.3259375,-123.353625,-153.3156875,106.2865,-151.2853125,-2.2955,-49.2691875,-403.081625,-192.112,64.2766875,436.6784375,33.682875,-155.306875,-496.1483125,-118.2739375,-716.9970625,-269.5793125,-87.2959375,-32.972875,16.45675,42.5219375,-218.5258125,-392.7360625,-157.4899375,119.534,-136.6085625,20.0005625,-83.7011875,-90.8849375,156.0874375,-37.4899375,264.586125,50.69625,-246.5019375,-88.582625,-134.9325625,-98.4535625,-318.266875,-127.648375,-383.5019375,-584.5664375,-87.4721875,-464.0120625,73.9524375,-64.9468125,-225.01175,-42.2940625,-267.1339375,-43.8,9.2091875,-71.1806875,-11.41725,-78.7378125,116.086375,-93.18975,-314.1161875,-250.69875,-58.3513125,-143.577625,-268.0203125,34.188625,-58.289375,325.7253125,-65.0900625,-765.4995,-178.7065,-231.566875,119.479625,-126.4863125,-171.7469375,46.9115625,84.0575,-221.3485,147.2814375,-156.2845,-117.507,-194.3215,-68.1113125,-381.6948125,-79.4746875,-259.173125,10.9678125,212.8776875,-312.035875,-233.8483125,-34.30475,72.450375,75.6760625,-136.11775,-308.433625,-48.9691875,-98.529125,-74.95475,-236.79725,-16.1178125,-287.952125,-169.1933125,121.7990625,11.4004375,54.6165,-160.531375,-277.5704375,-81.6338125,-49.4050625,-157.2174375,-238.652125,-203.572125,-157.2265,-220.2154375
5.135759931262254,-58.5355,-120.55225,-186.9043125,-201.1145625,182.2724375,-176.33775,71.8819375,-70.4094375,-13.591375,-88.46925,-179.1269375,-199.994125,116.465625,-123.699125,313.0125625,22.9409375,-340.4059375,-271.097875,-168.0344375,-316.012125,-83.9856875,207.5798125,-166.2554375,-139.3578125,80.3711875,-113.38975,-10.0706875,-3.1749375,-362.4176875,-267.9734375,68.012875,464.8671875,85.081875,-72.054,-527.7788125,-29.4484375,-712.496,-240.165875,-58.826875,-54.485125,12.103875,43.7920625,-251.8300625,-381.9836875,-120.389125,149.7981875,-99.8895,19.078625,-93.5395625,-104.46525,180.62875,-63.13225,248.2186875,13.7715,-268.9361875,-89.86975,-173.006375,-91.6549375,-322.007125,-123.2015,-398.11075,-558.3786875,-83.3675625,-457.7945,60.2508125,-85.46725,-225.459375,-44.6159375,-292.4738125,-11.018875,31.8335,-83.531625,-2.545125,-126.7106875,113.184375,-96.6038125,-243.843375,-240.6138125,-75.4944375,-170.2078125,-310.575375,66.30975,-66.8570625,350.9388125,-48.917375,-747.4474375,-154.53125,-167.1059375,167.6998125,-122.3466875,-166.6669375,72.576125,86.7074375,-221.9535625,110.605625,-140.3336875,-76.1194375,-221.0255,-102.9456875,-396.1128125,-36.7489375,-293.0324375,1.7041875,174.01325,-332.8885625,-186.3895,-34.4370625,86.135375,57.93075,-131.7114375,-254.1199375,-31.1269375,-78.3576875,-103.049,-221.4335625,-28.77775,-300.2491875,-182.9105625,129.6625625,23.38725,63.7548125,-198.3265625,-286.884875,-131.5858125,-53.7310625,-139.674625,-264.6379375,-192.135875,-200.0573125,-187.6981875
5.139832453984323,-78.7605625,-103.4535625,-168.51325,-224.809375,161.3793125,-249.8063125,42.4563125,-87.8836875,58.351625,-122.9964375,-232.510875,-197.541625,118.3394375,-101.1025625,312.881375,-50.4354375,-315.663625,-318.235625,-223.679625,-341.564875,-25.92025,195.442375,-207.365375,-109.904,65.8338125,-76.4975625,-6.6425625,46.4494375,-324.7358125,-332.7399375,60.118,482.76175,124.6199375,-5.7033125,-537.151,38.382375,-676.379375,-191.269625,-28.6074375,-79.4995625,-0.5298125,11.7124375,-278.8623125,-361.620875,-76.2491875,180.1403125,-78.71525,21.274125,-103.9574375,-121.6790625,188.4100625,-80.7261875,246.1455,-25.0938125,-296.1788125,-83.1274375,-212.086125,-98.1015,-307.117875,-115.151375,-400.8389375,-522.4454375,-83.812,-441.5861875,21.692625,-77.6753125,-231.553875,-26.67625,-315.0639375,4.917375,48.0820625,-111.34675,31.19325,-163.9900625,104.9323125,-99.0825,-167.6905,-217.6879375,-87.27025,-193.5226875,-346.1088125,85.366375,-79.848375,350.927375,-31.409875,-704.8968125,-128.2590625,-120.1163125,209.6400625,-106.3823125,-163.192875,92.5338125,66.1018125,-228.223625,60.0505,-122.3871875,-25.045625,-227.4664375,-140.41375,-382.218375,17.0365,-329.9406875,-2.2415,125.0423125,-332.0176875,-119.2328125,-36.6541875,82.8246875,39.2294375,-110.4368125,-192.071625,-20.691625,-66.988625,-140.5945625,-203.7895,-35.8324375,-301.3336875,-193.1373125,119.0080625,19.2478125,68.3025625,-217.4259375,-286.4673125,-154.487625,-37.5548125,-114.176125,-296.0614375,-183.512375,-237.4030625,-146.4429375
5.1439049767064065,-70.7255,-91.9909375,-153.28475,-248.9259375,172.8556875,-293.5071875,16.907875,-112.9650625,118.46675,-141.6543125,-267.1233125,-210.32625,138.0375625,-69.38575,299.7043125,-104.8575,-291.1415,-337.5371875,-280.8636875,-349.068375,18.80675,183.7694375,-233.9465625,-78.5940625,57.3919375,-54.9329375,-2.90625,90.61025,-297.32825,-372.684,59.990375,484.702375,149.347625,44.5248125,-530.150875,80.990375,-620.0399375,-138.234125,0.66825,-92.115125,-37.4475,-40.873125,-293.4535625,-341.084875,-33.18525,206.7,-76.8665,16.5176875,-111.4325625,-138.8269375,178.8691875,-84.312625,249.0150625,-58.610375,-312.7649375,-67.407,-234.6878125,-118.479,-279.062875,-98.6475,-395.4701875,-478.2714375,-97.6379375,-422.777125,-27.4758125,-42.33425,-230.59725,0.5729375,-332.2346875,6.889875,62.0096875,-151.356,87.237625,-182.0645625,84.1190625,-104.9999375,-95.92525,-187.7656875,-96.518875,-208.39875,-364.548,86.7178125,-99.7223125,330.8194375,-4.8238125,-648.22875,-104.84275,-96.52025,243.1073125,-82.8681875,-161.7424375,96.1776875,18.93225,-246.7639375,3.38425,-119.3335,27.19425,-219.4204375,-175.2996875,-348.9965,63.0716875,-372.5680625,-2.59025,74.722625,-306.2125625,-46.7745,-30.8683125,58.7200625,24.119,-81.30925,-137.929125,-16.2650625,-61.1449375,-183.0221875,-181.7975625,-38.4639375,-294.0945,-189.8316875,95.5590625,0.5386875,64.390875,-207.98325,-286.7315625,-144.037375,-10.1265625,-92.8255625,-324.029,-180.9321875,-263.093625,-98.5390625
5.14797749942849,-37.474,-94.2166875,-149.2591875,-266.2530625,213.5169375,-305.901375,8.790375,-133.8070625,175.2986875,-141.70875,-279.6858125,-230.370375,177.326375,-39.7829375,275.0221875,-130.9608125,-269.110875,-331.192875,-332.87575,-350.466375,43.819875,180.1873125,-240.4735625,-52.292875,48.0358125,-52.959625,-11.256875,129.2733125,-276.62225,-387.162875,76.63875,469.314,167.0291875,85.876,-516.241,107.238,-565.725875,-94.5428125,27.073625,-79.0330625,-99.1014375,-90.0254375,-292.5954375,-330.878,-1.27175,219.7258125,-86.975125,2.6115625,-119.899,-152.6139375,160.701625,-77.1613125,246.669875,-86.82675,-295.9396875,-48.5686875,-235.8713125,-150.9169375,-255.239125,-66.89425,-388.5733125,-429.1895,-119.6920625,-408.2801875,-61.664,5.812125,-218.994875,26.8544375,-346.3111875,-4.3731875,79.7788125,-197.8558125,162.49725,-176.3705,35.08425,-114.95225,-43.0243125,-157.6438125,-102.75425,-218.1983125,-360.86725,69.9285625,-127.0599375,302.666875,33.2101875,-596.07075,-87.6648125,-90.9229375,263.173875,-65.7048125,-163.884875,88.0329375,-55.630625,-290.2404375,-45.198625,-131.517875,68.3164375,-203.9003125,-199.6185625,-312.6225625,89.3386875,-416.9293125,-3.955625,31.14125,-261.666625,12.6294375,-9.9775,22.8294375,13.3504375,-54.853,-93.025375,-17.465625,-52.0645,-217.6026875,-153.5665625,-42.298875,-294.064375,-168.013375,73.5925625,-26.4974375,49.7865,-168.4096875,-297.8585,-117.395375,8.18,-88.8855,-339.4488125,-176.3429375,-270.8749375,-52.6203125
5.152050022150559,9.976875,-116.96675,-162.789125,-279.7926875,267.064625,-290.3591875,20.293125,-140.345375,241.7706875,-130.9824375,-272.8229375,-245.205875,223.6656875,-14.076875,232.028875,-127.44625,-250.3531875,-311.497,-380.5604375,-360.2280625,49.9760625,184.3316875,-226.3900625,-30.3925,32.1514375,-56.485125,-43.8858125,162.14725,-251.1870625,-383.268,107.0188125,439.525375,183.5785625,121.49925,-502.689125,126.551125,-531.3955625,-66.66925,49.061875,-38.5105,-165.4165,-112.4891875,-281.3525625,-333.4754375,16.8615625,213.9081875,-101.8446875,-14.0254375,-132.961,-163.35575,139.8101875,-66.8290625,231.99425,-111.406625,-231.69275,-35.61875,-223.682625,-189.6830625,-244.9394375,-16.103,-384.1818125,-379.147125,-134.9360625,-401.378125,-60.300875,44.697,-204.46475,53.014625,-358.984125,-24.522875,107.2571875,-241.3050625,248.9301875,-155.7114375,-49.4031875,-131.606625,-22.872875,-137.820375,-102.7759375,-230.5034375,-339.578625,37.908,-156.6128125,265.85525,73.9628125,-565.2193125,-83.1844375,-94.390125,263.05,-69.464125,-165.7094375,76.51375,-144.6685,-365.84175,-71.0055,-149.7368125,88.52575,-188.851875,-203.6664375,-285.6629375,93.27275,-455.4896875,-12.1516875,-4.7149375,-204.9921875,42.035875,22.298,-13.1038125,2.3369375,-38.467,-46.887625,-28.2089375,-38.039375,-228.704625,-120.3593125,-44.6226875,-309.51425,-137.015375,66.3396875,-56.0309375,26.0704375,-114.8894375,-317.566,-99.7790625,1.7299375,-109.758625,-342.0603125,-162.7299375,-263.429625,-18.1706875
5.156122544872642,57.7805625,-159.095125,-195.242375,-297.0435,314.2834375,-251.828375,42.1931875,-126.72625,316.2473125,-120.6775,-253.3233125,-248.429625,261.6505,13.2405625,165.5468125,-102.0455,-230.2300625,-292.3898125,-423.07825,-383.435,41.3589375,187.8654375,-196.53475,-10.386375,8.6125,-45.0785,-102.8471875,186.72025,-213.5793125,-366.7686875,146.7416875,397.59075,196.608125,146.739,-496.4715,139.5954375,-523.6360625,-56.289875,69.708625,21.6123125,-209.2224375,-102.77575,-271.493,-337.7610625,25.2035,190.1256875,-121.8566875,-24.215125,-144.5828125,-172.2385625,115.763875,-60.5225,198.038625,-130.1239375,-129.4786875,-33.791,-210.3635625,-227.0274375,-240.67,47.2208125,-380.5455625,-326.4996875,-132.3745625,-400.6531875,-24.365,59.7523125,-197.4259375,89.9133125,-369.335625,-42.162125,139.0909375,-268.0054375,327.6145,-134.78675,-155.678125,-160.776875,-38.0560625,-141.518625,-94.4954375,-252.121,-310.0915625,-2.498875,-179.826625,213.6175625,106.0714375,-557.0874375,-95.7709375,-98.10275,240.420375,-95.8044375,-156.918125,62.7051875,-226.7331875,-464.8648125,-66.6685,-164.570375,90.717125,-181.92625,-184.29525,-267.2985,75.4188125,-483.7426875,-31.0485,-34.927,-139.555625,36.390125,51.295125,-41.8183125,-14.7115625,-31.669625,7.595,-53.0366875,-31.04775,-211.598,-89.1124375,-37.861375,-327.557875,-113.9306875,76.1499375,-87.903875,-0.58375,-69.6619375,-333.97,-106.300625,-28.8824375,-153.4819375,-340.45875,-143.260375,-255.064875,-0.6345625
5.160195067594711,99.1748125,-212.6475625,-241.7153125,-318.256125,344.6173125,-197.48225,62.6739375,-96.7461875,377.0765625,-114.6644375,-229.5128125,-241.911375,278.2765,46.4311875,80.687375,-68.187,-203.8066875,-276.4535625,-451.6859375,-414.01375,23.4600625,185.2496875,-162.6780625,6.1856875,-17.28075,-13.03075,-174.7446875,199.5299375,-166.3949375,-343.193625,196.1596875,342.0041875,203.3834375,154.15975,-503.2024375,139.367875,-537.854125,-62.9039375,93.517875,90.977125,-219.3675625,-74.8059375,-272.776,-328.5041875,23.3589375,151.695,-152.4473125,-24.146,-149.51525,-176.4921875,91.7740625,-63.7655,141.44375,-139.944875,-17.2775,-42.1119375,-202.688,-254.521125,-231.8865625,105.9408125,-372.2278125,-270.081375,-115.0573125,-398.4999375,28.213625,55.995625,-201.7935,147.13075,-375.656125,-45.8528125,159.8981875,-270.26875,374.0793125,-121.249375,-259.027875,-201.6735,-81.0206875,-176.8405625,-82.6463125,-280.525875,-281.032375,-42.53375,-185.8041875,148.6686875,122.2769375,-556.5560625,-117.43675,-91.892375,198.07975,-129.2211875,-132.282125,47.2374375,-289.8423125,-566.17275,-33.76925,-166.4484375,88.07675,-181.5228125,-147.351125,-246.2006875,40.9996875,-498.6415625,-57.773375,-58.539625,-68.66,9.4516875,60.643875,-57.2986875,-37.8135625,-29.3671875,61.4223125,-88.205,-46.22175,-177.945625,-70.6048125,-24.85775,-323.2493125,-107.4475,94.3701875,-123.801875,-19.4985,-45.43025,-335.973625,-133.2835,-70.3881875,-207.27675,-343.2510625,-126.114,-257.805625,-0.683
5.164267590316794,129.756125,-270.1350625,-289.7773125,-336.7163125,357.2955625,-139.1019375,76.0113125,-66.7838125,405.2369375,-107.932375,-209.7191875,-231.592125,267.700875,79.957625,-6.9626875,-39.2544375,-171.92575,-259.6679375,-457.976125,-446.3991875,-0.0531875,178.5605,-138.9809375,14.4395625,-38.0463125,28.361625,-241.7143125,197.5791875,-117.0874375,-319.8545,252.4304375,272.0880625,207.466875,141.57425,-519.88375,119.622125,-556.8543125,-82.2586875,119.9403125,157.758875,-208.272875,-46.6405625,-283.6746875,-299.049625,2.1098125,106.2021875,-198.934,-20.2765,-154.4026875,-170.48525,77.492875,-81.4798125,69.3573125,-139.908625,75.3398125,-57.9009375,-204.0991875,-266.20025,-214.7533125,147.4484375,-354.5826875,-214.9219375,-94.2265625,-388.4689375,78.6329375,49.3669375,-209.8569375,221.3676875,-375.3861875,-31.62,158.3249375,-252.880875,370.5093125,-116.4230625,-345.961125,-246.808125,-141.9910625,-234.6605,-78.1716875,-302.5905,-256.9005625,-73.9301875,-167.846625,81.2345,120.9030625,-546.998875,-134.4525625,-70.0891875,139.315375,-145.0909375,-100.2679375,37.355375,-339.31225,-648.45375,22.1685,-150.82875,88.056125,-179.592375,-101.8380625,-215.1000625,0.5960625,-492.723875,-83.141875,-72.875,-0.5288125,-15.2555625,40.8598125,-56.623375,-54.43325,-28.0585,95.7955625,-123.3498125,-86.4721875,-147.665375,-73.2336875,-20.0015,-282.099625,-110.77025,108.837625,-162.420125,-21.4135,-41.431125,-319.4744375,-163.65075,-106.41625,-252.45275,-347.546625,-116.422,-268.3135,-14.4791875
5.168340113038863,138.397875,-329.2333125,-324.4731875,-346.7526875,352.9328125,-89.9111875,83.18225,-53.9655625,398.88675,-96.707125,-199.65975,-219.49425,237.6768125,100.7923125,-76.0801875,-23.6688125,-141.284375,-245.80225,-445.6620625,-483.4598125,-28.1295625,169.717125,-132.6348125,13.550625,-51.7045,63.6986875,-291.477125,185.9864375,-74.701,-303.798,298.7845625,192.1194375,213.0499375,113.5828125,-533.9786875,79.652875,-560.252625,-105.3268125,144.2619375,208.388625,-192.214875,-28.7031875,-291.4503125,-254.3148125,-45.4189375,64.2846875,-258.1346875,-25.8274375,-168.9628125,-151.2391875,77.511125,-114.7405625,-1.6978125,-132.643625,128.26825,-77.8361875,-218.5768125,-266.7015625,-186.7553125,171.0291875,-328.9465625,-169.3809375,-77.09675,-376.0219375,116.3091875,50.1806875,-207.5579375,297.0471875,-367.4655,-1.7885,134.9321875,-225.8086875,315.8451875,-117.3578125,-419.4085,-289.701875,-209.7198125,-290.9326875,-89.76125,-305.7278125,-235.702625,-87.610875,-133.9485625,17.996375,101.3685,-521.2749375,-141.6726875,-37.6538125,64.9621875,-129.185875,-74.3678125,40.318,-384.5454375,-696.6695,97.3524375,-124.0738125,82.83,-174.8161875,-58.8681875,-177.614875,-36.670625,-459.2010625,-101.8666875,-79.5375625,51.4510625,-23.741875,-4.949625,-44.254875,-41.896125,-26.7320625,100.65325,-150.1533125,-138.2135,-134.3668125,-94.7385,-30.4470625,-213.7699375,-114.6549375,111.6356875,-202.061375,-4.34975,-47.2031875,-287.7495,-180.933125,-126.8399375,-275.507625,-345.7185,-116.029375,-274.016375,-35.458375
5.172412635760947,118.6400625,-387.465625,-339.409875,-344.0158125,330.9750625,-58.4654375,87.9378125,-62.707375,363.953625,-83.8096875,-196.95575,-200.81475,204.221875,102.0350625,-109.56175,-22.8429375,-119.89925,-242.411625,-427.9794375,-529.0715,-58.2140625,152.322875,-139.932625,8.7259375,-61.516375,83.020375,-316.27275,177.0566875,-51.422,-299.243875,314.0006875,109.6845625,220.0565,79.2169375,-534.9130625,23.7059375,-540.087875,-121.447875,160.606875,231.908375,-178.0074375,-22.8829375,-283.0950625,-205.2095625,-111.6013125,30.3575625,-312.603125,-47.7775625,-192.94325,-116.1501875,82.6363125,-156.7848125,-56.3728125,-123.6845,137.27075,-95.2600625,-245.175125,-269.2446875,-146.8069375,181.9039375,-299.629625,-141.79975,-64.10975,-376.036,137.48225,59.9491875,-190.7311875,358.48825,-352.833625,36.932125,101.65325,-196.1831875,225.280875,-113.9824375,-485.374,-328.777375,-270.2036875,-323.28525,-119.278375,-287.2285,-212.959625,-76.9894375,-105.0271875,-38.9830625,58.3963125,-479.8065625,-139.625875,-6.45925,-19.407625,-89.9343125,-57.4695,54.0964375,-425.6130625,-706.1654375,190.4856875,-97.1343125,59.2014375,-171.3625,-30.640625,-141.1651875,-68.8691875,-403.0829375,-116.47625,-86.0185,72.8744375,-17.1716875,-62.843,-30.159625,12.05125,-25.7575625,77.26275,-165.2525,-181.8619375,-134.908375,-118.25925,-45.398625,-145.1650625,-117.907,102.9916875,-241.296125,28.655125,-51.399,-246.257125,-179.0084375,-131.818875,-275.3973125,-338.684125,-126.5913125,-270.7049375,-59.2769375
5.17648515848303,86.2006875,-432.90875,-335.9499375,-323.0254375,290.5855,-44.4323125,92.8765625,-86.6076875,307.685375,-73.873625,-189.761125,-170.9043125,179.0894375,89.9648125,-108.7214375,-29.93325,-113.05675,-248.56475,-415.25675,-575.383875,-82.918125,118.4683125,-150.773875,4.531125,-71.2821875,87.0555625,-312.513125,176.5839375,-53.5015625,-305.8313125,292.760875,32.2619375,226.6970625,49.18775,-521.1540625,-41.1168125,-503.101625,-125.813375,162.5205625,226.11625,-167.2945,-24.964,-254.91725,-164.7903125,-175.990375,0.654375,-342.11425,-78.1749375,-214.7255625,-60.082875,77.9414375,-195.807,-89.2404375,-116.0878125,114.27325,-102.147875,-274.08075,-279.4449375,-103.136625,185.9151875,-264.8208125,-134.6981875,-53.949875,-397.716875,143.4520625,78.294125,-173.9661875,400.297875,-330.1816875,73.3920625,72.409,-166.656375,119.8956875,-96.422375,-540.453625,-363.7605625,-309.14475,-321.195125,-164.5998125,-257.853,-189.0016875,-45.30775,-99.1844375,-87.564,-11.65025,-429.6535,-126.8333125,12.210875,-97.097375,-47.7285,-38.663125,69.558,-454.8485625,-685.27675,293.769125,-76.012875,13.7568125,-171.189625,-20.4230625,-109.0223125,-98.6941875,-335.1521875,-125.3784375,-100.3174375,57.46325,-3.8485,-116.599375,-25.1113125,94.5155625,-22.8746875,29.5614375,-170.10275,-205.625875,-133.22025,-122.615125,-53.2870625,-101.836875,-120.470375,88.328625,-275.7528125,73.9616875,-48.3855,-200.77575,-164.369125,-126.154,-264.9825625,-329.34275,-148.201875,-264.773875,-83.819375
5.180557681205099,70.767375,-448.634,-315.041875,-282.3104375,232.07075,-40.864125,96.756375,-113.252125,244.3185625,-69.9018125,-167.49175,-132.1828125,165.39675,76.43625,-92.987125,-33.38075,-122.258,-257.2881875,-406.3289375,-602.53,-92.696,72.2675,-152.73475,1.141875,-84.0725625,86.8745625,-285.283,183.730375,-71.1525625,-315.3861875,246.49225,-33.8195625,231.5613125,31.19,-497.5194375,-107.2446875,-462.9339375,-126.39125,148.0533125,200.213875,-160.7104375,-30.0039375,-209.4756875,-146.8459375,-214.4336875,-27.5565,-343.0875625,-101.3391875,-220.860875,12.245,59.870375,-224.1841875,-102.982375,-108.1781875,77.935875,-93.9769375,-293.5083125,-287.7969375,-73.0359375,184.78125,-222.5054375,-142.093625,-47.192125,-433.2740625,142.3356875,101.914125,-177.69525,427.9975625,-292.985875,96.9095,48.477875,-133.624375,18.7534375,-64.8683125,-572.9769375,-391.6194375,-317.978125,-287.4860625,-221.1511875,-240.8535,-173.4361875,-7.5296875,-116.8275,-123.4214375,-99.90575,-383.9424375,-105.284375,16.8993125,-151.1960625,-19.995125,-3.772125,79.706875,-465.428375,-647.376125,381.7096875,-59.8475625,-42.436125,-173.0314375,-17.96325,-77.8800625,-126.5515,-260.7295,-117.88575,-126.462,14.0546875,9.1603125,-151.529375,-39.3371875,181.4455625,-11.87675,-35.4648125,-167.6603125,-207.3450625,-115.1948125,-98.728625,-56.0429375,-96.8206875,-120.192625,69.262375,-299.2236875,126.47125,-34.9070625,-157.417625,-151.3648125,-115.0514375,-262.1051875,-309.94625,-178.294125,-257.2184375,-101.6556875
5.184630203927182,87.3579375,-427.3048125,-280.90425,-227.45475,162.7845625,-44.5645,96.62075,-127.5985625,193.8786875,-72.8024375,-130.74775,-91.9858125,159.421625,66.807875,-83.66625,-21.5963125,-145.5110625,-263.82175,-390.5633125,-593.999,-82.763375,26.998375,-134.0225,-0.3539375,-101.548625,91.8631875,-248.47125,199.504625,-84.7776875,-316.1215,189.673125,-83.66625,234.6775625,26.3283125,-469.7593125,-165.003,-432.6004375,-135.687125,127.2043125,167.0136875,-159.7925625,-33.39325,-150.13225,-159.31075,-211.1018125,-52.8311875,-331.97975,-107.6361875,-204.5095625,80.7194375,36.87075,-246.13875,-104.893,-95.1833125,43.272625,-70.7480625,-300.0650625,-279.443875,-67.8575,173.8236875,-182.545,-153.20425,-47.3365625,-463.7324375,143.9183125,120.025625,-206.6323125,449.2918125,-236.8858125,101.590875,16.6856875,-94.0356875,-64.8805,-30.3593125,-575.110375,-406.9615,-302.4889375,-234.5671875,-282.258625,-254.928375,-180.711375,18.3601875,-139.9331875,-145.1236875,-187.275,-356.48475,-82.07075,17.5721875,-180.6586875,-15.3145,49.751875,81.8258125,-455.87475,-599.886125,423.1845625,-44.72825,-90.17525,-175.35275,-6.8560625,-39.88175,-145.738375,-183.6593125,-85.692125,-161.7260625,-40.087375,19.9219375,-157.9511875,-79.70275,252.3078125,7.671125,-106.028,-157.8900625,-192.7750625,-78.1576875,-53.6835625,-58.785875,-131.09325,-121.133375,38.944125,-310.7506875,177.10075,-7.1835625,-120.156875,-150.56675,-104.804625,-272.06275,-270.292375,-218.0798125,-239.977125,-101.7015625
5.188702726649251,123.9305625,-374.6985,-247.782,-162.91075,97.0515,-60.694625,91.67975,-124.7059375,167.5645625,-77.280375,-88.7379375,-54.84675,154.8420625,56.0544375,-92.848125,13.8771875,-175.464875,-266.093375,-358.539125,-548.8760625,-59.03625,-8.28575,-90.3378125,5.547125,-125.6233125,103.5281875,-218.8394375,222.6329375,-77.729375,-301.9796875,136.7765,-117.076,235.302375,28.917125,-439.7514375,-202.717875,-414.871625,-153.965375,117.368375,133.9140625,-168.04575,-29.513,-83.4456875,-193.03225,-172.7805,-71.86825,-330.396625,-101.5565,-170.8289375,127.4350625,15.695375,-272.6095625,-105.9421875,-73.3396875,19.757125,-34.0544375,-295.9040625,-249.204,-78.3674375,147.6861875,-159.031875,-156.78225,-58.866875,-477.5626875,150.7645,119.615375,-247.449375,462.1926875,-172.100125,86.071375,-36.4110625,-56.126,-129.6894375,-8.46975,-545.707125,-405.6634375,-281.3381875,-178.1948125,-338.9515625,-295.461375,-217.0325,22.8343125,-146.46575,-158.7365,-254.624125,-354.642875,-60.89475,25.7149375,-198.4073125,-29.8384375,107.2375625,75.8440625,-428.93625,-543.3455625,405.403375,-24.9374375,-113.359625,-178.6793125,22.3556875,11.759625,-145.591125,-115.51525,-34.814,-198.639,-92.6073125,29.599,-138.8751875,-138.6896875,290.9629375,26.356125,-171.8053125,-139.3253125,-174.9410625,-26.2421875,-2.4456875,-59.8331875,-194.822125,-133.2408125,-12.150375,-318.163625,215.9916875,33.8503125,-90.3410625,-161.2568125,-98.7459375,-286.945625,-214.2284375,-272.83175,-211.0559375,-81.2946875
5.192775249371334,158.9624375,-304.3841875,-230.1338125,-88.477875,49.9568125,-91.6864375,79.38675,-116.0466875,161.7436875,-73.041875,-52.372875,-22.28775,147.1071875,37.7309375,-122.0839375,69.85125,-201.7046875,-260.3205,-307.798375,-479.3704375,-34.1254375,-32.1818125,-30.065,24.4025625,-154.844625,121.9741875,-204.9311875,244.1695625,-46.7758125,-271.707,99.3019375,-139.1100625,229.7885625,31.67775,-407.9125,-215.3529375,-400.4653125,-170.362875,128.2091875,106.12625,-186.3720625,-14.304125,-22.9548125,-227.024,-125.43225,-78.5876875,-350.6805,-99.94275,-135.8464375,153.3266875,-2.8359375,-309.724875,-116.1323125,-47.709375,13.016875,16.2796875,-278.8558125,-206.093125,-80.5565,109.114,-156.91225,-148.5128125,-81.72325,-479.3819375,155.82275,98.028875,-281.601,457.3024375,-120.89,55.6955625,-110.27225,-30.6585,-185.3554375,-9.3530625,-488.589125,-390.6226875,-271.8969375,-131.7328125,-380.6383125,-339.8579375,-273.485875,10.1720625,-127.4898125,-172.8565625,-290.2911875,-373.978875,-41.2445,46.776125,-214.769125,-50.011125,148.969625,65.22025,-392.200875,-482.8703125,339.1308125,7.4090625,-105.876875,-186.0764375,65.669,77.736875,-120.3129375,-76.438125,15.1148125,-232.5375625,-137.376125,38.05425,-108.4306875,-190.398875,286.3995625,39.101,-231.6730625,-112.398375,-164.5055,35.03125,40.1731875,-57.648625,-268.1093125,-160.9784375,-81.7273125,-331.7353125,237.5775,80.6098125,-70.3721875,-176.20975,-96.5361875,-297.8968125,-159.2204375,-339.64325,-178.8255625,-51.1873125
